author,content,filename,org_name,original_rating,pdf_link,publish_time,rating_adjust_mark_type,rating_changes,report_id,save_path,stock_code,stock_name,title,extracted_forecasts,PE_2年前,PE_1年前,PE_当年,PE_明年,PE_后年,PE_大后年,EPS_2年前,EPS_1年前,EPS_当年,EPS_明年,EPS_后年,EPS_大后年
杜向阳,事件：2025年前三季度，公司实现营业收入20.63亿元（+2.24%）；实现归母净利润0.49亿元（-86.00%）；实现扣非归母净利润0.28亿元（-90.82%）。营业成本攀升、研发投入加大、政府补助减少致利润短期承压。分季度来看，公司2025Q1/Q2/Q3单季度营业收入分别为6.5/7.5/6.7亿元（同比+42.9%/-0.5%/-17.7%），实现归母净利润分别为0.22/0.15/0.12亿元（同比-58.5%/-86.4%/-93.7%），利润承压主要系营业成本激增至5.4亿元（+61.7%），研发费用激增至4.2亿元（+34.7%），叠加政府补助减少致其他收益减少50.0%。国际化战略成效显著，海外收入同比大增324%。报告期内，康泰生物持续推进国际化战略，通过产品认证与市场准入加速海外业务拓展。其13价肺炎球菌多糖结合疫苗先后获得土耳其GMP认证、印度尼西亚注册证及尼加拉瓜注册证书；水痘减毒活疫苗在巴基斯坦获批，标志着公司在欧亚、拉美及南亚市场的布局取得突破。年初至报告期末，海外业务收入达4189.56万元，同比大幅增长324.3%，显示国际化成效显著。国内业务方面，公司通过优化产品结构（如部分研发项目进入Ⅲ期临床阶段）强化竞争力，但未披露具体销售数据变化。整体来看，报告期公司通过多元化区域布局推动主营业务全球化进程。在研管线丰富，创新赋能发展。报告期内研发费用达4.2亿元（+34.7%），研发费用率20.36%（+4.91pp），公司以研发为导向，在研管线梯次分明、品种丰富。公司当前拥有专利90余项，在研品种近30项，其中进入注册程序项目18项。其中四价、三价流感病毒裂解疫苗，吸附破伤风疫苗三个品种已到NDA阶段；口服五价重配轮状病毒减毒活疫苗（Vero细胞）、吸附无细胞百白破（组分）联合疫苗位于Ⅲ期临床阶段，五联苗即将进入III期临床；20价肺炎球菌多糖结合疫苗处于Ⅱ期临床；吸附无细胞百白破灭活脊髓灰质炎联合疫苗、麻腮风联合减毒活疫苗、四价肠道病毒灭活疫苗（Vero细胞）处于Ⅰ期临床。盈利预测：预计公司2025-2027年归母净利润分别为1.32/3.79/4.88亿元，对应PE为143X/50X/39X。风险提示：新产品研发低于预期风险，产品降价风险。,,西南证券,,[None],2025-10-31,,,7399363,pdf_downloads/2025/2025-10-31/300601-康泰生物（300601）：利润短期承压，创新赋能发展.pdf,300601,康泰生物,康泰生物（300601）：利润短期承压，创新赋能发展,"{
    ""forecasts"": [
        {
            ""year"": 2025,
            ""net_profit"": 1.32,
            ""eps"": null,
            ""pe"": 143
        },
        {
            ""year"": 2026,
            ""net_profit"": 3.79,
            ""eps"": null,
            ""pe"": 50
        },
        {
            ""year"": 2027,
            ""net_profit"": 4.88,
            ""eps"": null,
            ""pe"": 39
        }
    ]
}",,,143.0,50.0,39.0,,,,,,,
"程培,宋丽莹","事件:公司2025年前三季度主营收入20,63亿元，同比增长2.24%;归母净利润4915.77万元，同比下降86.0%,主因销售产品结构变化相应的成本增加所致;扣非归母净利润2787.89万元，同比下降90.82%。经营活动产生的现金流量净额3.62亿元，同比增长53.45%，主因销售回款增加所致。2025年第三季度公司单季度主营收入6.71亿元，同比下降17.74%6，2025年的百白破疫苗免疫程序调整影响部分产品销售;归母净利润1162.49万元，同比下降93.74%;扣非归母净利润942.03万元，同比下降94.82%。公司持续推进国际化战略，多重举措拓展海外业务版图。今年前三季度，公司实现海外收入4190万元，同比增长324.27%。2025年6月，13价肺炎球菌多糖结合疫苗获得由土耳其GMP证书。7月公司在印尼实现本土化生产的康泰生物“双载体”13价肺炎疫苗获批上市，意味着康泰生物首个海外技术转移项目正式落地，开启了半成品原液商业出口;8月公司13价肺炎疫苗成品在尼加拉瓜获批上市，开拓了公司在拉美地区的业务布局;9月公司水痘减毒活疫苗成品在巴基斯坦获批上市，进一步拓展了南亚疫苗市场，标志着公司在全球人口前十市场的布局再落一子，对完善公司疫苗产品海外市场布局、推进国际化战略具有积极意义。截至目前，康泰生物国际化版图已覆盖全球20多个国家,针对多个重磅品种的海外注册、商业推广、技术转移等方面,与“一带一路”等人口稠密的区域市场开展广泛合作,未来海外布局有望覆盖全球近半新生人口。持续高水平新品研发，多联多价疫苗处于全球领先地位。2025年前三季度，公司研发费用4.2亿元，同比增长34.74%，研发费用率20.36%,主因部分研发项目进入Ⅲ期临床相应的研发费用增加。多个产品进入关键临床阶段:Sabin 株脊髓灰质炎灭活疫苗(Vero 细胞)获得药品注册证书，五联苗或即将进入II期临床;口服五价重配轮状病毒减毒活疫苗(Vero细胞)处于III期临床、20价肺炎球菌多糖结合疫苗处于I期、Ⅱ期临床;吸附无细胞百破灭活脊髓灰质炎联合疫苗、麻腮风联合减毒活疫苗、四价肠道病毒灭活疫苗(Vero细胞)处于I期临床。此外，公司还前性布局了肺炎克雷伯疫苗带状疱疹疫苗、呼吸道合胞病毒疫苗等创新产品的研发，其中肺炎克雷伯菌是临床中耐药性与致病力极强的细菌之一,对碳青霉烯类抗生素耐药的肺炎克雷伯菌(CRKP)，因其超强的耐药性和致病性，被称为“超级细之王”，公司的前瞻性布局填补了该领域全球空白。投资建议:公司持续推进多个产品研发,狂大疫苗等产品的陆续上市销售为公司贡献业绩增长点，预计公司2025-2027年分别实现归母净利润1.22/4.21/5.10亿元，对应PE分别为151/44/36倍，维持“推荐”评级。风险提示:疫苗降价风险，产品销售不及预期的风险，新品研发失败的风险海外拓展不及预期的风险。",,银河证券,推荐,[None],2025-10-28,,买入,6911178,pdf_downloads/2025/2025-10-28/300601-康泰生物（300601）：2025年三季报点评：海外营收高增长关注多联多价苗研发进展.pdf,300601,康泰生物,康泰生物（300601）：2025年三季报点评：海外营收高增长关注多联多价苗研发进展,"{
    ""forecasts"": [
        {
            ""year"": 2025,
            ""net_profit"": 1.22,
            ""eps"": null,
            ""pe"": 151
        },
        {
            ""year"": 2026,
            ""net_profit"": 4.21,
            ""eps"": null,
            ""pe"": 44
        },
        {
            ""year"": 2027,
            ""net_profit"": 5.10,
            ""eps"": null,
            ""pe"": 36
        }
    ]
}",,,151.0,44.0,36.0,,,,,,,
"程培,宋丽莹","康泰生物(300601)事件：公司2025年前三季度主营收入20.63亿元，同比增长2.24%；归母净利润4915.77万元，同比下降86.0%，主因销售产品结构变化相应的成本增加所致；扣非归母净利润2787.89万元，同比下降90.82%。经营活动产生的现金流量净额3.62亿元，同比增长53.45%，主因销售回款增加所致。2025年第三季度公司单季度主营收入6.71亿元，同比下降17.74%，2025年的百白破疫苗免疫程序调整影响部分产品销售；归母净利润1162.49万元，同比下降93.74%；扣非归母净利润942.03万元，同比下降94.82%。公司持续推进国际化战略，多重举措拓展海外业务版图。今年前三季度，公司实现海外收入4190万元，同比增长324.27%。2025年6月，13价肺炎球菌多糖结合疫苗获得由土耳其GMP证书。7月公司在印尼实现本土化生产的康泰生物“双载体”13价肺炎疫苗获批上市，意味着康泰生物首个海外技术转移项目正式落地，开启了半成品原液商业出口；8月公司13价肺炎疫苗成品在尼加拉瓜获批上市，开拓了公司在拉美地区的业务布局；9月公司水痘减毒活疫苗成品在巴基斯坦获批上市，进一步拓展了南亚疫苗市场，标志着公司在全球人口前十市场的布局再落一子，对完善公司疫苗产品海外市场布局、推进国际化战略具有积极意义。截至目前，康泰生物国际化版图已覆盖全球20多个国家，针对多个重磅品种的海外注册、商业推广、技术转移等方面，与“一带一路”等人口稠密的区域市场开展广泛合作，未来海外布局有望覆盖全球近半新生人口。持续高水平新品研发，多联多价疫苗处于全球领先地位。2025年前三季度，公司研发费用4.2亿元，同比增长34.74%，研发费用率20.36%,主因部分研发项目进入Ⅲ期临床相应的研发费用增加。多个产品进入关键临床阶段：Sabin株脊髓灰质炎灭活疫苗（Vero 细胞）获得药品注册证书，五联苗或即将进入III期临床；口服五价重配轮状病毒减毒活疫苗（Vero细胞）处于III期临床、20价肺炎球菌多糖结合疫苗处于Ⅰ期、Ⅱ期临床；吸附无细胞百白破灭活脊髓灰质炎联合疫苗、麻腮风联合减毒活疫苗、四价肠道病毒灭活疫苗（Vero细胞）处于Ⅰ期临床。此外，公司还前瞻性布局了肺炎克雷伯菌疫苗、带状疱疹疫苗、呼吸道合胞病毒疫苗等创新产品的研发，其中肺炎克雷伯菌是临床中耐药性与致病力极强的细菌之一，对碳青霉烯类抗生素耐药的肺炎克雷伯菌（CRKP），因其超强的耐药性和致病性，被称为“超级细菌之王”，公司的前瞻性布局填补了该领域全球空白。投资建议：公司持续推进多个产品研发，狂犬疫苗等产品的陆续上市销售为公司贡献业绩增长点，预计公司2025-2027年分别实现归母净利润1.22/4.21/5.10亿元，对应PE分别为151/44/36倍，维持“推荐”评级。风险提示：疫苗降价风险，产品销售不及预期的风险，新品研发失败的风险，海外拓展不及预期的风险。",,银河证券,推荐,[None],2025-10-28,,买入,6899978,pdf_downloads/2025/2025-10-28/300601-康泰生物（300601）：2025年三季报点评：海外营收高增长，关注多联多价苗研发进展.pdf,300601,康泰生物,康泰生物（300601）：2025年三季报点评：海外营收高增长，关注多联多价苗研发进展,"{
    ""forecasts"": [
        {
            ""year"": 2025,
            ""net_profit"": 1.22,
            ""eps"": null,
            ""pe"": 151
        },
        {
            ""year"": 2026,
            ""net_profit"": 4.21,
            ""eps"": null,
            ""pe"": 44
        },
        {
            ""year"": 2027,
            ""net_profit"": 5.10,
            ""eps"": null,
            ""pe"": 36
        }
    ]
}",,,151.0,44.0,36.0,,,,,,,
"程培,宋丽莹","事件:公司2025年半年度营业收入13.92亿元，同比增长15.81%;归母净利润0.38亿元，同比下降77.30%。2502实现营业收入7.47亿元，同比下降0.47%;归母净利润0.15亿元，同比下降86.43%。营收逐步恢复，利润端仍承压。25H1公司营收呈现双位数增长，但毛利率和归母净利润同比下降，主要由于营业成本上升及研发投入增加等因素影响。此外，2025H1公司计提信用减值准备、资产减值准备金额共计1.21亿元，减少公司归母净利润及所有者权益1.03亿元。持续高水平新品研发,秦焦多联多价疫苗及创新疫苗。公司研发能力和生产规模位居国内疫苗行业前列，25H1研发投入达3.34亿元，占营收的23.96%多个产品进入关键临床阶段:Sabin株脊髓灰质炎灭活疫苗(Vero细胞)、四价流感病毒裂解疫苗(3岁及以上人群)申请生产注册获得受理并完成注册现场核查;吸附破伤风疫苗申请生产注册获得受理;吸附无细胞百白破(组分)联合疫苗、口服五价重配轮状病毒减毒活疫苗(Vero细胞)处于II1期临床20价肺炎球菌多糖结合疫苗处于I期、Ⅱ期临床;吸附无细胞百白破灭活脊髓灰质炎和b型流感嗜血杆菌联合疫苗(五联苗)已获得I期临床试验初步数据，正在与药审中心沟通血期临床事宜;吸附无细胞百白破灭活脊髓灰质炎联合疫苗、麻腮风联合减毒活疫苗、四价肠道病毒灭活疫苗(Vero细胞)处于I期临床。此外，公司还布局了肺炎克雷伯菌疫苗、带状疱疫苗、呼吸道合胞病毒疫苗等创新产品的研发,其中肺炎克雷伯菌是临床中耐药性与致病力极强的细菌之一，对碳青霉烯类抗生素耐药的肺炎克雷伯菌(CRKP)，因其超强的耐药性和致病性，被称为“超级细菌之王”,，公司的前瞻性布局填补了该领域全球空白。投资建议:公司持续推进多个产品研发,狂犬疫苗等产品的陆续上市销售为公司贡献业绩增长点，预计公司2025-2027年分别实现归母净利润3.04/4.16/5.11亿元，对应PE分别为68/50/40倍，维持“推荐”评级。风险提示:疫苗降价风险，产品销售不及预期的风险，新品研发失败的风险海外拓展不及预期的风险。",,银河证券,推荐,[None],2025-08-25,,买入,6343800,pdf_downloads/2025/2025-08-25/300601-康泰生物（300601）：2025年半年报点评：营收逐步恢复，关注新品研发进展.pdf,300601,康泰生物,康泰生物（300601）：2025年半年报点评：营收逐步恢复，关注新品研发进展,"{
    ""forecasts"": [
        {
            ""year"": 2025,
            ""net_profit"": 3.04,
            ""eps"": null,
            ""pe"": 68
        },
        {
            ""year"": 2026,
            ""net_profit"": 4.16,
            ""eps"": null,
            ""pe"": 50
        },
        {
            ""year"": 2027,
            ""net_profit"": 5.11,
            ""eps"": null,
            ""pe"": 40
        }
    ]
}",,,68.0,50.0,40.0,,,,,,,
"代雯,张云逸,唐庆雷",公司公告1H25营收、归母净利、扣非净利13.92/0.38/0.18亿元（+16%/-77%/-85% yoy），收入增长主因新品贡献，利润下滑主因存货减值、折旧与研发费用增长等。我们认为老产品进入平稳期，新产品有望逐步起量，维持“买入”评级。核心产品稳健，新品贡献增量1H25收入同比增长16%至13.9亿元，其中核心产品同比稳健、狂犬苗和水痘苗等新品贡献增长，我们预计2025年收入同比双位数增长：1）我们估计PCV13收入超5亿元（同比小幅增长）、DTaP-Hib收入约2亿元（同比下滑，主因免疫程序变更）、乙肝收入接近3亿元（同比小幅增长）；2）二倍体狂苗（4M24上市）收入2.5亿元（2024年全年收入3.4亿元），水痘减毒活疫苗（7M24上市）不足1亿元。稳步推进研发，布局肺炎克雷伯菌疫苗公司推进近30项在研品种，sIPV、IIV4（3岁+）、破伤风疫苗已报产，MenACYW完成III期，RV5处于III 期，DTaP-IPV/Hib（五联）准备III期，PCV20处于I/Ⅱ期，麻腮风三联、四价肠道灭活苗处于I期。公司近期与陆军军医大学签署肺炎克雷伯菌疫苗的技术转让协议，肺炎克雷伯菌是检出率最高的病原体（2024年全国医院感染现患率调查），疫苗在肺炎模型中对临床菌株感染保护率超80%，未来公司将推进创新疫苗开发，探索住院人群、糖尿病患者、慢性呼吸疾病患者、低免疫人群的应用。存货与应收款计提减值1）1H25销售/管理/研发费率33.8%/11.4%/21.3%（+0.8/-3.2/+3.0pct yoy），销售费率平稳，管理费率下降主因职工薪酬减少，研发费率上升主因多个产品进入三期；2）1H25信用减值约2800万元、主要在应收账款，资产减值约9400万、集中在存货。维持“买入”评级我们维持盈利预测，预计2025-27年归母净利润4.5/5.4/6.7亿元，给予25年60 PE（考虑到公司二倍狂苗、水痘减毒等多个新品上量带来高增速，较可比公司中位数42x有所溢价），对应目标价24.40元（前值16.27元，基于25年40xPE和4.5亿元归母净利），维持“买入”评级。风险提示：新生儿数量不及预期，市场竞争超预期，疾控合规超预期。,,华泰证券,买入,[None],2025-08-25,,买入,6342961,pdf_downloads/2025/2025-08-25/300601-康泰生物（300601）：核心产品稳健，新品贡献增量.pdf,300601,康泰生物,康泰生物（300601）：核心产品稳健，新品贡献增量,"{
    ""forecasts"": [
        {
            ""year"": 2025,
            ""net_profit"": 4.5,
            ""eps"": null,
            ""pe"": 60
        },
        {
            ""year"": 2026,
            ""net_profit"": 5.4,
            ""eps"": null,
            ""pe"": null
        },
        {
            ""year"": 2027,
            ""net_profit"": 6.7,
            ""eps"": null,
            ""pe"": null
        }
    ]
}",,,60.0,,,,,,,,,
"程培,宋丽莹",事件：康泰生物全资子公司民海生物的13价肺炎球菌多糖结合疫苗获得由土耳其药监局GMP认证，表明民海生物PCV13疫苗的生产设施、流程、质量控制和质量管理体系均符合土耳其严格的药品生产质量管理规范，也标志着该产品已具备准入土耳其当地市场的必要条件。公司已实现海外多地区产品注册及销售，海外业务有望迎来高增长。公司深耕国内市场，同时逐步建立海外品牌认知度及影响力，积极寻求海外市场新发展机遇。目前已与印度尼西亚、巴基斯坦、孟加拉、尼加拉瓜、哥伦比亚、埃及、尼日利亚、斯里兰卡、印度等十多个国家的合作方就PCV13、23价肺炎疫苗、水痘减毒活疫苗、四联苗等产品在海外市场的注册、推广、商业化销售、技术转移等方面达成合作协议。2024年8月，首批由公司自主研发生产的PCV13疫苗成品顺利出口至印度尼西亚，此次该疫苗获得土耳其GMP认证，出口业务再下一城。2024年土耳其全国人口总数约8566万，2023年新生儿数量约为95万。公司在海外的销售模式多样：1）公司产品在海外完成注册准入后，通过政府招标订单投标或私立市场推广获得订单，公司根据订单安排产品生产、出口和销售；2）由当地合作方开展本土分装，在当地合作方本土化产品获批后，通过出口原液、半成品等方式获得订单。2024年公司海外收入0.12亿元，同比增长14255%。持续高水平新品研发，聚焦多联多价疫苗、成人疫苗及创新疫苗。2024年以来，公司多项在研产品取得阶段性进展：Sabin株脊髓灰质炎灭活疫苗（Vero细胞）申请生产注册获得受理并完成注册现场核查；四价流感病毒裂解疫苗（3岁及以上人群）申请生产注册获得受理；吸附破伤风疫苗收到Ⅰ/Ⅲ期临床试验总结报告；吸附无细胞百白破（组分）联合疫苗已获得I期临床试验总结报告，III期临床准备中；口服五价重配轮状病毒减毒活疫苗（Vero细胞）处于Ⅰ期、Ⅱ期、III期临床试验阶段、20价肺炎球菌多糖结合疫苗处于Ⅰ期、Ⅱ期临床试验阶段；吸附无细胞百白破灭活脊髓灰质炎和b型流感嗜血杆菌联合疫苗（五联苗）、吸附无细胞百白破灭活脊髓灰质炎联合疫苗、麻腮风联合减毒活疫苗、四价肠道病毒灭活疫苗（Vero细胞）处于Ⅰ期临床试验阶段。此外，公司还布局了带状疱疹疫苗、呼吸道合胞病毒疫苗（RSV）等创新产品的研发，未来随着公司在研产品陆续获批上市，将进一步增强公司竞争实力。投资建议：公司持续推进多个产品研发，狂犬疫苗等产品的陆续上市销售为公司贡献业绩增长点，预计公司2025-2027年分别实现归母净利润3.04/4.16/5.11亿元，对应PE分别为57/41/34倍，维持“推荐”评级。风险提示：疫苗降价风险，产品销售不及预期的风险，新品研发失败的风险，海外拓展不及预期的风险。,,银河证券,推荐,[None],2025-07-02,,买入,6203970,pdf_downloads/2025/2025-07-02/300601-康泰生物（300601）：PCV13获土耳其GMP认证，持续布局海外.pdf,300601,康泰生物,康泰生物（300601）：PCV13获土耳其GMP认证，持续布局海外,"{
    ""forecasts"": [
        {
            ""year"": 2025,
            ""net_profit"": 3.04,
            ""eps"": null,
            ""pe"": 57
        },
        {
            ""year"": 2026,
            ""net_profit"": 4.16,
            ""eps"": null,
            ""pe"": 41
        },
        {
            ""year"": 2027,
            ""net_profit"": 5.11,
            ""eps"": null,
            ""pe"": 34
        }
    ]
}",,,57.0,41.0,34.0,,,,,,,
"杜向阳,雷瑞",事件：公司发布2024年年报及2025年一季报。2024年实现营业收入26.5亿元，同比下降23.7%；实现归属于母公司股东净利润2.0亿元，同比下降76.6%。2025年一季度实现营业收入6.5亿元，同比增加42.9%；实现归属于母公司股东净利润0.2亿元，同比下降58.5%。业绩短期承压，25Q1收入显著改善。受市场竞争、渠道降库存等因素影响，2024年公司营收和利润均承压。分季度来看，公司2024Q1/Q2/Q3/Q4单季度营业收入分别为4.5/7.5/8.2/6.3亿元（同比-39.6%/-23.6%/+11.2%/-37.5%），实现归母净利润分别为0.5/1.1/1.9/-1.5亿元（同比-73.7%/-63.5%/-0.5%/-191%），24Q4出现亏损主要因对部分资产进行减值。25Q1实现营业收入6.5亿元（+42.9%），收入端已呈现显著改善。常规疫苗批签发分化，人二倍体狂苗快速放量。2024年公司主要产品批签发量表现分化，其中批签发量同比增加的为：四联疫苗批签发282.1万剂（+16.5%），13价肺炎疫苗批签发307.6万剂（+49.9%），人二倍体狂犬疫苗批签发337.3万剂（+3262.5%），乙肝疫苗批签发1018.8万剂（+38.6%），Hib疫苗批签发127.5万剂（+171.2%）。24年批签发量同比下降的为：23价肺炎疫苗批签发136.9万剂（-10.6%），百白破疫苗批签发62.3万剂（-72.3%）在研管线稳步推进。截至2024年报，多项在研产品取得进展：Sabin株脊髓灰质炎灭活疫苗（Vero细胞）和四价流感病毒裂解疫苗（3岁及以上人群）申请生产注册获得受理；吸附破伤风疫苗收到I/III期临床试验总结报告；吸附无细胞百白破（组分）联合疫苗完成I期临床，III期临床准备中；口服五价重配轮状病毒减毒活疫苗（Vero细胞）处于I、II、III期临床试验阶段；20价肺炎球菌多糖结合疫苗处于I、II期临床试验阶段；五联苗、麻腮风联合减毒活疫苗、四价肠道病毒灭活疫苗等处于I期临床试验阶段。此外，公司与阿斯利康签署合作协议，拟设立合资公司开发创新疫苗。盈利预测：预计2025-2027年EPS分别为0.34元、0.43元及0.52元。风险提示：新产品研发低于预期风险，产品降价风险。,,西南证券,,[None],2025-04-27,,,6026520,pdf_downloads/2025/2025-04-27/300601-康泰生物（300601）：业绩短期承压，期待新产品放量.pdf,300601,康泰生物,康泰生物（300601）：业绩短期承压，期待新产品放量,"{
    ""forecasts"": [
        {
            ""year"": 2025,
            ""net_profit"": null,
            ""eps"": null,
            ""pe"": null
        },
        {
            ""year"": 2026,
            ""net_profit"": null,
            ""eps"": 0.43,
            ""pe"": null
        },
        {
            ""year"": 2027,
            ""net_profit"": null,
            ""eps"": 0.52,
            ""pe"": null
        }
    ]
}",,,,,,,,,,0.43,0.52,
"程培,宋丽莹",事件：2024年康泰生物实现营业收入26.52亿元，同比下降23.75%；归母净利润2.02亿元，同比下降76.59%；扣非归母净利润为2.46亿元，同比下降65.93%。期末现金合计34.80亿元。其中2024Q4营业收入6.34亿元，同比下降37%，归母净利润-1.49亿元。2025Q1营业总收入6.45亿元，同比增长42.85%；归母净利润2243.41万元，同比下降58.51%；扣非净利润1690.96万元，同比增长17.56%。降库存等因素致营收下滑，减值等因素致利润短期承压。2024年生物制品业务收入26.07亿元，同比下降24.79%；其他业务收入0.45亿元，同比增长301.17%。营业收入下降主要由于市场竞争、降库存等因素影响；利润端下滑，主要由于营业收入下降、固定资产折旧费用增加、资产减值增加以及2023年股权激励计划终止实施加速行权，2024年资产减值损失2.32亿元。从产品角度，免疫规划疫苗收入0.61亿元，同比增长144.07%；非免疫规划疫苗收入25.46亿元，同比下降26.02%。出口业务0.12亿元，同比增长14255.64%，增长态势良好。分品种来看，2024年13价肺炎疫苗批签发数量308万剂，同比增长49.87%，市场渗透率逐步提升。2024年8月首批PCV13成品顺利出口至印度尼西亚。“四针法”人二倍体细胞狂犬病疫苗于2024年4月正式上市销售，已完成国内29个省准入工作，实现销售收入3.37亿元。水痘减毒活疫苗于2024年4月获批上市，2024年7月正式上市销售，已完成国内21个省准入。2025Q1营收显著恢复，利润仍承压，主要由于产品销售数量增加。持续高水平新品研发，聚焦多联多价疫苗、成人疫苗及创新疫苗。2024 年以来，公司多项在研产品取得阶段性进展：Sabin株脊髓灰质炎灭活疫苗（Vero 细胞）申请生产注册获得受理并完成注册现场核查；四价流感病毒裂解疫苗（3 岁及以上人群）申请生产注册获得受理；吸附破伤风疫苗收到Ⅰ/Ⅲ期临床试验总结报告；吸附无细胞百白破（组分）联合疫苗已获得I期临床试验总结报告，III 期临床准备中；口服五价重配轮状病毒减毒活疫苗（Vero细胞）处于Ⅰ期、Ⅱ期、III 期临床试验阶段、20价肺炎球菌多糖结合疫苗处于Ⅰ期、Ⅱ期临床试验阶段；吸附无细胞百白破灭活脊髓灰质炎和b型流感嗜血杆菌联合疫苗（五联苗）、吸附无细胞百白破灭活脊髓灰质炎联合疫苗、麻腮风联合减毒活疫苗、四价肠道病毒灭活疫苗（Vero细胞）处于Ⅰ期临床试验阶段。此外，公司还布局了带状疱疹疫苗、呼吸道合胞病毒疫苗（RSV）等创新产品的研发，未来随着公司在研产品陆续获批上市，将进一步增强公司竞争实力。投资建议：公司持续推进多个产品研发，狂犬疫苗等产品的陆续上市销售为公司贡献业绩增长点，预计公司2025-2027年分别实现归母净利润3.04/4.16/5.11亿元，对应PE分别为52/38/31倍，维持“推荐”评级。风险提示：生长激素水针集采降价风险，产品销售不及预期的风险，新品研发失败的风险，海外拓展不及预期的风险。,,银河证券,推荐,[None],2025-04-22,,买入,6018603,pdf_downloads/2025/2025-04-22/300601-康泰生物（300601）：2024年报及2025年一季报点评：利润短期承压，持续布局新品研发.pdf,300601,康泰生物,康泰生物（300601）：2024年报及2025年一季报点评：利润短期承压，持续布局新品研发,"{
    ""forecasts"": [
        {
            ""year"": 2025,
            ""net_profit"": 3.04,
            ""eps"": null,
            ""pe"": 52
        },
        {
            ""year"": 2026,
            ""net_profit"": 4.16,
            ""eps"": null,
            ""pe"": 38
        },
        {
            ""year"": 2027,
            ""net_profit"": 5.11,
            ""eps"": null,
            ""pe"": 31
        }
    ]
}",,,52.0,38.0,31.0,,,,,,,
"代雯,张云逸",公司公布财报，2024 年营收、归母净利、扣非净利 26.5/2.0/2.5 亿元（-24%/-77%/-66% yoy），与业绩预告相符，收入下滑主因市场竞争加剧、渠道降库存，利润下滑主因折旧费用增加、资产减值增加、激励终止实施加速行权，1Q25营收、归母净利、扣非净利6.5/0.2/0.2亿元（+43%/-59%/+18% yoy），主因终端接种推进及新品推广力度加大。公司拟每10股派0.9元（含税）股利，分红占2024年归母净利49.85%。我们认为老产品进入平稳期，新产品有望起量带动利润逐步修复，维持“买入”评级。核心产品承压，新品狂苗表现亮眼，国际化持续推进2024年收入下滑25%，主因市场竞争加剧、渠道降库存、新生儿数量较弱等，1Q25收入同比增长43%、环比增长2%，主因狂苗贡献增量：1）2024年主产品明显下滑，我们估计PCV13收入超11亿元（2023年约15亿元）、DTaP-Hib收入4~5亿元（2023年超10亿元）、乙肝收入6~7亿元，我们预计2025年趋于平稳；3）二倍体狂苗（4M24上市）2024年收入3.4亿元，我们预计2025年维持快速增长；4）水痘减毒活疫苗7M24上市，已完成21省准入，我们预计逐步贡献收入；5）公司持续推进国际化，8M24 PCV13出口印尼，3M25与AZ签订4亿美元合作开发中国与新兴市场。计提减值轻装上阵1）公司24年销售/管理/研发费率33.5/14.0/19.2%（-1.9 /-2.3 /-4.6pct yoy），费率明显下降，主因疫苗销售下滑、折旧费用增加及股权激励加速行权；2）公司信用减值和资产减值合计在24年/1Q25计提2.6/0.3亿元。重视研发，稳步推进公司持续保持高研发投入，2024年研发投入5.7亿元，营收占比21.5%（近三年累计研发投入21.1亿元，占近三年累计营收22.7%）。公司稳步推进近30项在研品种，IPV与IIV4（3岁+）已报产，RV5处于I/Ⅱ/III 期，PCV20处于I/Ⅱ期，DTaP-IPV/Hib（五联）、MMR（三联）、四价肠道灭活苗处于I期，二价肠道病毒灭活苗IND获批。维持“买入”评级受疫苗销售下滑影响，我们调整并新增27年盈利预测，预计2025-27年归母净利润4.5/5.4/6.7亿元（较25-26年前值-33/-31%），给予25年40 PE（考虑到公司二倍狂苗、水痘减毒等多个新品上量带来高增速，较可比公司均值22x有所溢价），对应目标价16.27元（前值18.55元，基于24年53xPE和5.9亿元归母净利），维持“买入”评级。风险提示：新生儿下滑超预期，市场竞争超预期，疾控合规超预期。,,华泰证券,买入,[None],2025-04-22,,买入,6018023,pdf_downloads/2025/2025-04-22/300601-康泰生物（300601）：狂犬疫苗快速起量，国际化持续推进.pdf,300601,康泰生物,康泰生物（300601）：狂犬疫苗快速起量，国际化持续推进,"{
    ""forecasts"": [
        {
            ""year"": 2025,
            ""net_profit"": 4.5,
            ""eps"": null,
            ""pe"": 40
        },
        {
            ""year"": 2026,
            ""net_profit"": 5.4,
            ""eps"": null,
            ""pe"": null
        },
        {
            ""year"": 2027,
            ""net_profit"": 6.7,
            ""eps"": null,
            ""pe"": null
        }
    ]
}",,,40.0,,,,,,,,,
"张佳博,马千里",营收环比改善，利润端短期承压。2024Q1-3，公司实现营收20.18亿元（同比-18.1%），归母净利润3.51亿元（同比-49.6%），扣非归母净利润3.04亿元（同比-49.3%）。公司前三季度净利润同比承压预计主要由于市场降库存、公司股权激励摊销费用、固定资产折旧费用增加等因素影响。分季度看，2024Q1/Q2/Q3公司分别实现营收4.52/7.50/8.16亿元（分别同比-39.7%/-23.6%/+11.2%），Q2/Q3分别环比+66.1%/+8.8%，Q3单季度同比增速转正；分别实现归母净利润0.54/1.11/1.86亿元（同比-73.1%/-63.5%/-0.5%，Q2/Q3分别环比+105.8%/+66.9%），扣非归母净利润0.14/1.07/1.82亿元（同比-92.4%/-55.3%/+7.8%）。新增折旧导致毛利率及管理费用率承压。2024前三季度，公司实现毛利率83.4%（同比-2.6pp）；销售/管理/研发/财务费用率分别为33.3%/12.1%/15.4%/0.9%，分别同比-1.0pp/+5.2pp/+0.9pp/1.0pp，期间费用率整体61.7%（同比+6.0pp），随着收入规模恢复，公司费用率有望改善。人二倍体狂苗及水痘减毒活疫苗上市后推广工作积极推进。公司冻干人用狂犬病疫苗（人二倍体细胞）于2023年9月获批上市，采用“5针法”和“2-1-1”（4针法）两种免疫程序，截至2024年6月已完成国内26个省份准入工作，实现销售收入1.17亿元；水痘减毒活疫苗于2024年4月获得药品注册证书，准入和推广工作积极推进中。国际化稳步推进。2024上半年，公司就13/23价肺炎疫苗、水痘疫苗等重点品种，与孟加拉、尼日利亚、斯里兰卡、也门等多个国家合作伙伴签订了代理或技术转移协议；2024年8月，首批13价肺炎球菌结合疫苗成品顺利出口印度尼西亚，海外市场有望贡献业绩增量。投资建议：根据公司三季报情况，我们对盈利预测进行调整，预计2024-2026年营收分别为30.34/38.79/46.14亿元（前值为44.73/54.31/63.79亿元），归母净利润分别为6.10/8.07/9.97亿元（前值为10.45/13.42/16.66亿元），目前股价对应PE分别为35/26/21x，维持“优于大市”评级。风险提示：产品销售不达预期的风险，在研管线失败的风险，海外市场拓展不及预期的风险等。,,国信证券,优于大市,[None],2024-10-31,,买入,5811282,pdf_downloads/2024/2024-10-31/300601-康泰生物（300601）：营收环比改善，国际化稳步推进.pdf,300601,康泰生物,康泰生物（300601）：营收环比改善，国际化稳步推进,"{
    ""forecasts"": [
        {
            ""year"": 2024,
            ""net_profit"": 6.10,
            ""eps"": null,
            ""pe"": 35
        },
        {
            ""year"": 2025,
            ""net_profit"": 8.07,
            ""eps"": null,
            ""pe"": 26
        },
        {
            ""year"": 2026,
            ""net_profit"": 9.97,
            ""eps"": null,
            ""pe"": 21
        }
    ]
}",,,35.0,26.0,21.0,,,,,,,
"Wenxin Yu,Zhaoming Zhu,Kehan Meng",投资要点：业绩短暂承压，二季度环比恢复明显。公司2024年上半年实现营业收入12.02亿元，同比减少30.54%，其中24Q2实现营业收入7.5亿元，环比增长66.14%。2024年上半年，公司实现归母净利润1.65亿元，同比减少67.61%；其中24Q2实现归母净利润1.11亿元，环比增加105.81%。人二倍体狂犬疫苗实现销售1.17亿元，有望驱动新增长。公司冻干人用狂犬病疫苗(人二倍体细胞)于2024年4月正式上市销售。截止2024年H1，公司产品已完成国内26个省、自治区、直辖市准入，批签发数量90.49万剂量，实现销售收入1.17亿元。我们认为，随着产品市场准入的开展和销售的进一步推进，人二倍体狂犬病疫苗有望推动公司业绩的进一步增长。多项研发管线取得阶段性进展。水痘减毒活疫苗于2024年4月获得药品注册证书，并完成10个省市的准入工作。此外，1）Sabin株脊髓灰质炎灭活疫苗(Vero细胞)申请生产注册获得受理；2）吸附破伤风疫苗和四价流感病毒裂解疫苗(3岁及以上人群)处于I、III期临床试验阶段；3）吸附无细胞百白破(组分)联合疫苗已完成I期临床试验，III期临床准备中；4）口服五价重配轮状病毒减毒活疫苗(Vero细胞)处于I期、II期临床试验阶段；5）20价肺炎球菌多糖结合疫苗获得药物临床试验批准通知书；6）四价流感病毒裂解疫苗新增6-35月龄人群获得临床试验批准通知书，四价流感病毒裂解疫苗(MDCK细胞)临床试验申请获得受理。国际化战略稳步实施。2024年4月，公司全资子公司民海生物、阿斯利康签署《战略合作备忘录》，共同探索疫苗领域的全方位合作，助力中国疫苗创新产品海内外合作与发展。此外，公司PCV13出海也取得进展。2024年1月，公司已与印尼合作方签署13价肺炎球菌多糖结合疫苗《销售合同》，于7月出口原液，大力推进该产品在印尼的本土化进程；于8月实现首批成品出口。盈利预测与估值。我们预计公司2024-26年归母净利润分别6.75亿、8.93亿、10.36亿元，分别同比增长-22%、32%、16%。参考可比公司，万泰生物、百克生物、智飞生物2024年PE分别为152倍、14倍、6倍。公司是国内研产销俱佳的疫苗龙头，我们给予公司2024年P/E 32倍，目标价16.64元，市值186亿元，给予“优于大市”评级。风险提示。产品放量不及预期风险、研发失败风险。,,海通国际证券,优于大市,[None],2024-09-20,,买入,5770607,pdf_downloads/2024/2024-09-20/300601-康泰生物（300601）公司半年报点评：二季度业绩环比改善，狂犬疫苗放量有望驱动新增长.pdf,300601,康泰生物,康泰生物（300601）公司半年报点评：二季度业绩环比改善，狂犬疫苗放量有望驱动新增长,"{
    ""forecasts"": [
        {
            ""year"": 2024,
            ""net_profit"": 6.75,
            ""eps"": null,
            ""pe"": 32
        },
        {
            ""year"": 2025,
            ""net_profit"": 8.93,
            ""eps"": null,
            ""pe"": null
        },
        {
            ""year"": 2026,
            ""net_profit"": 10.36,
            ""eps"": null,
            ""pe"": null
        }
    ]
}",,,32.0,,,,,,,,,
"代雯,张云逸","1H24收入、归母净利同比下滑31%、68%公司公告1H24营业收入、归母净利、扣非净利12.0/1.7/1.2亿元（-31%/-68%/-72% yoy），其中2Q24营业收入、归母净利、扣非净利7.5/1.1/1.1亿元（-24%/-64%/-55% yoy），主因市场竞争加剧、渠道降库存、新生儿数量偏弱等。我们认为伴随渠道降库存趋于结束，下半年收入利润有望好转，预计2024-26年收入31.8/35.2/38.8亿元，归母净利5.9/6.8/7.9亿元，给予公司2024年35x PE估值（可比公司Wind一致预期PE均值53x，考虑到公司收入的不确定性予以适当折价）,对应目标价18.55元，维持“买入”。上半年不同程度下滑，下半年有望企稳恢复受新生儿数量偏弱、市场竞争加剧、渠道降库存等影响，公司核心产品出现不同程度的下滑，我们估算1H24 DTaP-Hib收入2~3亿元（1H23 5~6亿元）、HepB收入2~3亿元（1H23 3~4亿元）、PCV13收入~5亿元（1H23 6~7亿元），我们预计随着渠道库存合理，2H24有望逐步恢复。此外新疫苗表现较好，二倍体狂苗1H24收入1.2亿元（仅销售3个月）、目前已完成26省准入，水痘减毒活疫苗4M24获批、已完成10省准入。持续重视研发，在研管线有序推进1H24研发投入2.4亿元，营收占比升至20%：1）sIPV已报产并完成现场核查；2）IIV4完成三期、准备报产，MenACYW完成三期，破伤风疫苗处于三期临床，DTcP准备三期临床，五联苗（DTcP-IPV-Hib）完成一期、如顺利将直接进入三期；3）rEV71完成I/II期，RV5处于I/II期，PCV20获批IND，IIV4 (6-35月龄)获批IND，IIV-MDCK的IND获受理。国际化稳步推进我们认为随着海外进展加速，有望成为公司未来新的增长点：1）公司已与印尼、巴基斯坦等十余国合作方就PCV13、PPSV23、水痘减毒活疫苗、DTaP-Hib等产品在海外市场的注册、推广、商业化销售、技术转移等方面达成合作协议；2）4M24公司与阿斯利康签署《战略合作备忘录》，共同探索疫苗领域全方位合作。风险提示：新生儿下滑超预期，疾控反腐超预期，市场竞争超预期。",,华泰证券,买入,[None],2024-08-30,,买入,5755669,pdf_downloads/2024/2024-08-30/300601-康泰生物（300601）：行业承压，砥砺前行，静候转机.pdf,300601,康泰生物,康泰生物（300601）：行业承压，砥砺前行，静候转机,"{
    ""forecasts"": [
        {
            ""year"": 2024,
            ""net_profit"": 5.9,
            ""eps"": null,
            ""pe"": 35
        },
        {
            ""year"": 2025,
            ""net_profit"": 6.8,
            ""eps"": null,
            ""pe"": null
        },
        {
            ""year"": 2026,
            ""net_profit"": 7.9,
            ""eps"": null,
            ""pe"": null
        }
    ]
}",,,35.0,,,,,,,,,
"Wenxin Yu,Kehan Meng",投资要点：2023年营收恢复增长并实现扭亏。公司2023年营收34.8亿元，同比增长10%，归母净利润8.6亿元，扣非净利润7.2亿元，利润实现扭亏，经营活动现金流净额10.3亿元，同比增长89%。公司常规疫苗（不含新冠疫苗）实现销售收入35.0亿元，同比增长19%。其中，13价肺炎球菌多糖结合疫苗销售收入同比增长56%，23价肺炎球菌多糖疫苗销售收入同比增长37%。2024年营收及利润下滑。公司2024年一季度营收4.5亿元，同比下滑40%，归母净利润5407万元，同比下滑74%，扣非净利润1438万元，同比下滑92%，经营活动净利润净流出7618万元，同比下滑-159%。人二倍体狂犬疫苗有望驱动新增长。公司人二倍体狂犬疫苗于2023年12月获得批签发证明。冻干人用狂犬病疫苗（人二倍体细胞）是国内首个获批的“四针法”人二倍体细胞狂犬病疫苗。13价肺炎疫苗出海稳步推进。2023年10月，公司13价肺炎球菌多糖结合疫苗获得了印度尼西亚《上市许可证》，标志着该疫苗已具备在印度尼西亚市场销售的基本条件，公司已与印尼合作方签署 13 价肺炎球菌多糖结合疫苗《销售合同》。公司发布新一轮股票期权与限制性股票激励计划。根据计划，股票期权行权价格25.39元/份，首次授予808.40万份，获授人数为458人；限制性股票的授予价格为15.87元/股，首次授予限制性股票1663.70万股，获授人数为462人。本次计划考核年度为2024-26年三个会计年度，第1、2、3个行权/归属期业绩考核A公司层面行权/归属比例100%的条件净利润定比增长率分别为≥25%、≥50%、≥70%。首次授予的期权及限制性股票摊销费用对公司2024-27年利润分别合计影响10272万元、6235万元、3167万元、452万元。盈利预测与估值。我们预计公司2024-26年归母净利润分别10.9亿、13.2亿、15.5亿元，分别同比增长27%、20%、18%。参考可比公司，万泰生物、百克生物、智飞生物2024年PE分别为146倍、20倍、8倍。公司是国内研产销俱佳的疫苗龙头，我们给予公司2024年P/E 25倍，目标价24.49元，市值274亿元，给予“优于大市”评级。风险提示。产品放量不及预期风险、研发失败风险。,,海通国际证券,优于大市,[None],2024-05-29,,买入,5645359,pdf_downloads/2024/2024-05-29/300601-康泰生物（300601）：公司季报点评：常规产品实现增长，出海稳步推进.pdf,300601,康泰生物,康泰生物（300601）：公司季报点评：常规产品实现增长，出海稳步推进,"{
    ""forecasts"": [
        {
            ""year"": 2024,
            ""net_profit"": 10.9,
            ""eps"": null,
            ""pe"": 25
        },
        {
            ""year"": 2025,
            ""net_profit"": 13.2,
            ""eps"": null,
            ""pe"": null
        },
        {
            ""year"": 2026,
            ""net_profit"": 15.5,
            ""eps"": null,
            ""pe"": null
        }
    ]
}",,,25.0,,,,,,,,,
"张佳博,陈益凌,马千里",常规疫苗销售收入同比增长19%。2023年，公司实现营收34.77亿元（同比+10.1%），常规疫苗（不含新冠疫苗）实现销售收入35.05亿元（同比+19.0%），其中13价肺炎球菌多糖结合疫苗销售收入同比增长55.6%、23价肺炎球菌多糖疫苗销售收入同比增长36.9%；实现归母净利润8.61亿元（同比+749.0%），扣非归母净利润7.22亿元（同比+495.1%）。2024Q1，公司实现营收4.52亿元（同比-39.7%），归母净利润0.54亿元（同比-73.1%），扣非归母净利润0.14亿元（同比-92.4%），预计由于一季度农历春节假期及发货节奏影响。研发费用率改善。2023年，公司毛利率为84.5%（同比+0.3pp）、净利率为24.8%（同比+29.0pp，主要为上年同期受到资产减值影响）。销售费用率35.4%（同比+1.0pp）、管理费用率7.9%（同比+0.6pp）、财务费用率-0.04%（同比+0.6pp）、研发费用率14.4%（同比-11.0pp），主要由于上年同期新冠疫苗Ph3临床支出费用化所致，公司研发费用率逐步回归行业正常水平。人二倍体狂犬病疫苗获批上市，在研管线储备丰富。公司冻干人用狂犬病疫苗（人二倍体细胞）于2023年9月获批上市，采用“5针法”和“2-1-1”（4针法）两种免疫程序；临床结果表明，两种免疫程序全程接种后，均有良好的安全性、免疫原性和免疫持久性。公司目前拥有近30项在研管线，其中水痘减毒活疫苗已于2024年4月16日获批上市；Sabin株脊髓灰质炎灭活疫苗（Vero细胞）已申请生产注册并获受理；四价手足口病疫苗、麻腮风水痘疫苗、20价肺炎球菌多糖结合疫苗、重组带状疱疹疫苗、重组呼吸道合胞病毒疫苗（RSV）等品种作为中长期管线布局。投资建议：公司重磅品种人二倍体狂犬病疫苗获批上市，2024年开始商业化并贡献业绩增量；中长期管线储备丰富，多个品种处于报产及Ph3临床阶段，未来2~3年有望陆续推向市场；国际化战略初见成效，13价肺炎球菌多糖结合疫苗产品获得印度尼西亚上市许可。根据公司2023年报及2024年一季报，我们对盈利预测进行调整，预计2024-2025年净利润分别为10.45/13.42亿元（前值为14.15/18.95亿元），新增2026年净利润预测值为16.66亿元，目前股价对应PE分别为22/17/14x，维持“买入”评级。风险提示：产品销售不达预期的风险，在研管线失败的风险等。,,国信证券,买入,[None],2024-05-05,,买入,5614709,pdf_downloads/2024/2024-05-05/300601-康泰生物（300601）：常规疫苗销售收入同比增长19%，人二倍体狂犬病疫苗商业化推进中.pdf,300601,康泰生物,康泰生物（300601）：常规疫苗销售收入同比增长19%，人二倍体狂犬病疫苗商业化推进中,"{
  ""forecasts"": [
    {
      ""year"": 2024,
      ""net_profit"": 10.45,
      ""eps"": null,
      ""pe"": 22
    },
    {
      ""year"": 2025,
      ""net_profit"": 13.42,
      ""eps"": null,
      ""pe"": 17
    },
    {
      ""year"": 2026,
      ""net_profit"": 16.66,
      ""eps"": null,
      ""pe"": 14
    }
  ]
}",,,22.0,17.0,14.0,,,,,,,
"杜向阳,张殊豪",事件：公司发布2023年年报，实现营业收入34.8亿元，同比增长10.1%；实现归属于母公司股东净利润8.6亿元（+749%）；实现扣非后归母净利润7.2亿元（+495%）。2024年一季度，实现营业收入4.5亿元，同比下降39.7%；实现归属于母公司股东净利润0.54亿元（-73.7%）；实现扣非后归母净利润0.14亿元（-92.4%）。常规疫苗增长平稳。分季度来看，公司2023Q1/Q2/Q3/Q4单季度营业收入分别为7.5/9.8/7.3/10.1亿元（-14.1%/+2.7%/-0.5%/+71%），实现归母净利润分别为2.1/3.1/1.9/1.6亿元（-25%/+299%/+125.8%/+148.9%）。从盈利能力来看，公司2023年毛利率为84.5%（+0.37pp），销售费用率为35.4%（+1pp），管理费用率为7.9%（+0.63pp），基本保持稳定。净利率为24.8%（+28.97pp），主要系去年同期新冠资产减值以及研发费用化处理基数较低所致，研发费用率为14.4%（-9pp）。常规疫苗实现稳健增长。常规疫苗（不含新冠疫苗）实现销售收入 35亿元，同比增长19%。其中13价肺炎疫苗销售收入同比增长55.6%，23价肺炎多糖疫苗收入同比36.9%。从批签发数据来看，四联苗实现批签发242.2万支（-30.9%），13价肺炎疫苗205万支（-58.7%），人二倍体狂犬疫苗10万支。未来2-3年产品获批阶梯性增长，贡献公司长期业绩增量。冻干人用狂犬病疫苗（人二倍体细胞）、水痘减毒活疫苗已获批上市外，Sabin 株脊髓灰质炎灭活疫苗（Vero 细胞）申请生产注册获得受理；吸附破伤风疫苗和四价流感病毒裂解疫苗处于Ⅰ、Ⅲ期临床试验阶段；吸附无细胞百白破（组分）联合疫苗已完成 I 期临床试验，III 期临床准备中；口服五价重配轮状病毒减毒活疫苗（Vero 细胞）处于Ⅰ期、Ⅱ期临床试验阶段；吸附无细胞百白破灭活脊髓灰质炎和 b 型流感嗜血杆菌联合疫苗（五联苗）、吸附无细胞百白破灭活脊髓灰质炎联合疫苗处于Ⅰ期临床试验阶段；麻腮风联合减毒活疫苗、20 价肺炎球菌多糖结合疫苗获得药物临床试验批准通知书。盈利预测：预计2024-2026年EPS分别为0.79元、1.06元及1.32元。风险提示：新产品研发低于预期风险，产品降价风险。,,西南证券,,[None],2024-04-29,,,5614777,pdf_downloads/2024/2024-04-29/300601-康泰生物（300601）：常规疫苗平稳增长，期待新产品放量.pdf,300601,康泰生物,康泰生物（300601）：常规疫苗平稳增长，期待新产品放量,"{
    ""forecasts"": [
        {
            ""year"": 2024,
            ""net_profit"": null,
            ""eps"": 0.79,
            ""pe"": null
        },
        {
            ""year"": 2025,
            ""net_profit"": null,
            ""eps"": 1.06,
            ""pe"": null
        },
        {
            ""year"": 2026,
            ""net_profit"": null,
            ""eps"": 1.32,
            ""pe"": null
        }
    ]
}",,,,,,,,,0.79,1.06,1.32,
陈铁林,事件：公司发布“质量回报双提升”行动方案，对研发投入和国际化战略、运营管理、信息披露和稳定投资信心等多方面措施做出说明，彰显公司对长期发展的信心。持续现金分红回报投资者，高管增持彰显信心。自2017年2月上市以来，公司已累计现金分红金额逾15亿元，累计现金分红总额占累计归属于上市公司股东净利润总额的43.00%。同时，公司于2022年9月-2023年3月回购股份超过1.2亿元，并全部用于注销并减少注册资本，通过回购并注销公司股份，增厚投资者回报。公司董事、高级管理人员看好公司长期投资价值，同时为提升投资者信心，于2022年10月-2023年1月增持金额5049.67万元。研发管线储备丰富，海外拓展打开第二增长曲线。公司营业收入自上市以来的5.52亿元(2016年)增至2022年的31.57亿元，复合增长率为33.73%；自公司上市至2023年半年度，公司累计研发投入总额占累计营业收入总额比例达17.57%。从研发管线来看，公司持续聚焦疫苗行业，拥有专利80余项，已上市及获批紧急使用的产品11种，在研品种30余项，基本涵盖全球重磅疫苗品种。从国际化战略来看，自2022年以来，公司相继与印度尼西亚、巴基斯坦、沙特、孟加拉、埃及、巴林等十多个国家合作方签署合作协议，涵盖13价肺炎球菌多糖结合疫苗、23价肺炎球菌多糖疫苗等疫苗品种。2023年5月公司分别与沙特医药进口商和印度头部制药企业达成合作；2023年10月公司13价肺炎球菌多糖结合疫苗获得印度尼西亚上市许可证，未来有望为公司业绩贡献新的增长点。目前公司已形成具有行业竞争力的多元化创新化产品管线布局，未来随着公司在研产品陆续获批上市，将为公司持续发展提供重要保障，进一步增强公司竞争实力。盈利预测及投资建议。新冠疫苗拖累基本出清，公司开始释放利润，后续重点关注13价肺炎和三代狂犬上市后的放量节奏，根据公司23年业绩预告，我们预计23-25年业绩分别为8.9/11.4/13.8亿元，对应当前PE分别为29/23/19倍，维持“买入”评级。风险提示：市场竞争加剧的风险；产品销售不及预期；政策超预期的风险。,,德邦证券,买入,[None],2024-03-10,,买入,5537384,pdf_downloads/2024/2024-03-10/300601-康泰生物（300601）：发布“质量回报双提升”方案，看好公司长期发展潜力.pdf,300601,康泰生物,康泰生物（300601）：发布“质量回报双提升”方案，看好公司长期发展潜力,"{
    ""forecasts"": [
        {
            ""year"": 2023,
            ""net_profit"": 8.9,
            ""eps"": null,
            ""pe"": 29
        },
        {
            ""year"": 2024,
            ""net_profit"": 11.4,
            ""eps"": null,
            ""pe"": 23
        },
        {
            ""year"": 2025,
            ""net_profit"": 13.8,
            ""eps"": null,
            ""pe"": 19
        }
    ]
}",,29.0,23.0,19.0,,,,,,,,
孙建,推出股权激励计划事件：2023年12月11日，公告2023年股票期权与限制性股票激励计划（草案），100%行权条件是以2023年为基数， 2024年、2025年及2026年扣非净利润相比2023年增长率分别不低于25%、50%、70%。过去几年，公司新冠疫苗销售有所波动，从而表观收入和利润增速波动较大。但同时公司也有13价肺炎疫苗、人源狂犬疫苗等多个重磅常规疫苗产品获批并处于商业化放量阶段，后续在研管线丰富，公司成长驱动力强劲，未来业绩增长可期。在此阶段，公司推出股权激励一方面可以调动公司员工积极性，另一方面也彰显公司长期发展的信心。人源狂犬疫苗获批，完善产品梯队，提升差异化竞争力2023年9月15日公司公告子公司民海生物的冻干人用狂犬病疫苗（人二倍体细胞）获批上市，包括“5针法”和“2-1-1”（四针法）两种免疫程序，其中四针法人源狂犬疫苗可以减少接种次数、提高患者依从性，具备差异化竞争优势。随着康泰生物的人源狂犬疫苗获批，国内有康华生物和康泰生物两家人源狂犬疫苗上市，市场格局良好，共同加速狂犬疫苗（Vero细胞）向狂犬疫苗（人二倍体细胞）的产品提升进程。疫苗出海，广阔空间、踏上新征程2023年12月11日，康泰生物子公司民海生物与埃及疫苗企业Gennvax Egypt签署《13价肺炎球菌多糖结合疫苗授权代理及技术转移协议》。双方达成民海生物13价肺炎结合疫苗的代理许可和技术转移的商业合作，将共同推进成品疫苗在埃及获批上市，以及在当地进行原液分装。随着国内疫苗渗透率提升，国内疫苗企业已经处于“立足本土、着眼海外”的阶段，提升自身产品线的市场天花板，出海已经成为国内疫苗头部企业的新增量。盈利预测与估值我们预计公司 2023-2025 年营业收入分别为33.63/41.96/50.48亿，同比增长6.52%/24.76%/20.31%；2023-2025 年归母净利润分别为9.37/11.93/14.45亿，对应当前PE分别为35.05x/27.53x/22.73x；维持“增持”评级。风险提示：新产品招标进展不确定、在研产品研发进展不确定。,,浙商证券,增持,[None],2023-12-18,,增持,5449510,pdf_downloads/2023/2023-12-18/300601-康泰生物（300601）：点评报告：新疫苗获批，出海踏征途，激励显信心.pdf,300601,康泰生物,康泰生物（300601）：点评报告：新疫苗获批，出海踏征途，激励显信心,"{
    ""forecasts"": [
        {
            ""year"": 2025,
            ""net_profit"": 14.45,
            ""eps"": null,
            ""pe"": 22.73
        }
    ]
}",,,,,22.73,,,,,,,
"张佳博,陈益凌,马千里",前三季度营收同比持平。公司2023年前三季度实现营收24.64亿元（同比-3.9%），归母净利润6.97亿元（同比+243.1%），扣非归母净利润5.99亿元（同比+316.8%）。分季度看，2023Q1/Q2/Q3分别实现营收7.48/9.82/7.34亿元，分别同比-14.1%/+2.7%/-0.5%；分别实现归母净利润2.05/3.05/1.87亿元，分别同比-24.9%/+299.2%/+125.8%。研发费用率改善。2023Q1-3公司毛利率为86.0%（同比-0.97pp，较2022年全年水平+1.88pp）、净利率为28.3%（同比+20.36pp，主要为上年同期受到资产减值影响）。销售费用率34.3%（同比-0.26pp）、管理费用率7.0%（同比-0.33pp）、财务费用率-0.08%（+0.77pp）、研发费用率14.5%（同比-8.10pp），主要由于上年同期新冠疫苗Ph3临床支出费用化所致。人二倍体狂犬疫苗获批上市，在研管线储备丰富。公司冻干人用狂犬病疫苗（人二倍体细胞）于2023年9月获批上市，采用“5针法”和“2-1-1”（4针法）两种免疫程序；临床结果表明，两种免疫程序全程接种后，均有良好的安全性、免疫原性和免疫持久性。公司目前拥有30余项在研管线，其中水痘减毒活疫苗处于申请药品注册批件阶段，并已完成注册现场核查及GMP符合性检查；Sabin株脊髓灰质炎灭活疫苗（Vero细胞）已获得Ph3临床试验总结报告；四价手足口病疫苗、麻腮风水痘疫苗、20价肺炎球菌多糖结合疫苗、重组带状疱疹疫苗、重组呼吸道合胞病毒疫苗（RSV）等品种作为中长期管线布局。投资建议：公司重磅品种人二倍体狂犬疫苗获批上市，预计2024年开始商业化并贡献业绩增量；中长期管线储备丰富，多个品种处于报产及Ph3临床阶段，未来2~3年有望陆续推向市场；国际化战略初见成效，13价肺炎球菌多糖结合疫苗产品获得印度尼西亚上市许可。根据公司三季度报告，我们对公司盈利预测进行调整，预计2023-2025年净利润分别为10.02/14.15/18.95亿元（前值为10.54/15.57/19.70亿元），目前股价对应PE分别为34/24/18x，维持“买入”评级。风险提示：产品销售不达预期的风险，在研管线失败的风险等。,,国信证券,买入,[None],2023-11-01,,买入,5371533,pdf_downloads/2023/2023-11-01/300601-康泰生物（300601）：人二倍体狂犬疫苗获批，国际化稳步推进.pdf,300601,康泰生物,康泰生物（300601）：人二倍体狂犬疫苗获批，国际化稳步推进,"{
    ""forecasts"": [
        {
            ""year"": 2023,
            ""net_profit"": 10.02,
            ""eps"": null,
            ""pe"": 34
        },
        {
            ""year"": 2024,
            ""net_profit"": 14.15,
            ""eps"": null,
            ""pe"": 24
        },
        {
            ""year"": 2025,
            ""net_profit"": 18.95,
            ""eps"": null,
            ""pe"": 18
        }
    ]
}",,,34.0,24.0,18.0,,,,,,,
陈铁林,"事件: 公司发布 2023 年三季报，2023 前三季度实现营收 24.6 亿元 (同比-3.9%)，归母净利润 7.0亿(同比+243.1%)，扣非归母净利润 6.0 亿元(同比+316.8%)。单Q3 实现营收 7.3 亿元 (同比-0.4%)，归母净利润 1.9 亿元(同比+125.8%)，扣非归母净利润 1.7 亿元 (同比+195.0%)。业绩符合预期，看好人二倍体狂苗获批后带来业绩新增量。2023Q1-Q3 从批签发情况来看，四联苗和 13 价肺炎疫苗批签发批次分别为 23 个(同比+53.3%)和15个和批次 (同比-48.3%)，百白破9个 (周比+350.0%),目前 13 价肺炎疫苗还处于快速增长阶段，此外，人二倍体狂苗也已于今年9月获得药品注册证书，后续有望给公司带来新的业绩增长点。2023Q3 公司销售毛利率和净利率分别为 84.4%和 25.4%，销售费用率、管理费用率财务费用率分别为 33.9% (-4.0pct)、9.7%(+1.8pct)、-0.1%(+0.3pct)e研发管线稳步推进，海外市场有望打开长期成长空间。从研发管战来看,公司持续聚焦疫苗行业，拥有专利 70 余项，已上市及获批紧急使用的产品10种，在研品种30 余项，基本涵盖全球重磅疫苗品种。2023年9月22日，公司百白破-Hib-IPV 五联苗正式开启1 期临床实验。从国际化战略来看，13 价和 23 价肺炎疫苗出海稳步推定，与印度尼西亚、巴基斯坦、沙特、印度等国合作方签署合作协议。2023 年5月公司分别与沙特医药进口商和印度头部制药企业达成合作: 2023 年 10 月公司 13 价肺炎球菌多糖结合疫苗获得印度尼西亚上市许可证，未来有望为公司业绩贡献新的增长点。盈利预测及投责建议。新冠疫苗拖累基本出清，公司开始释放利润，后续重点关注 13 价肺炎和三代狂犬上市后的放量节奏，预计 23-25 年业绩分别为 10.1/14.0/17.1 亿元，对应当前 PE 分别为 32/23/19 倍，维持“买入”评级。风险提示:市场竞争加剧的风险: 产品销售不及预期: 政策超预期的风险。",,德邦证券,买入,[None],2023-10-30,,买入,5365130,pdf_downloads/2023/2023-10-30/300601-康泰生物（300601）：业绩符合预期，关注“13价肺炎+三代狂犬”放量节奏.pdf,300601,康泰生物,康泰生物（300601）：业绩符合预期，关注“13价肺炎+三代狂犬”放量节奏,"{
    ""forecasts"": [
        {
            ""year"": 2023,
            ""net_profit"": 10.1,
            ""eps"": null,
            ""pe"": 32
        },
        {
            ""year"": 2024,
            ""net_profit"": 14.0,
            ""eps"": null,
            ""pe"": 23
        },
        {
            ""year"": 2025,
            ""net_profit"": 17.1,
            ""eps"": null,
            ""pe"": 19
        }
    ]
}",,,32.0,23.0,19.0,,,,,,,
"祝嘉琦,张楠",事件：2023年10月26日，公司发布2023年三季报。2023年前三季度实现营业总收入24.64亿元，同比下滑3.92%；归母净利润6.97亿元，同比增长243.13%；扣非归母净利润5.99亿元，同比增长316.82%。新冠出清释放利润，PCV13放量。分季度来看，23Q3实现营收7.34亿元（-0.45%），归母净利润1.87亿元（+125.81%），扣非归母净利润1.69亿元（+194.95%），23Q3利润表观高增速主要在于去年新冠资产减值及研发支出费用化等造成利润低基数。销售费率保持稳定，研发投入持续增加。2023年前三季度公司销售费用8.46亿元（-4.64%），销售费率34.31%（-0.26pp）。管理费用1.71亿元（-8.31%），管理费率6.95%（-0.33pp）。研发费用3.59亿元（-38.28%），研发费率14.55%（-8.10pp）。财务费率-0.08%（+0.77pp）。2023年前三季度应收款项合计26.53亿元，占收入107.64%（+15.88pp）。存货余8.52亿元，占资产比重5.79%（-0.15pp）。产品管线进入收获期，布局多个重磅品种。人二倍体狂苗23Q3上市，水痘疫苗等已申请上市，MCV4、EV71、IPV等多个II/III期品种值得期待。同时公司也布局DTaP-IPV-Hib 五联苗、DTaP-IPV四联苗、麻腮风水痘四联苗、五价口服轮状病毒活疫苗、四价手足口病疫苗、四价流感病毒裂解疫苗、PCV20等多个前沿重磅品种。盈利预测与投资建议：结合公司三季度业绩及终端动销情况，我们调整2023-2025年公司营业收入分别为36.32、50.65、67.23亿元（调整前值为42.82、58.27、79.89亿元），同比增长15.05%、39.45%、32.73%；归母净利润分别为10.23、14.15、18.66亿元（调整前值为11.95、16.68、22.71亿元），同比增长871.11%、38.32%、31.85%。公司作为在研产品管线最为丰富的疫苗公司之一，13价肺炎结合疫苗、人狂犬病疫苗（人二倍体细胞）进入放量期，维持“买入”评级。风险提示：研发进度低于预期风险，疫苗产品销售不达预期风险，疫苗行业负面事件风险；新冠病毒变异导致疫苗失效风险；研究报告使用的公开资料可能存在信息滞后或更新不及时的风险。,,中泰证券,买入,[None],2023-10-30,,买入,5364889,pdf_downloads/2023/2023-10-30/300601-康泰生物（300601）：新冠出清释放利润，PCV13、HDCV进入放量期.pdf,300601,康泰生物,康泰生物（300601）：新冠出清释放利润，PCV13、HDCV进入放量期,"{
    ""forecasts"": [
        {
            ""year"": 2023,
            ""net_profit"": 10.23,
            ""eps"": null,
            ""pe"": null
        },
        {
            ""year"": 2024,
            ""net_profit"": 14.15,
            ""eps"": null,
            ""pe"": null
        },
        {
            ""year"": 2025,
            ""net_profit"": 18.66,
            ""eps"": null,
            ""pe"": null
        }
    ]
}",,,,,,,,,,,,
杜向阳,事件：公司发布2023年三季报，实现营业收入24.6亿元，同比下滑3.9%；实现归属于母公司股东净利润7亿元（+243.1%）；实现扣非后归母净利润6亿元（+316.8%）。常规疫苗略有增长。分季度来看，公司2023Q1/Q2/Q3单季度营业收入分别为7.5/9.8/7.3亿元（-14.1%/+2.7%/-0.5%），实现归母净利润分别为2.1/3.1/1.9亿元（-25%/+299%/+125.8%）。常规疫苗收入受行业政策影响以及新生儿下滑影响与去年同期比略有增长。从盈利能力来看，公司2023年Q1-3毛利率为86.1%（-1pp），销售费用率为34.3%（-0.3pp），管理费用率为7%（-0.3pp），基本保持稳定。净利率为28.3%（+20.3pp），主要系去年同期新冠资产减值以及研发费用化处理基数较低所致，研发费用率为14.5%（-8pp）。23Q1-3季度常规疫苗收入基本持平。2023年Q1-3公司主要产品13价肺炎结合疫苗销售收入以及四联苗与去年同期基本持平，13价肺炎结合疫苗、四联苗以及乙肝疫苗合计收入占比约90%以上。未来2-3年产品获批阶梯性增长，贡献公司长期业绩增量。公司目前共有在研项目30多个，已有16项进入注册程序。预计未来两年有4-5个新品种获批。其中冻干二倍体狂苗、冻干水痘疫苗已完成现场核查及GMP检验。此外， MCV4疫苗已完成三期临床总结报告、IPV疫苗已获得临床Ⅲ期试验总结报告，重组EV71疫苗已经完成Ⅱ期临床，五价轮状病毒疫苗处于临床一期，产品管线立足创新，着重解决现存未满足需求，长期发展动力充足。盈利预测与投资建议。预计2023-2025年EPS分别为0.92元、1.40元及1.77元。长期看，新产品13价肺炎疫苗、人二倍体狂苗获批上市2023年有望加速放量，作为国内创新疫苗企业龙头，公司在研管线丰富，未来2-4年将有多个品种获批，长期增长趋势较为明确，维持“买入”评级。风险提示：新产品研发低于预期风险，产品降价风险。,,西南证券,买入,[None],2023-10-27,,买入,5361654,pdf_downloads/2023/2023-10-27/300601-康泰生物（300601）：常规疫苗略有增长，期待人二倍体狂苗放量.pdf,300601,康泰生物,康泰生物（300601）：常规疫苗略有增长，期待人二倍体狂苗放量,"{
    ""forecasts"": [
        {
            ""year"": 2023,
            ""net_profit"": null,
            ""eps"": 0.92,
            ""pe"": null
        },
        {
            ""year"": 2024,
            ""net_profit"": null,
            ""eps"": 1.40,
            ""pe"": null
        },
        {
            ""year"": 2025,
            ""net_profit"": null,
            ""eps"": 1.77,
            ""pe"": null
        }
    ]
}",,,,,,,,,0.92,1.4,1.77,
"代雯,张云逸,高初蕾",3Q23收入同比基本持平公司公告1~3Q23营收、归母净利、扣非净利24.6、7.0、6.0亿元（-4%、+243%、+317% yoy），剔除去年同期新冠疫苗影响，我们预计常规疫苗收入同比个位数增长，利润大幅增长主因1~3Q22计提新冠相关减值致基数较低。3Q23实现收入、归母净利、扣非净利7.3、1.9、1.7亿元（-0.5%、+126%、+195% yoy）。我们预计2023-25年归母净利11.1/14.5/19.0亿元，考虑到PCV13稳步放量，给予公司2023年PE估值35倍（可比公司Wind一致预期PE中值33倍，基于方差较大采取中值；考虑公司国际化潜力给予溢价），对应目标价34.71元（前值36.70元），维持“买入”。季度销售略受诊疗环境影响：PCV13延续增势，四联苗有所回落1）我们预计1～3Q23 DTaP-Hib收入7~8亿元（1～3Q22 9~10亿元），3Q23收入约2亿元（2Q22约2~3亿元），预计主因新生儿出生量波动。四联苗为成熟品种、增长依赖POV渗透，未来预计保持平稳增长；2）我们估算1～3Q23 HepB收入约~5亿元，同比基本持平，预计2023年保持平稳；3）我们预计1~3Q23 PCV13收入~10亿元（1~3Q22 7~7.5亿元），3Q23收入3~4亿元，公司已完成30个省份准入、覆盖率2023年目标提至60%，我们预计23年收入有望同比+30~40%至13~14亿元。在研管线顺利推进1）9M23人二倍体狂苗获批，为国内第二家获批，考虑生产及批签发节奏，我们预计有望于2H24开始贡献收入；2）我们预计冻干痘苗有望于1H24获批；3）IPV和MenACYW已获得III期临床试验总结报告，rEV71二期完成，RV5、IIV4处于临床一期，五联苗、百白破脊灰、麻腮风、破伤风、四联苗获批临床，有望逐步推进补充产品阵列；3）新冠疫苗研发方面，灭活海外三期中，二代苗在灭活及mRNA双路径推进中。疫苗国际化：PCV13获印尼批件，2024起有望贡献增量1）10M23公司PCV13获得印尼上市许可，2022年印尼新生儿约443万人，已获批PCV13企业包括辉瑞、沃森等，公司将积极参与当地疫苗招投标，有望于2024年逐步获得订单，未来实现本地化生产后有望进一步扩大份额。此外，公司已与巴基斯坦、沙特、印度等就PCV13及水痘疫苗签署合作协议。2）财务指标：1~3Q23公司销售费率34.3%，同比-0.3pct；管理费率7.0%，同比-0.3pct，我们预计主因费用控制；研发费率14.6%，同比-8.0pct。1~3Q23经营净现金流同比提升140%至6.3亿元，主因上年同期支付特许权使用费。风险提示：研发不达预期，产品推广不达预期。,,华泰证券,买入,[None],2023-10-27,,买入,5361211,pdf_downloads/2023/2023-10-27/300601-康泰生物（300601）：品种表现分化，国际化再获进展.pdf,300601,康泰生物,康泰生物（300601）：品种表现分化，国际化再获进展,"{
  ""forecasts"": [
    {
      ""year"": 2023,
      ""net_profit"": 11.1,
      ""eps"": null,
      ""pe"": 35
    },
    {
      ""year"": 2024,
      ""net_profit"": null,
      ""eps"": null,
      ""pe"": null
    },
    {
      ""year"": 2025,
      ""net_profit"": 19.0,
      ""eps"": null,
      ""pe"": null
    }
  ]
}",,,35.0,,,,,,,,,
"吴景欢,胡博新",康泰生物股份近期发布报告：公司全资子公司北京民海生物科技有限公司（以下简称“民海生物”）研发的冻干人用狂犬病疫苗(人二倍体细胞)获国家药监局批准上市。冻干人用狂犬病疫苗（人二倍体细胞）用于预防狂犬病。投资要点狂犬疫苗属于刚性需求，市场空间广阔。狂犬病一旦有症状出现，病死率接近 100%。暴露后接种人用狂犬病疫苗在我国属于刚性需求。据统计， 2021 年我国人用狂犬病疫苗的产值约为 94 亿元，较 2017 年增长一倍，年复合增长率为20.22%。2022年全年狂犬病疫苗共完成批签发912批次，在各类疫苗产品中排名第一，已经成为我国非免疫规划疫苗中批签发量最大的疫苗之一，属于用量大、成熟稳定的疫苗品种，市场空间广阔。人二倍体细胞狂犬疫苗优势显著，渗透率有望持续提升。我国目前Vero细胞狂犬疫苗市占比最高，人二倍体狂苗市占率2021年约占5%。民海生物研发的冻干人用狂犬病疫苗使用人二倍体细胞制备，采用“5 针法”和“2-1-1”（四针法） 两种免疫程序。临床结果表明，两种免疫程序全程接种后，均有良好的安全性、免疫原性和免疫持久性。与其他疫苗相比，人二倍体细胞是人源性的细胞，具有免疫原性好、安全性好、免疫持续时间长等优势。目前国内已上市的人二倍体狂犬病疫苗仅康华生物一家，市场格局良好。此外，相比国内狂犬疫大多数苗的5针法接种方式，四针法可为患者节约接种时间。鉴于二倍体狂犬疫苗的显著优势，且随着产能增长，其渗透率有望持续提升，市场前景良好。新版狂犬病暴露预防处置工作规范发布，增加四针法接种方式2023年9月16日，国家疾控局发布《狂犬病暴露预防处置工作规范（2023年版）》，将首次暴露后的狂犬病疫苗接种程序增至两种（五针和四针），其中四针为新增，且规定狂犬病预防处置门诊原则上应配备至少两种不同种类的狂犬病疫苗。此次规范的发布，将有助于狂犬疫苗四针法的推广和接种应用。,,华鑫证券,买入,[None],2023-09-18,,买入,5330458,pdf_downloads/2023/2023-09-18/300601-康泰生物（300601）公司事件点评报告：人二倍体狂犬疫苗获批上市，增添公司发展新动.pdf,300601,康泰生物,康泰生物（300601）公司事件点评报告：人二倍体狂犬疫苗获批上市，增添公司发展新动,"{
  ""forecasts"": [
    {
      ""year"": null,
      ""net_profit"": null,
      ""eps"": null,
      ""pe"": null
    }
  ]
}",,,,,,,,,,,,
Kehan Meng,半年报业绩高增长，新品快速放量。2023H1公司营收17.3亿元，同比下滑5.3%，归母净利润5.1亿元，同比增长323.6%，扣非净利润4.3亿元，同比增长397.5%，经营活动产生的现金流净额3.4亿元，同比增长214.7%。2023H1末公司应收账款27.5亿元，占总资产19.3%，较上年末增加2.7pct。分产品看，公司常规疫苗销售收入17.6亿元，同比增长7.0%，其中13价肺炎球菌多糖结合疫苗销售收入同增61.3%，23价肺炎球菌多糖疫苗销售收入同增64.2%。（上半年免疫规划疫苗收入-875万元，系产品退货影响所致。）费用率控制良好，后COVID-19时代研发费用率下降。2023H1公司销售费用6.0亿元，占营收34.5%，较上年同期增加1.3pct；管理费用1.0亿元，占营收5.8%，较上年同期下降1.3pct；研发费用2.4亿元，占营收14.2%，较上年同期下降4.5pct。积极推进高端肺炎疫苗国际化进程。自2022年以来，公司相继与菲律宾、印度尼西亚、巴基斯坦、沙特、印度等国合作方签署合作协议，持续拓展13价肺炎球菌多糖结合疫苗、23价肺炎球菌多糖疫苗等疫苗品种的海外布局。未来，公司将持续加大国际化拓展力度，积极开拓国际市场合作及销售路径，加强产品海外注册工作，探索产品多元化销售渠道，推动公司国际化战略。二倍体狂犬疫苗蓄势待发。公司研发管线丰富，冻干人用狂犬病疫苗（人二倍体细胞）、水痘减毒活疫苗已完成注册现场核查及GMP符合性检查。Sabin株脊髓灰质炎灭活疫苗（Vero细胞）、甲型肝炎灭活疫苗等已完成III期临床研究现场工作。盈利预测与估值。考虑到上半年产品放量不及预期，以及反腐的不确定性，我们调整公司2023-25年归母净利润分别10.7亿、14.1亿、18.1亿元（ 原2023-24年预测为17.9亿、24.2亿元），分别同比增长908.1%、31.8%、27.9%。参考可比公司，万泰生物、智飞生物2024年PE分别为9倍、10倍。考虑可比公司HPV疫苗销售体量较大，而公司是国内研产销俱佳的疫苗龙头，我们给予公司2024年P/E 26倍（原为2023年25x），目标价32.89元（此前39.85元，-17%），市值367亿元，维持“优于大市”评级。风险提示。产品放量不及预期风险、研发失败风险。,,海通国际证券,优于大市,[None],2023-09-13,,买入,5325632,pdf_downloads/2023/2023-09-13/300601-康泰生物（300601）公司半年报：半年报业绩高增长，积极推进国际化.pdf,300601,康泰生物,康泰生物（300601）公司半年报：半年报业绩高增长，积极推进国际化,"{
  ""forecasts"": [
    {
      ""year"": 2023,
      ""net_profit"": 10.7,
      ""eps"": null,
      ""pe"": null
    },
    {
      ""year"": 2024,
      ""net_profit"": 14.1,
      ""eps"": null,
      ""pe"": 26
    },
    {
      ""year"": 2025,
      ""net_profit"": 18.1,
      ""eps"": null,
      ""pe"": null
    }
  ]
}",,,,26.0,,,,,,,,
"张佳博,陈益凌,马千里",营收同比持平，归母净利润扭亏为盈。公司2023H1实现营收17.31亿元（同比-5.3%），其中常规疫苗销售收入同比增长7.0%，分具体产品看，13价肺炎球菌多糖结合疫苗销售收入同比+61.3%、23价肺炎多糖疫苗销售收入同比+64.2%；归母净利润5.10亿元（同比323.6%），扣非归母净利润4.30亿元（同比+397.5%）。分季度看，2023Q1/Q2分别实现营收7.48亿元/9.82亿元，分别同比-14.1%/+2.7%，分别环比+26.3%/+31.2%；分别实现归母净利润2.05亿元/3.05亿元，分别同比-24.9%/+299.2%，分别环比+161.2%/48.4%，经营情况逐季度改善。产品管线储备丰富，人二倍体狂犬疫苗获批在即。公司目前拥有在研管线30余项，其中冻干人用狂犬病疫苗（人二倍体细胞）、水痘减毒活疫苗处于申请药品注册批件阶段，并已完成注册现场核查及GMP符合性检查；Sabin株脊髓灰质炎灭活疫苗（Vero细胞）已获得Ph3临床试验总结报告；四价手足口病疫苗、麻腮风水痘疫苗、20价肺炎球菌多糖结合疫苗、重组带状疱疹疫苗、重组呼吸道合胞病毒疫苗（RSV）等品种作为中长期管线布局。国际化战略持续推进。2023年公司已先后与巴基斯坦、印度尼西亚、沙特阿拉伯、印度等国的合作伙伴达成战略合作，共同推进23价肺炎球菌多糖疫苗、13价肺炎球菌多糖结合疫苗等产品在海外的注册、销售及当地生产等商业化运营进程。投资建议：维持“买入”评级公司常规品种上半年稳健增长，其中核心产品13价肺炎球菌多糖结合疫苗销售额同比+61%；在研品种人二倍体狂犬疫苗已报产并完成现场检查及GMP符合性检查，预计即将获批，中长期管线储备丰富，国际化战略持续推进。根据半年报情况，我们对公司盈利预测进行小幅下调，预计2023-2025年营收分别为40.40/54.59/64.61亿元（前值为42.22/54.75/65.08亿元），净利润分别为10.54/15.57/19.70亿元（前值为11.31/15.64/19.85亿元），目前股价对应PE分别为30/20/16x，维持“买入”评级。风险提示：产品上市后销售不及预期的风险，在研产品临床失败的风险等。,,国信证券,买入,[None],2023-08-31,,买入,5307432,pdf_downloads/2023/2023-08-31/300601-康泰生物（300601）：核心产品13价肺炎疫苗同比增长61%，人二倍体狂犬疫苗值得期待.pdf,300601,康泰生物,康泰生物（300601）：核心产品13价肺炎疫苗同比增长61%，人二倍体狂犬疫苗值得期待,"{
    ""forecasts"": [
        {
            ""year"": 2023,
            ""net_profit"": 10.54,
            ""eps"": null,
            ""pe"": 30
        },
        {
            ""year"": 2024,
            ""net_profit"": 15.57,
            ""eps"": null,
            ""pe"": 20
        },
        {
            ""year"": 2025,
            ""net_profit"": 19.70,
            ""eps"": null,
            ""pe"": 16
        }
    ]
}",,,30.0,20.0,16.0,,,,,,,
杜向阳,投资要点事件：公司发布2023年半年报，实现营业收入17.3亿元，同比下滑5.3%；实现归属于母公司股东净利润5.1亿元（+323.6%）；实现扣非后归母净利润4.3亿元（+397.5%）。常规疫苗实现增长，盈利能力有所改善。分季度来看，公司2023Q1/Q2单季度营业收入分别为7.5/9.8亿元（-14.1%/+2.7%），实现归母净利润分别为2.1/3.1亿元（-25%/+299%）。环比业绩有所改善，主要系疫情影响逐渐消除，常规品种实现放量，利润端增速较快，主要系去年同期有新冠资产减值影响，基数较低。从盈利能力来看，公司2023年H1毛利率为86.8%（+0.07pp），销售费用率为34.5%（+1.2pp），管理费用率为5.8%（-1.2pp），基本保持稳定。净利率为29.5%（+23pp），主要系去年同期新冠资产减值以及研发费用化处理基数较低所致，研发费用率为14.2%（-4.5pp）。肺炎产品矩阵增速较快。2023年H1公司常规疫苗（不含新冠疫苗）实现销售收入17.6亿元，同比增长7%。其中，主要产品13价肺炎结合疫苗销售收入较上年同期增长61%，23价肺炎多糖疫苗销售收入较上年同期增长 64.2%，公司新产品13价肺炎球菌多糖结合疫苗逐步放量。未来2-3年产品获批阶梯性增长，贡献公司长期业绩增量。公司目前共有在研项目30多个，已有16项进入注册程序。预计未来两年有4-5个新品种获批。其中冻干二倍体狂苗、冻干水痘疫苗已完成现场核查及GMP检验。此外， MCV4疫苗已完成三期临床总结报告、IPV疫苗已获得临床Ⅲ期试验总结报告，重组EV71疫苗已经完成Ⅱ期临床，五价轮状病毒疫苗处于临床一期，产品管线立足创新，着重解决现存未满足需求，长期发展动力充足。盈利预测与投资建议。预计2023-2025年EPS分别为0.96元、1.39元及1.69元。长期看，新产品13价肺炎疫苗、人二倍体狂苗获批上市2023年有望加速放量，作为国内创新疫苗企业龙头，公司在研管线丰富，未来2-4年将有多个品种获批，长期增长确定性强，维持“买入”评级。风险提示：新产品研发或低于预期，产品降价风险。,,西南证券,买入,[None],2023-08-29,,买入,5303679,pdf_downloads/2023/2023-08-29/300601-康泰生物（300601）：13价肺炎疫苗增长迅速，期待人二倍体狂苗上市.pdf,300601,康泰生物,康泰生物（300601）：13价肺炎疫苗增长迅速，期待人二倍体狂苗上市,"{
    ""forecasts"": [
        {
            ""year"": 2023,
            ""net_profit"": null,
            ""eps"": 0.96,
            ""pe"": null
        },
        {
            ""year"": 2024,
            ""net_profit"": null,
            ""eps"": 1.39,
            ""pe"": null
        },
        {
            ""year"": 2025,
            ""net_profit"": null,
            ""eps"": 1.69,
            ""pe"": null
        }
    ]
}",,,,,,,,,0.96,1.39,1.69,
"代雯,张云逸,高初蕾",康泰生物(300601)1H23常规疫苗收入同比增长7%公司公告1H23营收、归母净利、扣非净利17.3、5.1、4.3亿元（-5%、+324%、+398%yoy），其中常规疫苗收入同比增长7%，利润大幅增长主因1H22计提新冠相关减值致基数较低。2Q23实现收入、归母净利、扣非净利9.8、3.0、2.4亿元（+3%、+299%、+248%yoy）。我们预计2023-25年归母净利11.1/14.5/19.0亿元，考虑到PCV13稳步放量，给予公司2023年PE估值37倍（可比公司Wind一致预期PE均值37倍），对应目标价36.70元（前值38.68元），维持“买入”。PCV13快速放量，四联苗高基数下有所下滑1）我们预计1H23DTaP-Hib收入5~6亿元（1H22~8亿元），1Q23、2Q23收入约2~3、3~4亿元，2Q22高基数（约4~5亿元）下有所下滑。四联苗为成熟品种、增长依赖POV渗透，预计2023年收入增长10~20%至13~14亿元（销量约350万支）；2）我们估算1H23HepB收入约3~4亿元、同比基本持平，预计2023年增长10~20%；3）我们预计1H23PCV13收入6~7亿元（销量约150~180万支，1H22收入4~5亿元），2Q23收入3~4亿元，公司基本完成准入、覆盖率2023年目标提至60%（2022年30%），2023年有望同比增长70-90%冲刺350-400万支销量、16~18亿元收入。在研管线顺利推进1）我们预计人二倍体狂苗有望于年内获批，今年主攻犬伤门诊准入，有望于4Q23起贡献部分收入；冻干痘苗预计年内有望获批；2）IPV已完成III期临床试验，MenACYW处于三期尾声，rEV71二期完成，RV5、IIV4处于临床一期，五联苗、百白破脊灰、麻腮风、破伤风获批临床，有望逐步推进补充产品阵列；3）新冠疫苗研发方面，灭活海外三期中，二代苗在灭活及mRNA双路径推进中。财务指标稳健，疫苗出海持续推进1）1H23公司销售费率34.5%，同比+1.3pct，主因新冠疫苗收入下降；管理费率5.8%，同比-1.2pct，我们预计主因费用控制；研发费率14.2%，同比-4.4pct，主因新冠疫苗研发投入减少。经营净现金流同比提升215%至3.4亿元，主因1H22购买商品、劳务支出较高；2）1H23免疫规划疫苗收入-875万元，主因新冠疫苗预估退货；3）2022年来公司在国际化进程中成绩斐然，与巴基斯坦、印尼、沙特阿拉伯、印度的合作方签署合作协议，推动23价肺炎、13价肺炎等产品的当地注册、商业化运营进程。风险提示：研发不达预期，产品推广不达预期。,,华泰证券,买入,[None],2023-08-28,,买入,5301526,pdf_downloads/2023/2023-08-28/300601-康泰生物（300601）：PCV13快速放量，国际化持续推进.pdf,300601,康泰生物,康泰生物（300601）：PCV13快速放量，国际化持续推进,"{
    ""forecasts"": [
        {
            ""year"": 2023,
            ""net_profit"": 11.1,
            ""eps"": null,
            ""pe"": 37
        },
        {
            ""year"": 2024,
            ""net_profit"": 14.5,
            ""eps"": null,
            ""pe"": null
        },
        {
            ""year"": 2025,
            ""net_profit"": 19.0,
            ""eps"": null,
            ""pe"": null
        }
    ]
}",,,37.0,,,,,,,,,
"吴景欢,胡博新","康泰生物股份发布2023年中报：2023年上半年实现营收17.31亿元，同比下降5.32%；实现归母净利润5.10亿元，同比增长323.58%；扣非归母净利润4.30亿元，同比增长397.50%。2023年二季度单季实现营收9.82亿元，同比增长2.69%；实现归母净利润3.05亿元，同比增长299.21%；扣非归母净利润2.40亿元，同比增长248.27%。投资要点常规疫苗持续发力，肺炎球菌类疫苗增长明显2023 年上半年，公司实现归母净利润5.10亿元，同比增长323.58%，主要系公司上年同期计提减值准备金额较大，致使本期净利润较上年同期增长幅度较大。2023 年上半年，公司常规疫苗实现销售收入 17.64 亿元，同比增长 7.03%；其中，13 价肺炎球菌多糖结合疫苗销售收入同比增长61.30%，23 价肺炎球菌多糖疫苗销售收入同比增长64.19%。公司常规疫苗持续发力，重磅产品13 价肺炎球菌疫苗放量可期，将助力公司业绩保持增长。持续加大海外拓展力度，推动公司产品走向国际市场公司无细胞百白破 b 型流感嗜血杆菌联合疫苗（四联苗）、23价肺炎球菌多糖疫苗、重组乙型肝炎疫苗（酿酒酵母） 等已取得了部分国家出口的证书。自 2022 年以来，公司相继与菲律宾、印度尼西亚、巴基斯坦、沙特、印度等国合作方签署合作协议，共同推进 13价肺炎球菌多糖结合疫苗、 23价肺炎球菌多糖疫苗等品种的商业化。公司积极开拓国际市场合作及多元化销售渠道，推动公司产品走向国际化。研发管线储备丰富，联苗技术优势显著，狂犬疫苗（人二倍体）获批在即公司在研项目30余项，其中进入注册程序的16项。其中，冻干人用狂犬病疫苗（人二倍体细胞）、水痘减毒活疫苗处于申请药品注册批件阶段，并已完成注册现场核查及GMP符合性检查；Sabin 株脊髓灰质炎灭活疫苗（Vero 细胞）已获得Ⅲ期临床试验总结报告；四价流感病毒裂解疫苗、口服五价重配轮状病毒减毒活疫苗（Vero 细胞）开启Ⅰ 期临床试
验；麻腮风联合减毒活疫苗、吸附破伤风疫苗获得临床试验
批准通知书。未来随着公司重磅产品陆续获批上市，有望为
公司持续发展提供重要保障。",,华鑫证券,买入,[None],2023-08-27,,买入,5300468,pdf_downloads/2023/2023-08-27/300601-康泰生物（300601）公司事件点评报告：常规疫苗持续发力，肺炎球菌类疫苗增长明显，人二倍体狂犬疫苗获批在即.pdf,300601,康泰生物,康泰生物（300601）公司事件点评报告：常规疫苗持续发力，肺炎球菌类疫苗增长明显，人二倍体狂犬疫苗获批在即,"{
    ""forecasts"": [
        {
            ""year"": null,
            ""net_profit"": null,
            ""eps"": null,
            ""pe"": null
        }
    ]
}",,,,,,,,,,,,
"祝嘉琦,张楠",事件：2023年8月25日，公司发布2023年半年报。2023年上半年实现营业总收入17.31亿元，同比下滑5.32%；归母净利润5.10亿元，同比增长323.59%；扣非归母净利润4.30亿元，同比增长397.53%。新冠出清释放利润，PCV13放量。23年上半年业绩位于此前预告中值，常规疫苗销售收入17.64亿元，同比增长7.03%。其中13价肺炎结合疫苗同比61.30%，23价肺炎多糖疫苗同比64.19%。分季度来看，23Q2实现营收9.82亿元（+2.69%），归母净利润3.05亿元（+299.21%），23Q2利润表观高增速主要在于去年新冠资产减值及研发支出费用化等造成利润低基数。销售费率保持稳定，研发投入持续增加。2023年上半年公司销售费用5.96亿元（-1.75%），销售费率34.46%（+1.25pp）。管理费用1.00亿元（-22.18%），管理费率5.78%（-1.25pp）。研发费用2.45亿元（-28.01%），研发费率14.15%（-4.46pp）。财务费率-0.08%（+0.92pp）。2023年上半年应收款项合计27.54亿元，占收入159.14%（+37.83pp）。存货余8.10亿元，占资产比重5.67%（-1.08pp）。产品管线进入收获期，布局多个重磅品种。人二倍体狂苗、水痘疫苗等已申请上市，MCV4、EV71、IPV等多个II/III期品种值得期待。同时公司也布局DTaP-IPV-Hib 五联苗、DTaP-IPV四联苗、麻腮风水痘四联苗、五价口服轮状病毒活疫苗、四价手足口病疫苗、四价流感病毒裂解疫苗、PCV20等多个前沿重磅品种。盈利预测与投资建议：我们预计2023-2025年公司营业收入分别为42.82、58.27、79.89亿元，同比增长32.47%、39.32%、37.10%；归母净利润分别为11.95、16.68、22.71亿元，同比增长1000.67%、39.58%、36.14%。公司作为在研产品管线最为丰富的疫苗公司之一，13价肺炎结合疫苗进入放量期、人狂犬病疫苗（人二倍体细胞）等重磅产品有望上市，维持“买入”评级。风险提示：研发进度低于预期风险，疫苗产品销售不达预期风险，疫苗行业负面事件风险；新冠病毒变异导致疫苗失效风险；研究报告使用的公开资料可能存在信息滞后或更新不及时的风险。,,中泰证券,买入,[None],2023-08-27,,买入,5300340,pdf_downloads/2023/2023-08-27/300601-康泰生物（300601）：新冠出清利润释放，PCV13放量、HDCV上市在即.pdf,300601,康泰生物,康泰生物（300601）：新冠出清利润释放，PCV13放量、HDCV上市在即,"{
  ""forecasts"": [
    {
      ""year"": 2023,
      ""net_profit"": 11.95,
      ""eps"": null,
      ""pe"": null
    },
    {
      ""year"": 2024,
      ""net_profit"": 16.68,
      ""eps"": null,
      ""pe"": null
    },
    {
      ""year"": 2025,
      ""net_profit"": 22.71,
      ""eps"": null,
      ""pe"": null
    }
  ]
}",,,,,,,,,,,,
祝嘉琦,康泰生物(300601)投资要点事件：2023年7月20日，公司发布2023年半年度业绩预告。2023年上半年预计实现归母净利润4.80-5.40亿元，同比增长298-348%；扣非归母净利润3.99-4.59亿元，同比增长362-432%。23H1常规疫苗开始恢复，看好全年放量。2023H1公司常规疫苗（不含新冠疫苗）销售收入实现增长，其中13价肺炎疫苗增长约61.30%，23价肺炎疫苗增长约64.19%。随着新冠挤兑、疫情封控等不可控因素出清，常规疫苗尤其是重磅疫苗会明显进入放量周期，实现业绩良好增长。分季度来看，23Q2预计实归母净利润2.75-3.35亿元（+279-319%），实现扣非归母净利润2.10-2.70亿元（+229-267%）。批签发结合生产计划正常进行。2023H1四联苗批签发8批次，乙肝疫苗批签发28批次，PCV13批签发3批次（由于去年是上市销售的第一个完整年度，公司批签发较多批次，因此结合生产计划以及终端销售，今年上半年没有大量批签发），PPSV23批签发9批次。多个品种逐渐进入收获期，新型技术平台未雨绸缪。人二倍体狂苗、水痘疫苗等已申请上市，MCV4、EV71、IPV等多个II/III期品种值得期待。同时公司也布局DTaP-IPV-Hib五联苗、DTaP-IPV四联苗、麻腮风水痘四联苗、五价口服轮状病毒活疫苗、四价手足口病疫苗、四价流感病毒裂解疫苗、PCV20等多个前沿重磅品种。公司积极布局腺病毒载体、mRNA等新型技术平台，进一步丰富产品管线。盈利预测与投资建议：我们预计2023-2025年公司营业收入分别为42、58、80亿元，同比增长32.47%、39.32%、37.10%；归母净利润分别为11.95、16.68、22.71亿元，同比增长1000.67%、39.58%、36.14%。公司作为在研产品管线最为丰富的疫苗公司之一，13价肺炎结合疫苗进入放量期、人狂犬病疫苗（人二倍体细胞）等重磅产品有望上市，维持“买入”评级。风险提示：研发进度低于预期风险，疫苗产品销售不达预期风险，疫苗行业负面事件风险；新冠病毒变异导致疫苗失效风险；研究报告使用的公开资料可能存在信息滞后或更新不及时的风险。,,中泰证券,买入,[None],2023-07-21,,买入,5265935,pdf_downloads/2023/2023-07-21/300601-康泰生物（300601）：新冠出清释放利润，重磅疫苗持续放量.pdf,300601,康泰生物,康泰生物（300601）：新冠出清释放利润，重磅疫苗持续放量,"{
    ""forecasts"": [
        {
            ""year"": 2023,
            ""net_profit"": 11.95,
            ""eps"": null,
            ""pe"": null
        },
        {
            ""year"": 2024,
            ""net_profit"": 16.68,
            ""eps"": null,
            ""pe"": null
        },
        {
            ""year"": 2025,
            ""net_profit"": 22.71,
            ""eps"": null,
            ""pe"": null
        }
    ]
}",,,,,,,,,,,,
杜向阳,投资要点事件：公司发布2022年报及2023年一季报，2022年实现营业收入31.6亿元，同比下滑13.6%；实现归属于母公司股东净利润-1.3亿元；实现扣非后归母净利润-1.8亿元。2023年一季度实现营业收入7.5亿元，同比下滑14.1%，实现归属于母公司股东净利润2.1亿元，实现扣非后归母净利润1.9亿元，同比下滑23.6%。常规疫苗增速亮眼，新冠疫苗高基数影响表观增速。分季度来看，公司2022Q1/Q2/Q3/Q4单季度营业收入分别为8.7/9.6/7.4/5.9亿元（+214.6%/+23.4%/-44%/-53.5%），实现归母净利润分别为2.7/-1.5/0.8/-3.4亿元（+987.7%/-149%/-88%/-247.9%）。公司净利润较去年同期下降主要系新冠灭活疫苗相关资产计提减值及Ⅲ期临床支出费用化所致。从盈利能力来看，公司2022年毛利率为84.2%（+11pp），销售费用率为34.4%（+18.6pp），主要系新冠疫苗销量下滑所致，管理费用率为7.3%（+0.4pp），基本保持稳定。净利率为-4.2%，主要系新冠资产减值以及研发费用化处理所致，研发费用率为25.4%（+15.7pp），主要系公司加大研发投入所致。主营产品均实现较高增长。2022年公司常规疫苗（不含新冠疫苗）实现销售收入29.5亿元，同比增长85.4%。其中，主要产品四联苗销售收入较上年同期增长54.2%，乙肝疫苗销售收入较上年同期增长26.3%，公司新产品13价肺炎球菌多糖结合疫苗逐步放量。2023年第一季度常规疫苗（不含新冠疫苗）实现销售收入7.5亿元，较上年同期增长3.4%。未来2-3年产品获批阶梯性增长，贡献公司长期业绩增量。公司目前共有在研项目30多个，已有13项进入注册程序。预计未来两年有4-5个新品种获批。其中冻干二倍体狂苗作为行业金标准已经收到现场核查通知书，冻干水痘疫苗已于22年3月完成Ⅰ、Ⅲ期临床试验总结报告，结果显示公司疫苗对1~55岁健康水痘易感人群具有良好的免疫原性和安全性。此外，MCV4、IPV等疫苗均进入或完成临床Ⅲ期阶段，重组EV71疫苗已经完成Ⅱ期临床，目前正准备转做四价手足口病疫苗，五价轮状病毒疫苗等均已获得临床试验批准通知书，产品管线立足创新，着重解决现存未满足需求，长期发展动力充足。盈利预测与投资建议。预计2023-2025年EPS分别为0.96元、1.39元及1.69元。长期看，新产品13价肺炎疫苗、人二倍体狂苗获批上市2023年有望加速放量，作为国内创新疫苗企业龙头，公司在研管线丰富，未来2-4年将有多个品种获批，长期增长确定性较强，维持“买入”评级。风险提示：新产品研发低于预期风险，产品降价风险。,,西南证券,买入,[None],2023-04-26,,买入,5189676,pdf_downloads/2023/2023-04-26/300601-康泰生物（300601）：传统疫苗高速增长，明年三大品种齐发力.pdf,300601,康泰生物,康泰生物（300601）：传统疫苗高速增长，明年三大品种齐发力,"{
    ""forecasts"": [
        {
            ""year"": 2023,
            ""net_profit"": null,
            ""eps"": 0.96,
            ""pe"": null
        },
        {
            ""year"": 2024,
            ""net_profit"": null,
            ""eps"": 1.39,
            ""pe"": null
        },
        {
            ""year"": 2025,
            ""net_profit"": null,
            ""eps"": 1.69,
            ""pe"": null
        }
    ]
}",,,,,,,,,0.96,1.39,1.69,
"程培,刘晖",康泰生物(300601)核心观点：事件：公司发布2022年及2023Q1业绩。公司2022年实现营业总收入31.57亿元（-13.55%），归母净利润-1.33亿元（-110.50%），扣非归母净利润-1.83亿元（-115.35%）。其中，2022Q4实现营业总收入5.92亿元（-53.54%），归母净利润-3.36亿元（-247.85%），扣非归母净利润-3.26（-262.24%）。2023Q1公司实现营业总收入7.48亿元（-14.12%），归母净利润2.05亿元（-24.90%），扣非归母净利润1.90亿元（-23.60%）。新冠资产减值拖累业绩，常规疫苗增长靓丽。公司2022年对新冠疫苗资产计提减值8.96亿元，还原后利润可高达7.63亿元，高于2019和2020年水平。公司2022年常规疫苗实现销售收入29.46亿元，同比增长85.39%；其中，四联苗收入同比增长54.18%，乙肝疫苗收入同比增长26.34%，新产品13价肺炎球菌多糖结合疫苗销售逐步放量。公司2022Q4常规疫苗收入约5.63亿元，单季同比增长约68.95%；2023Q1常规疫苗收入7.48亿元，同比增长3.42%。2023Q1疫苗销售或受疫情过峰影响，随着疫苗接种秩序逐渐恢复正常，常规疫苗销售有望恢复正常增长。推进二类疫苗出海有望贡献新增长点。公司加大海外市场开拓力度，2022年以来，公司推进了23价肺炎疫苗在菲律宾和巴基斯坦的出海工作以及13价肺炎疫苗在菲律宾、印尼、巴基斯坦的出海工作。2023年以来，公司与合作方推动康泰生物疫苗在印度尼西亚的本土化生产及商业化。由于国内新生儿数量承压，开辟出生率较高的发展中国家市场有望为面向婴幼儿的疫苗提供新的增长动力。投资建议：公司具有多款重磅二类疫苗品种，研发储备丰富，长期成长空间大。我们预测2023-2025年归母净利润分别为10.84/15.23/18.56亿元，同比增长916.97%、40.50%、21.86%，对应EPS为0.97/1.36/1.66元，对应PE为31/22/18倍，给予“推荐”评级。风险提示：疫苗新品研发失败的风险、渗透率提升不及预期的风险、新生儿数量超预期下降的风险等。,,银河证券,推荐,[None],2023-04-26,,买入,5188575,pdf_downloads/2023/2023-04-26/300601-康泰生物（300601）年报及一季报点评：减值影响短期业绩，常规疫苗有望持续增长.pdf,300601,康泰生物,康泰生物（300601）年报及一季报点评：减值影响短期业绩，常规疫苗有望持续增长,"{
    ""forecasts"": [
        {
            ""year"": 2023,
            ""net_profit"": 10.84,
            ""eps"": 0.97,
            ""pe"": 31
        },
        {
            ""year"": 2024,
            ""net_profit"": 15.23,
            ""eps"": 1.36,
            ""pe"": 22
        },
        {
            ""year"": 2025,
            ""net_profit"": 18.56,
            ""eps"": 1.66,
            ""pe"": 18
        }
    ]
}",,,31.0,22.0,18.0,,,,0.97,1.36,1.66,
"马千里,陈益凌",常规品种营收维持高增速，新冠疫苗相关资产减值影响净利润。2022年公司实现营收31.57亿元（-13.55%），归母净利润-1.33亿元（-110.50%），扣非净利润-1.83亿元（-115.35%）。其中，常规疫苗（不含新冠疫苗）实现营收29.46亿元（+85.39%），主要产品四联苗、乙肝疫苗营收分别同比+54%/+26%，新产品13价肺炎球菌多糖结合疫苗销售逐步放量。公司业绩变动主要由于新冠疫苗销量较2021年大幅下滑，对存在减值迹象的新冠疫苗相关资产计提减值准备，及新冠疫苗三期临床研发支出费用化所致。分季度看，2022Q4/2023Q1实现营收5.92/7.48亿元，分别同比-53.5%/-14.1%，环比增长26.4%；实现净利润-3.36/+2.05亿元，分别同比-247.8%/-24.9%。产品管线储备丰富，项目有序推进。公司拥有在研项目30余项，冻干人用狂犬病疫苗（人二倍体细胞）已完成注册现场核查及GMP符合性检查；水痘减毒活疫苗已申请药品注册批件，并已完成注册现场核查及GMP符合性检查；Sabin株脊髓灰质炎灭活疫苗（Vero细胞）已获得Ⅲ期临床试验总结报告；四价流感病毒裂解疫苗和口服五价重配轮状病毒减毒活疫苗（Vero细胞）处于Ⅰ期临床试验阶段；麻腮风联合减毒活疫苗和吸附破伤风疫苗获得药物临床试验批准通知书。海外市场不断开拓，国际化取得进展。2022年公司先后在菲律宾、印度尼西亚、巴基斯坦等海外市场推进23价肺炎球菌多糖疫苗、13价肺炎球菌多糖结合疫苗等产品的注册、销售和当地本土生产等商业化运营进程。风险提示：13价肺炎结合苗上市后销售不及预期；全球新冠疫情发生重大变化的风险等。投资建议：考虑到新冠灭活疫苗相关资产计提减值，三期临床研发支出费用化处理，以及2022年海内外疫情对公司新产品推广进度影响，我们对公司2023-2024年盈利预测进行调整，预计净利润为11.31/15.64亿元（前值为21.10/26.84亿元），新增2025年19.85亿元，目前股价对应PE分别为30/21/17x。公司常规疫苗品种快速增长，人二倍体狂苗预计即将获批，中长期管线储备丰富，国际化取得进展，维持“买入”评级。,,国信证券,买入,[None],2023-04-26,,买入,5188560,pdf_downloads/2023/2023-04-26/300601-康泰生物（300601）2022年报及2023一季报点评：新冠疫苗资产减值影响当期净润，关注新品放量和国际化.pdf,300601,康泰生物,康泰生物（300601）2022年报及2023一季报点评：新冠疫苗资产减值影响当期净润，关注新品放量和国际化,"{
    ""forecasts"": [
        {
            ""year"": 2023,
            ""net_profit"": 11.31,
            ""eps"": null,
            ""pe"": 30
        },
        {
            ""year"": 2024,
            ""net_profit"": 15.64,
            ""eps"": null,
            ""pe"": 21
        },
        {
            ""year"": 2025,
            ""net_profit"": 19.85,
            ""eps"": null,
            ""pe"": 17
        }
    ]
}",,,30.0,21.0,17.0,,,,,,,
祝嘉琦,投资要点事件： 2023 年 4 月 23 日，公司发布 2022 年报及 2023 一季报。 2022 年实现营业总收入 31.57 亿元，同比下滑 13.55%；归母净利润-1.33 亿元，同比下滑 110.50%；扣非归母净利润-1.83 亿元，同比下滑 115.35%。 23Q1 实现营收 7.48 亿元，同比下滑14.12%，归母净利润 2.05 亿元，同比下滑 24.90%。22 年常规疫苗开始恢复， 23Q1 常规品种稳健、 PCV13 放量。 2022 年公司常规疫苗（不含新冠疫苗）销售收入增长显著，实现销售收入 29.46 亿元，同比增长85.39%。 分季度来看， 22Q4 实现营收 5.92 亿元（ -53.57%），归母净利润-3.36亿元（ -247.84%），与新冠疫苗销量大规模减少及降价、费用分摊等有关。 23Q1实现营收 7.48 亿元（ -14.12%），归母净利润 2.05 亿元（ -24.90%），公司加强市场销售及推广工作，常规疫苗实现销售收入 7.48 亿元，同比增长 3.42%。销售费率回归正常区间，新冠研发费用化。 2022 年公司销售费用 10.86 亿元（ +87.87%），销售费率 34.41%（ +18.57pp），非免疫规划疫苗产品销量增长，市场投入增加所致。管理费用 2.30 亿元（ -9.08%），管理费率 7.29%（ +0.36pp），费用率保持稳定。财务费率-1.62%（ -0.67pp）。另外研发费用 8.02 亿元（ +126.35%），研发费率 25.40%（ +15.70pp），新冠疫苗研发支出费用化。 2022 年应收款项合计 22.93亿元，占收入 72.63%（ +21.76pp），常规疫苗销量增加所致。存货余额 7.28 亿元，占资产比重 5.28%（ -2.20pp），新冠疫苗相关存货减少、存货跌价准备增加所致。产品管线进入收获期，布局多个重磅品种。 人二倍体狂苗、水痘疫苗等已申请上市，MCV4、 EV71、 IPV 等多个 II/III 期品种值得期待。同时公司也布局 DTaP-IPV-Hib 五联苗、 DTaP-IPV 四联苗、麻腮风水痘四联苗、五价口服轮状病毒活疫苗、四价手足口病疫苗、四价流感病毒裂解疫苗、 PCV20 等多个前沿重磅品种，其中五联苗已获得临床批件，有望成为首个国产五联苗产品。同时公司积极布局腺病毒载体、 mRNA 等新型技术平台，进一步丰富产品管线。盈利预测与投资建议： 参考一季度业绩、未来经营规划， 我们预计 2023-2025 年公司营业收入分别为 42、 58、 80 亿元（ 2023-24 年预测前值为 45.76、 63.32 亿元），同比增长 32.47%、 39.32%、 37.10%；归母净利润分别为 11.95、 16.68、 22.71 亿元（ 2023-24 年预测前值为 13.49、 18.16 亿元），同比增长 1000.67%、 39.58%、 36.14%。公司作为在研产品管线最为丰富的疫苗公司之一， 13 价肺炎结合疫苗进入放量期、人狂犬病疫苗（人二倍体细胞）等重磅产品有望上市， 维持“买入”评级。风险提示：研发进度低于预期风险，疫苗产品销售不达预期风险，疫苗行业负面事件风险；新冠病毒变异导致疫苗失效风险；研究报告使用的公开资料可能存在信息滞后或更新不及时的风险。,,中泰证券,买入,[None],2023-04-25,,买入,5189065,pdf_downloads/2023/2023-04-25/300601-康泰生物（300601）：常规品种恢复可期，PCV13开始放量.pdf,300601,康泰生物,康泰生物（300601）：常规品种恢复可期，PCV13开始放量,"{
    ""forecasts"": [
        {
            ""year"": 2023,
            ""net_profit"": 11.95,
            ""eps"": null,
            ""pe"": null
        },
        {
            ""year"": 2024,
            ""net_profit"": 16.68,
            ""eps"": null,
            ""pe"": null
        },
        {
            ""year"": 2025,
            ""net_profit"": 22.71,
            ""eps"": null,
            ""pe"": null
        }
    ]
}",,,,,,,,,,,,
陈铁林,"事件：公司发布2022年报和2023年一季报，2022全年实现营收31.6亿元，同比下降13.6%，实现归母净利润-1.3亿元，同比下降110.5%；2022第一季度实现营收7.5亿元，同比下降14.1%，实现归母净利润2.1亿元，同比下降24.9%。常规疫苗销售持续增长，新冠疫苗影响当期利润。2022全年，公司常规疫苗（不含新冠疫苗）实现销售收入 29.5亿元，同比增长 85.4%，常规苗实现快速增长，22年公司净利润相较21年下降较多，主要系新冠疫苗相关资产计提减值准备致使公司业绩亏损，2023年第一季度公司常规疫苗实现收入7.5亿元，同比增长3.4%。分产品来看，22年公司主要产品四联苗销售收入较上年同期增长 54.2%，乙肝疫苗销售收入较上年同期增长 26.3%，新产品 13 价肺炎球菌多糖结合疫苗销售逐步放量。批签发量方面，2022年公司四联苗共有350.42万济批签发量（同比-18.8%），13价肺炎疫苗共有496.78万剂批签发量（同比+1089.6%），乙肝疫苗共有1921.39万剂批签发量（同比-25.4%）。公司2022年毛利率和净利率分别为84.2%和-4.2%，销售费用率、管理费用率和财务费用率分别为34.4%，7.3%和-0.6%，均有所升高。产品布局丰富，静待海外市场成为未来又一增长点。通过自研和对外合作，
公司目前已成为国内拥有最丰富疫苗产品的企业之一，公司自主研发的冻
干人用狂犬病疫苗（人二倍体细胞）已完成注册现场核查及 GMP 符合性
检查，水痘减毒活疫苗已申请药品注册批件，并已完成注册现场核查及
GMP 符合性检查，Sabin 株脊髓灰质炎灭活疫苗（ Vero 细胞） 已获得
Ⅲ期临床试验总结报告； 四价流感、五价轮状、麻腮风疫苗和吸附破伤风
疫苗处于稳步推进中。2022 年 3 月，公司与菲律宾合作方就 23 价肺炎
球菌多糖疫苗达成合作，2022 年 8 月以来，公司先后与菲律宾、 印尼合
作方就 13 价肺炎球菌多糖结合疫苗达成合作； 2023 年 2 月，公司与巴
基斯坦合作方就 13 价肺炎球菌多糖结合疫苗及 23 价肺炎球菌多糖疫苗
达成合作，2023 年 3 月，公司、阿斯利康和印度尼西亚 Combiphar 公司
签署战略合作备忘录，2023 年 4 月，民海生物与印尼 Biotis 公司就 13
价肺炎疫苗达成合作。盈利预测及投资建议。考虑到公司 13 价肺炎处于高速放量时期，人二倍体
狂苗有望年内获批，我们预计公司归母净利润 2023-2025 年分别到10.1/14.0/17.2 亿元，对应 PE 分别为 48/35/28 倍，维持“买入”评级。风险提示：市场竞争加剧的风险；产品销售不及预期；政策超预期的风险。",,德邦证券,买入,[None],2023-04-24,,买入,5185366,pdf_downloads/2023/2023-04-24/300601-康泰生物（300601）：新冠资产影响当期业绩，看好13价肺炎加速放量.pdf,300601,康泰生物,康泰生物（300601）：新冠资产影响当期业绩，看好13价肺炎加速放量,"{
    ""forecasts"": [
        {
            ""year"": 2023,
            ""net_profit"": 10.1,
            ""eps"": null,
            ""pe"": 48
        },
        {
            ""year"": 2024,
            ""net_profit"": 14.0,
            ""eps"": null,
            ""pe"": 35
        },
        {
            ""year"": 2025,
            ""net_profit"": 17.2,
            ""eps"": null,
            ""pe"": 28
        }
    ]
}",,,48.0,35.0,28.0,,,,,,,
魏红梅,事件：公司发布了2022年报及2023年一季报。2022年，公司实现营业总收入31.57亿元，同比下降13.55%；归母净利润亏损1.33亿元。2023Q1，公司实现营业总收入7.48亿元，同比下降14.12%；实现归母净利润2.05亿元，同比下降24.9%；业绩符合预期。点评：非新冠疫苗收入保持较快增长。2022年，公司净利润亏损主要受新冠疫苗销量下滑、计提新冠疫苗相关资产减值准备等因素拖累；公司常规疫苗（不含新冠疫苗）实现销售收入29.46元，同比增长85.39%；其中，主要产品四联苗销售收入同比增长54.18%，乙肝疫苗销售收入同比增长26.34%；新产品13价肺炎球菌多糖结合疫苗批签发496.78万剂，同比增长1089.6%，销售逐步放量。2023年一季度，公司常规疫苗（新冠疫苗除外）实现营业收入7.48亿元，同比增长3.42%。持续推进研发。公司自主研发的冻干人用狂犬病疫苗（人二倍体细胞）已完成注册现场核查及GMP符合性检查；水痘减毒活疫苗已申请药品注册批件，并已完成注册现场核查及GMP符合性检查；Sabin株脊髓灰质炎灭活疫苗（Vero 细胞）已获得Ⅲ期临床试验总结报告；四价流感病毒裂解疫苗和口服五价重配轮状病毒减毒活疫苗（Vero 细胞）处于Ⅰ期临床试验阶段；麻腮风联合减毒活疫苗和吸附破伤风疫苗获得药物临床试验批准通知书；同时，公司已布局研制四价手足口病疫苗、麻腮风水痘疫苗、20价肺炎球菌多糖结合疫苗、重组带状疱疹疫苗、重组呼吸道合胞病毒疫苗（RSV）等疫苗的研发。未来随着重磅产品陆续获批上市，将为公司持续发展提供重要保障。投资建议：新冠疫苗销量下滑带来的不利影响将逐步减弱，随着新上市疫苗逐步放量，公司业绩有望回升；公司在研管线丰富，未来将有多个品种获批，中长期发展可期。预计公司2023-2024年的每股收益分别为1.59元、2.07元，当前股价对应PE分别为20倍、15倍，维持对公司“买入”评级。风险提示：行业竞争加剧、研发进展低于预期、新上市疫苗放量低于预期、产品安全质量风险等。,,东莞证券,买入,[None],2023-04-24,,增持,5185292,pdf_downloads/2023/2023-04-24/300601-康泰生物（300601）2022年报及2023年一季报点评：非新冠疫苗保持较快增长.pdf,300601,康泰生物,康泰生物（300601）2022年报及2023年一季报点评：非新冠疫苗保持较快增长,"{
  ""forecasts"": [
    {
      ""year"": 2023,
      ""net_profit"": null,
      ""eps"": 1.59,
      ""pe"": 20
    },
    {
      ""year"": 2024,
      ""net_profit"": null,
      ""eps"": 2.07,
      ""pe"": 15
    }
  ]
}",,,20.0,15.0,,,,,1.59,2.07,,
"代雯,张云逸",康泰生物(300601)常规疫苗收入2022、1Q23同比增长85%、3%公司公告2022年营收、归母净利、扣非净利31.6、-1.3、-1.8亿元（-14%、-111%、-115%yoy），其中常规疫苗收入同比增长85%，利润下滑主因新冠相关存货/固定资产/开发支出减值（9.36亿元）与新冠研发费用。1Q23实现收入、归母净利、扣非净利7.5、2.1、1.9亿元（-14%、-25%、-24%yoy），其中常规疫苗收入同比+3.4%。我们预计2023-25年归母净利11.1/14.5/19.0亿元，考虑到PCV13营销有望向上，给予公司2023年PE估值39倍（可比公司Wind一致预期PE均值39倍），对应目标价38.68元（前值40.61元），维持“买入”。四联苗稳健增长，PCV有望2023年高增长1）我们预计2022年DTaP-Hib收入10~11亿元（+54%yoy）、销量超300万支，1Q23收入约2~3亿元，四联苗为成熟品种、增长依赖POV渗透，预计2023年收入增长10~20%至13~14亿元（销量约350万支）；2）我们估算2022年HepB收入约7亿元（+26%yoy），预计2023年增长10~20%；3）我们预计2022年新冠疫苗收入约2.1亿元；4）我们预计2022年PCV13收入超9亿元（销量约200万支），1Q23收入超3亿元，公司基本完成准入、覆盖率2023年目标提至60%（2022年30%），2023年有望同比增长70-90%冲刺350-400万支销量、16~18亿元收入。在研管线布局丰富，进度最前为二倍体狂苗与痘苗1）我们预计人二倍体狂苗有望于2Q23获批，今年主攻犬伤门诊准入，有望4Q23产生少量销售，此外冻干痘苗预计年内有望获批；2）IPV、MenACYW处于三期尾声，rEV71二期完成，RV5、IIV4处于临床一期，五联苗、百白破脊灰、麻腮风、破伤风获批临床；3）新冠疫苗研发方面，灭活海外三期中，二代苗在灭活及mRNA双路径推进中。新冠资产减值集中计提，疫苗出海持续推进1）2022年公司对新冠相关资产（存货、原辅料、自制半成品、已资本化的研发支出、固定资产）计提减值、对灭活新冠疫苗研发支出费用化处理，致利润端大幅波动，我们预计相关减值基本于2022年计提，后续影响有望减弱。2）2022年来公司在国际化进程中成绩斐然，在菲律宾、印度尼西亚、印尼等地推动23价肺炎、13价肺炎等产品的注册、商业化运营进程。风险提示：研发不达预期，产品推广不达预期。,,华泰证券,买入,[None],2023-04-24,,买入,5186979,pdf_downloads/2023/2023-04-24/300601-康泰生物（300601）：减值致表观亏损，2023年看PCV13t.pdf,300601,康泰生物,康泰生物（300601）：减值致表观亏损，2023年看PCV13t,"{
    ""forecasts"": [
        {
            ""year"": 2023,
            ""net_profit"": 11.1,
            ""eps"": null,
            ""pe"": 39
        },
        {
            ""year"": 2024,
            ""net_profit"": 14.5,
            ""eps"": null,
            ""pe"": null
        },
        {
            ""year"": 2025,
            ""net_profit"": 19.0,
            ""eps"": null,
            ""pe"": null
        }
    ]
}",,,39.0,,,,,,,,,
祝嘉琦,投资要点事件：2023年1月10日，公司发布2022年业绩预告。2022年归母净利润亏损0.76亿~1.5亿（同比下滑106%-112%），扣非归母净利润亏损1.26-2.0亿元（同比下滑111%-117%），归母净利润（不考虑新冠资产减值和研发费用影响）6.66-7.30亿（同比下滑41%-47%）常规疫苗保持高增，23年轻装上阵。21年Q3-Q4新冠疫苗接种高峰，常规疫苗接种挤兑严重，低基数效应下22年常规疫苗保持86%的高速增长，预计23年将维持高增趋势。23年基本没有大额新冠疫苗资产减值和研发费用影响，利润有望大幅改善。分季度来看，22Q4实现归母净利润亏损2.79-3.53亿元（同比下滑223%-255%），收入因疫情管控及放开后短期感染人数激增等影响而减少，并计提新冠资产减值和研发支出费用化，利润承压。大品种放量驱动23年基本面转好。PCV13自21年9月上市，截至22年底批签发37批次，经过前期的市场铺垫和推广，23年作为第一个完整销售年度有望放量；人二倍体狂苗进入上市倒计时，有望贡献新增量；四联苗渠道优化，四联苗、乙肝等优势品种积极恢复销售渠道，维持高增速。在研管线第一梯队，打开长期成长空间。IPV、冻干水痘、EV71、MCV4、MPSV4等多个品种处于II/III期，同时积极布局DTaP-IPV-Hib 五联苗、DTaP-IPV四联苗、麻腮风水痘四联苗、五价口服轮状病毒活疫苗、四价手足口病、四价流感、PCV20等多个前沿重磅品种。盈利预测与投资建议：考虑到公司计提新冠相关资产减值和研发支出费用化，同时Q4疫苗准入进度受到各地疾控精力分配、疫情放开感染人数激增等影响，我们下调2022-2024年公司营业收入分别为32.46、45.76、63.32亿元（调整前为34.76、52.67、81.48亿元），同比增长-11.13%、41.00%、38.36%；归母净利润下调至-1.04、13.49、18.16亿元（调整前为3.23、17.37、28.11亿元），同比增长-108.27%、1391.62%、34.62%。常规疫苗2022-2024年收入30.62、45.73、63.28亿元，同比增长86.36%、49.32%、38.38%，维持“买入”评级。风险提示：研发进度低于预期风险，疫苗产品销售不达预期风险，疫苗行业负面事件风险；新冠病毒变异导致疫苗失效风险；研究报告使用的公开资料可能存在信息滞后或更新不及时的风险。,,中泰证券,买入,[None],2023-01-12,,买入,5093925,pdf_downloads/2023/2023-01-12/300601-康泰生物（300601）：新冠疫苗资产减值等利润承压，低基数+大品种放量推动23年边际向上.pdf,300601,康泰生物,康泰生物（300601）：新冠疫苗资产减值等利润承压，低基数+大品种放量推动23年边际向上,"{
    ""forecasts"": [
        {
            ""year"": 2024,
            ""net_profit"": 18.16,
            ""eps"": null,
            ""pe"": null
        }
    ]
}",,,,,,,,,,,,
谭国超,康泰生物(300601)事件2022年10月27日公司发布三季度业绩报告，22Q1~Q3公司实现营业收入25.65亿元，同比增长7.90%；实现归母净利润2.03亿元，同比下降80.40%；实现扣非归母净利润1.44亿元，同比下降85.49%。事件点评新冠相关资产减值影响表观业绩，剔除后传统业务表现亮眼单三季度看，公司实现营业收入7.37亿元，同比-44.36%，实现归母净利润0.8亿元，同比下滑，主要系新冠疫苗相关资产计提减值，其中常规疫苗实现营收7.35亿元，同比+101.42%。分产品看，公司2022前三季度常规疫苗收入23.83亿元，同比增长89.75%；四联苗收入同比+56.41%，乙肝疫苗收入同比+33.58%。常规产品销售目标基本实现，销售收入同比高增长2022年上半年公司常规苗销售额大幅增长。其中，四联苗共批签发173.55万支，实际销售收入较上年同期+60.13%；13价肺炎结合疫苗共批签发239.02万支；乙肝疫苗共批签发1305.57万支，上半年销售收入同比+20.76%；Hib共批签发18.9万支；百白破疫苗共批签发32.51万支。后续，公司新产品获批+放量持续带动业绩常规产品收入增长。公司13价肺炎疫苗已完成共24个省份的准入（近期新增四川、上海），后续随着准入的推动，销量有望加速增长；人二倍体狂苗预计2023年初获批，将为公司贡献新的利润增长点。研发工作进展顺利，产品研发管线丰富公司产品矩阵丰富，研发过程顺利推进，目前在研项目30+，未来仍有新品种获批稳步推进。公司自主研发的冻干人用狂犬病疫苗（人二倍体细胞）已完成注册现场核查及GMP符合性检查，预计将于2023年上半年获批上市销售；冻干水痘减毒活疫苗已获得Ⅰ、Ⅲ期临床试验总结报告；同时，公司已布局研制口服五价重配轮状病毒减毒活疫苗（Vero细胞）、四价手足口病疫苗、麻腮风水痘疫苗、四价流感疫苗、20价肺炎球菌多糖结合疫苗等多联多价疫苗，为公司持续发展提供重要保障。投资建议我们维持盈利预测不变，预计公司2022~2024年营业收入分别为42.57/59.28/70.57亿元，同比增长16.6%/39.2%/19.0%；归母净利润分别为3.54/20.48/25.13亿元，同比增长-72%/478.6%/22.8%；2022~2024年PE分别为：98/17/14X。若公司新冠业务相关的减值损失及研发支出的费用化在2022年全部处理完成，进入2023年后净利润有望恢复常规增长。考虑到公司具有丰富的产品管线，能在未来3~5年内持续推出新产品，获得业绩增速补充。结合疫苗行业的高增速，以及公司顺应疫苗行业新型疫苗行业增速超过传统疫苗、多联多价苗替代单苗的发展趋势、国产替代及疫苗出海进程不断加深的趋势，我们维持公司“买入”评级。风险提示新产品研发未达预期的风险；产品市场推广不及预期的风险；地缘冲突影响产品出海进程的风险；其他可能影响公司正常经营的风险。,,华安证券,买入,[None],2022-11-01,,买入,5034300,pdf_downloads/2022/2022-11-01/300601-康泰生物（300601）：减值影响表观，传统业务持续增长.pdf,300601,康泰生物,康泰生物（300601）：减值影响表观，传统业务持续增长,"{
    ""forecasts"": [
        {
            ""year"": 2022,
            ""net_profit"": 3.54,
            ""eps"": null,
            ""pe"": 98
        },
        {
            ""year"": 2023,
            ""net_profit"": null,
            ""eps"": null,
            ""pe"": null
        },
        {
            ""year"": 2024,
            ""net_profit"": 25.13,
            ""eps"": null,
            ""pe"": 14
        }
    ]
}",,,98.0,,14.0,,,,,,,
陈铁林,投资要点事件：公司发布2022年三季报，2022前三季度实现营业收入25.6亿元，同比增长7.9%，实现归母净利润2.0亿元，同比下降80.4%；单三季度实现营业收入7.4亿元，同比下降44.4%，实现归母净利润0.8亿元，同比下降88.2%，主要系新冠灭活疫苗相关资产计提减值及Ⅲ期临床支出费用化所致。常规疫苗收入显著恢复，新冠疫苗影响当期利润。2022前三季度，公司常规疫苗（不含新冠疫苗）实现销售收入 23.83 亿元，同比增长 89.75%，常规疫苗收入端表现十分亮眼。分产品来看，主要产品四联苗销售收入较上年同期增长 56.41%，乙肝疫苗销售收入较上年同期增长 33.58%，13价肺炎疫苗正处于快速放量期。2022 年单三季度来看，常规疫苗（不含新冠疫苗）实现销售收入 7.35 亿元，较上年同期增长 101.42%。公司净利润相较去年三季度下降较多，主要系新冠灭活疫苗相关资产计提减值及Ⅲ期临床支出费用化所致，我们判断后续随着四联苗的销售恢复，以及公司13价肺炎疫苗逐步放量，将为后续业绩稳健增长奠定基础。研发管线丰富，人二倍体狂苗兑现在即。通过自研和对外合作，公司目前已成为国内拥有最丰富疫苗产品的企业之一，目前公司的人二倍体狂犬疫苗已经报产，我们预计2022年底或2023年初有望获批。此外，公司还有冻干水痘、五联苗、五价轮状等多个在研项目处于研发过程中，还有最新取得临床批件的四价流感病毒裂解疫苗、麻腮风联合减毒活疫苗等产品持续推进，公司在研管线丰富。盈利预测及投资建议。考虑到今年疫情影响以及今年一次性的新冠研发费用确认和部分资产减值的影响，我们预计公司归母净利润2022-2024年分别到3.3/17.5/21.2亿元，对应PE分别为110/20/17倍，鉴于以上不利因素都是一次性影响，且公司的13价肺炎疫苗和人二倍体狂犬疫苗即将进入放量期，维持“买入”评级。风险提示：市场竞争加剧的风险；产品销售不及预期；政策超预期的风险。,,德邦证券,买入,[None],2022-10-29,,买入,5029129,pdf_downloads/2022/2022-10-29/300601-康泰生物（300601）：收入端符合预期，看好13价肺炎+狂苗带来业绩增量.pdf,300601,康泰生物,康泰生物（300601）：收入端符合预期，看好13价肺炎+狂苗带来业绩增量,"{
    ""forecasts"": [
        {
            ""year"": 2022,
            ""net_profit"": 3.3,
            ""eps"": null,
            ""pe"": 110
        },
        {
            ""year"": 2023,
            ""net_profit"": 17.5,
            ""eps"": null,
            ""pe"": 20
        },
        {
            ""year"": 2024,
            ""net_profit"": 21.2,
            ""eps"": null,
            ""pe"": 17
        }
    ]
}",,,110.0,20.0,17.0,,,,,,,
"祝嘉琦,张楠",事件：2022年10月27日，公司发布2022年三季报。2022年前三季度实现营业总收入25.65亿元，同比增长7.90%；归母净利润2.03亿元，同比下滑80.40%；扣非归母净利润1.44亿元，同比下滑85.49%。剔除新冠资产减值影响，常规疫苗维持高增。2022前三季度常规疫苗收入23.83亿元（+89.75%），其中四联苗收入同比增长56.41%，乙肝疫苗收入同比增长33.58%，PCV13价逐步放量。剔除新冠资产减值和研发支出费用化影响，前三季度常规疫苗归母净利润维持高增。分季度来看，22Q3实现营收7.37亿元（-44.36%），其中常规疫苗实现营收7.35亿元（+101.42%）。新冠研发支出费用化，销售费用逐渐恢复。2022前三季度公司销售费用8.87亿元（+81.70%），销售费率34.57%（+14.04pp），PCV13开始在全国大规模推广。管理费用1.87亿元（+15.56%），管理费率7.29%（+0.48pp）。财务费用-2160万元（-45.29%），财务费率-0.84%（+0.82pp）。研发费用5.89亿元（+161.34%），研发费率22.65%（+13.30pp），公司对新冠研发支出进行费用化，其他研发项目正常进行。产品管线处于国内第一梯队，多个重磅品种进入收获期。PCV13：公司PCV13在21.9获批上市，截至22Q3已批签发32批次。HDCV：公司HDCV已进入发补阶段，预计22年底上市。IPV、冻干水痘、EV71、MCV4、MPSV4等多个品种处于II/III期，同时积极布局DTaP-IPV-Hib 五联苗、DTaP-IPV四联苗、麻腮风水痘四联苗、五价口服轮状病毒活疫苗、四价手足口病、四价流感、PCV20等多个前沿重磅品种。盈利预测与投资建议：考虑到公司计提新冠相关资产减值和研发支出费用化，同时疫苗准入进度受到各地疾控精力分配影响，我们下调2022-2024年公司营业收入分别为34.76、52.67、81.48亿元（调整前为46.07、62.90、86.44亿元），同比增长-4.83%、51.54%、54.70%；归母净利润下调至3.23、17.37、28.11亿元（调整前为7.92、21.24、30.36亿元），同比增长-74.47%、438.55%、61.81%。常规疫苗2022-2024年收入32.93、52.64、81.45亿元，同比增长100.36%、59.86%、54.73%，维持“买入”评级。风险提示：研发进度低于预期风险，疫苗产品销售不达预期风险，疫苗行业负面事件风险；新冠病毒变异导致疫苗失效风险；研究报告使用的公开资料可能存在信息滞后或更新不及时的风险。,,中泰证券,买入,[None],2022-10-28,,买入,5029477,pdf_downloads/2022/2022-10-28/300601-康泰生物（300601）：剔除新冠资产减值等影响，常规疫苗持续高增.pdf,300601,康泰生物,康泰生物（300601）：剔除新冠资产减值等影响，常规疫苗持续高增,"{
    ""forecasts"": [
        {
            ""year"": 2022,
            ""net_profit"": 3.23,
            ""eps"": null,
            ""pe"": null
        },
        {
            ""year"": 2023,
            ""net_profit"": 17.37,
            ""eps"": null,
            ""pe"": null
        },
        {
            ""year"": 2024,
            ""net_profit"": 28.11,
            ""eps"": null,
            ""pe"": null
        }
    ]
}",,,,,,,,,,,,
"代雯,张云逸",剔除新冠相关资产影响，3Q22常规疫苗净利润同比+99%公司公告1～3Q22营收、归母净利、扣非净利25.7、2.0、1.4亿元（+8%、-80%、-85% yoy），利润下滑主因计提资产减值及研发支出费用化影响，不考虑该因素，常规疫苗净利润同比增长116%，3Q22常规疫苗收入、净利润分别同比增长101%、99%，主因PCV13贡献及同期基数较低。我们预计2022-24年主业归母净利5/20/26亿元；剔除新冠减值影响我们预计2022年归母净利13亿元，给予公司2022年PE估值35倍（可比公司Wind一致预期PE均值44倍，考虑PCV13销售略不及于预期给予折价），目标市值455亿元，对应目标价40.61元（前值51.05元），维持“买入”评级。主力品种维持增长态势1）我们预计1～3Q22 DTaP-Hib收入9～10亿元（+56% yoy），3Q22收入约2～3亿元，今年考核指标由发货转为纯销，渠道库存趋于良性，全年收入有望达13-15亿元（销量350-400万支），长期期待五联苗2025年上市接力；2）我们估算1～3Q22 HepB收入约5.5～6亿元（+34% yoy），其中3Q22 收入约2亿元，受益于60μg品规放量全年增速有望延续；3）我们预计1H22新冠疫苗收入1.5～2亿元（3Q22收入预计约200万元）。PCV13持续推进准入，研发管线推进顺利1）我们预计1～3Q22 PCV13收入约7～7.5亿元（3Q22 收入约2.5～3亿元），全年争取10～12亿元销售目标：我们预计1～3Q22销量约180万支，已准入省份/地区24个，全年冲刺250-300万支； 2）在研管线：公司2H22年有望获批人二倍体狂苗，冻干痘苗申请获受理；其他管线稳步推进（MenACYW三期完成，IPV三期推进中，rEV71二期完成，RV5、麻腮风减毒、IIV4获批临床）；新冠疫苗研发方面，灭活海外三期中，二代苗经灭活及mRNA双路径推进中。新冠资产影响表观利润，2022年有望集中计提我们预计2022年新冠相关资产减值及研发支出费用化对利润端影响在8～9亿元：1）1H22公司对新冠相关资产（存货、原辅料、自制半成品、已资本化的研发支出）计提减值4.1亿元、对2Q22灭活新冠疫苗研发支出费用化处理1.4亿元，合计减少净利润4.5亿元；2）考虑到原始株灭活疫苗临床支出及市场不确定性仍较大，公司预计在2H22年继续计提相关减值及研发支出费用化3～5亿，3Q22预计研发支出费用化确认1亿元，4Q22有望继续确认相关费用及减值。公司管理层增持（不少于4500万元）及股份回购（1～2亿元）推进中，彰显经营信心。风险提示：研发不达预期，产品推广不达预期。,,华泰证券,买入,[None],2022-10-28,,买入,5029916,pdf_downloads/2022/2022-10-28/300601-康泰生物（300601）：减值持续扰动，主业维持增势.pdf,300601,康泰生物,康泰生物（300601）：减值持续扰动，主业维持增势,"{
    ""forecasts"": [
        {
            ""year"": 2022,
            ""net_profit"": 13,
            ""eps"": null,
            ""pe"": 35
        },
        {
            ""year"": 2023,
            ""net_profit"": 20,
            ""eps"": null,
            ""pe"": null
        },
        {
            ""year"": 2024,
            ""net_profit"": 26,
            ""eps"": null,
            ""pe"": null
        }
    ]
}",,,35.0,,,,,,,,,
杜向阳,事件：公司发布2022年三季报，实现营业收入25.7亿元，同比增长7.9%；实现归属于母公司股东净利润2.03亿元，同比下降80.4%；实现扣非后归母净利润1.44亿元，同比下降85.5%。传统疫苗保持快速增长，新冠疫苗去年高基数叠加影响表观利润。分季度来看，公司2022Q1/Q2/Q3单季度营业收入分别为8.7/9.6/7.4亿元（+214.6%/+23.4%/-44%），实现归母净利润分别为2.7/-1.5/0.8亿元（+987.7%/-149%/-88%）。公司净利润较去年同期下降主要系新冠灭活疫苗相关资产计提减 值及Ⅲ期临床支出费用化所致。从盈利能力来看，公司2022Q1-3毛利率为87%（+2.4pp），销售费用率为34.6%（+14pp），主要系新冠疫苗销量下滑所致，管理费用率为7.3%（+0.5pp），基本保持稳定。净利率为7.9%（-35.6pp），主要系新冠资产减值以及研发费用化处理所致，研发费用率为22.7%（+13.3pp），主要系公司加大研发投入所致。Q4预计还会有部分新冠疫苗研发费用化处理，展望明年，公司将会轻装上阵，发展动力强劲。主营产品均实现较高增长。2022Q1-3公司常规疫苗（不含新冠疫苗）实现销售收入23.83亿元，同比增长89.75%。其中，主要产品四联苗销售收入较上年同期增长56.41%，乙肝疫苗销售收入较上年同期增长 33.58%，公司新产品13价肺炎球菌多糖结合疫苗逐步放量。2022年第三季度常规疫苗（不含新冠疫苗）实现销售收入7.35亿元，较上年同期增长 101.42%。未来2-3年产品获批阶梯性增长，贡献公司长期业绩增量。公司目前共有在研项目30多个，已有13项进入注册程序。预计未来两年有4-5个新品种获批。其中冻干二倍体狂苗作为行业金标准已经收到现场核查通知书，冻干水痘疫苗已于22年3月完成Ⅰ、Ⅲ期临床试验总结报告，结果显示公司疫苗对1~55岁健康水痘易感人群具有良好的免疫原性和安全性。此外， MCV4、IPV等疫苗均进入或完成临床Ⅲ期阶段，重组EV71疫苗已经完成Ⅱ期临床，目前正准备转做四价手足口病疫苗，五价轮状病毒疫苗等均已获得临床试验批准通知书，产品管线立足创新，着重解决现存未满足需求，长期发展动力充足。盈利预测与投资建议。考虑到公司下半年仍将有新冠疫苗资产减值以及研发费用化支出，预计2022-2024年EPS分别为0.28元、1.52元及1.89元。长期看，新冠影响未来将边际减弱，公司传统疫苗（四联苗、乙肝疫苗等）2022年进入恢复放量阶段，新产品13价肺炎疫苗获批上市2023年有望加速放量，作为国内创新疫苗企业龙头，公司在研管线丰富，未来2-4年将有多个品种获批，长期增长确定性强，维持“买入”评级。风险提示：新产品研发低于预期，产品降价风险。,,西南证券,买入,[None],2022-10-27,,买入,5030885,pdf_downloads/2022/2022-10-27/300601-康泰生物（300601）：传统疫苗高速增长，明年摆脱新冠干扰轻装上阵.pdf,300601,康泰生物,康泰生物（300601）：传统疫苗高速增长，明年摆脱新冠干扰轻装上阵,"{
    ""forecasts"": [
        {
            ""year"": 2022,
            ""net_profit"": null,
            ""eps"": 0.28,
            ""pe"": null
        },
        {
            ""year"": 2023,
            ""net_profit"": null,
            ""eps"": 1.52,
            ""pe"": null
        },
        {
            ""year"": 2024,
            ""net_profit"": null,
            ""eps"": 1.89,
            ""pe"": null
        }
    ]
}",,,,,,,,,0.28,1.52,1.89,
"舒影岚,Hao Huang",营收高增长，新冠相关减值拖累利润。公司2022上半年营收18.3亿元，同比增长73.72%，归母净利润1.2亿元，同比下滑64.19%，经营活动现金流净额1.1亿元，同比增长118.98%。上半年公司资产减值4.5亿元，主要是计提新冠灭活疫苗相关资产减值准备所致，其中新冠灭活疫苗开发支出转入当期损益1.5亿元，资本化后本次计提减值2.9亿元，减值后期末余额1.7亿元。四联苗高增长，13价肺炎结合疫苗逐步放量。公司上半年免疫规划疫苗营收1.9亿元，同比增长5.30%，非免疫规划疫苗16.3亿元，同比增长87.18%。子公司民海生物上半年实现营收13.1亿元，净利润4.7亿元。分产品看，四联苗同比增长60.13%，乙肝疫苗同比增长20.76%，新上市13价肺炎逐步放量，13价肺炎上半年已批签发239.02万剂。（批签发见图1）稳步推进重磅产品研发工作。报告期内，公司自主研发的冻干人用狂犬病疫苗（人二倍体细胞）已完成注册现场核查及 GMP 符合性检查；冻干水痘减毒活疫苗已获得Ⅰ、Ⅲ期临床试验总结报告；同时，公司已布局研制口服五价重配轮状病毒减毒活疫苗（Vero 细胞）、四价手足口病疫苗、麻腮风水痘疫苗、四价流感疫苗、20 价肺炎球菌多糖结合疫苗等多联多价疫苗。盈利预测与估值。我们预计公司2022-24年归母净利润分别4.2亿、17.9亿、24.2亿元（原2022/23/24年净利润分别14.3亿、17.9亿、23.7亿元），分别同比-66.9%、326.6%、35.6%。参考可比公司，万泰生物、智飞生物2023年PE分别为22倍、16倍。公司是国内研产销俱佳的疫苗龙头，考虑2022年归母净利润受新冠业务减值一次性影响较大，我们调整公司2023年P/E 25倍，对应目标价39.85元（原目标价81.37元，基于2022年P/E 40倍，公司于6月22日拆股，复权后目标价降幅22%），维持“优于大市”评级。风险提示。新品放量不达预期风险，研发进展不达预期风险，新冠疫苗减值风险。,,海通国际证券,优于大市,[None],2022-08-30,,买入,4974413,pdf_downloads/2022/2022-08-30/300601-康泰生物（300601）：营收高增长，新冠相关减值拖累利润.pdf,300601,康泰生物,康泰生物（300601）：营收高增长，新冠相关减值拖累利润,"{
    ""forecasts"": [
        {
            ""year"": 2022,
            ""net_profit"": 4.2,
            ""eps"": null,
            ""pe"": null
        },
        {
            ""year"": 2023,
            ""net_profit"": 17.9,
            ""eps"": null,
            ""pe"": 25
        },
        {
            ""year"": 2024,
            ""net_profit"": 24.2,
            ""eps"": null,
            ""pe"": null
        }
    ]
}",,,,25.0,,,,,,,,
"代雯,张云逸",剔除新冠相关资产减值及研发支出费用化影响，1H22归母净利同比+66%公司公告1H22营收、归母净利、扣非净利18.3、1.2、0.9亿元（+74%、-64%、-70% yoy），与业绩预告相符（归母1~1.3亿元），利润下滑主因计提资产减值及研发支出费用化；不考虑该因素，1H22归母净利为5.6亿元（+66% yoy）。考虑到减值等影响，我们下调盈利预测至2022-24年归母净利5/20/26亿元（22-24年前值14/20/27亿元，因量价高不确定性暂不考虑新冠疫苗业绩贡献）；剔除减值影响，我们预计22年归母净利13亿元，给予公司2022年PE 44倍（可比公司Wind一致预期PE均值44倍），目标价51.05元（前值90.05元，股本变动后前值56.28元），维持“买入”。主力品种维持恢复态势1）我们预计1H22 DTaP-Hib收入7~8亿元（+60% yoy），2Q22收入约4~5亿元，今年公司对推广商的考核指标由发货量转为纯销量，渠道库存趋于良性，全年收入有望达13-15亿元（销量350-400万支），长期期待五联苗2025年上市接力；2）我们估算1H22 HepB收入约3.5亿元（+21% yoy），其中2Q22 1.6亿元，受益于60μg品规放量全年增速有望延续；3）我们预计1H22新冠疫苗收入1.5~2亿元（1Q22收入约1亿元），2Q22新冠疫苗收入贡献继续收窄，主因国内及海外对原始株新冠疫苗需求下降。PCV13持续推进准入，狂苗/痘苗有望年内获批1）我们预计1H22 PCV13收入约4~5亿元（1Q22 收入约1.5~2亿元），全年维持15~18亿元目标：我们预计1H22销量约80~120万支，目前已准入省份/地区24个，3Q22起有望实现全国销售，全年冲刺350-400万支；2）在研管线：公司2H22有望获批人二倍体狂苗、冻干痘苗2款疫苗；其他管线稳步推进（MenACYW三期完成，IPV三期推进中，rEV71二期完成，RV5 11M21获批临床）；新冠疫苗研发方面，灭活海外三期中，二代苗经灭活及mRNA双路径推进中（变异株疫苗处于中试，多价亦在开发中）。新冠资产减值影响表观利润，2022年有望集中计提1）考虑到国内原始株疫苗接种量下降及俄乌冲突影响灭活疫苗海外III期临床进展，1H22公司对新冠相关资产（存货、原辅料、自制半成品、研发支出）计提减值4.1亿元、对2Q22新冠疫苗研发支出费用化处理1.4亿元，考虑加计扣除合计减少净利润4.5亿元；2）考虑到原始株灭活疫苗临床支出及市场不确定性仍较大，公司预计在2H22年继续计提相关减值及研发支出费用化3~5亿。公司拟进行管理层增持（不少于4500万元）及股份回购（1~2亿元），彰显经营信心。风险提示：研发不达预期，产品推广不达预期。,,华泰证券,买入,[None],2022-08-21,,买入,4959063,pdf_downloads/2022/2022-08-21/300601-康泰生物（300601）：减值拖累业绩，主业收入稳步向上.pdf,300601,康泰生物,康泰生物（300601）：减值拖累业绩，主业收入稳步向上,"{
    ""forecasts"": [
        {
            ""year"": 2022,
            ""net_profit"": 5,
            ""eps"": null,
            ""pe"": 44
        },
        {
            ""year"": 2023,
            ""net_profit"": 20,
            ""eps"": null,
            ""pe"": null
        },
        {
            ""year"": 2024,
            ""net_profit"": 26,
            ""eps"": null,
            ""pe"": null
        }
    ]
}",,,44.0,,,,,,,,,
"祝嘉琦,张楠",投资要点事件：2022年8月18日，公司发布2022年半年报。2022年上半年实现营业总收入18.28亿元，同比增长73.72%；归母净利润1.21亿元，同比下降64.20%；扣非归母净利润0.86亿元，同比下降70.82%。不考虑计提资产减值影响，常规品种收入利润保持高增。22H1实现营收18.28亿元（+73.72%）；归母净利润1.21亿（-64.20%）；扣非归母净利润0.86亿（-70.82%）。剔除新冠相关资产减值，2022H1归母净利润约5.24亿（+55.80%）。分季度来看，22Q2实现营收9.56亿元（+23.37%）、归母净利润-1.53亿元（-149.16%），剔除新冠相关资产减值，22Q2归母净利润2.51亿元（-19.47%）。研发支出费用化，其他费率相对稳定。22H1公司销售费用6.07亿元（+75.70%），销售费率33.21%（-0.37pp），PCV13开始在全国大规模推广。管理费用1.29亿元（+25.78%），管理费率7.03%（-2.68pp），财务费用-1829万元（-40.90%），财务费率-1.00%（+1.94pp）。另外研发费用3.40亿元（+171.59%），研发费率18.61%（+6.70pp），公司对新冠研发支出进行费用化，其他研发项目稳步推进。2021年应收款项合计18.58亿元，占收入50.88%（-20.47pp）。22H1存货余额9.29亿元，占资产比重6.75%（-0.80pp），公司对新冠疫苗相关存货进行了资产减值。产品管线进入收获期，布局多个重磅品种。PCV13：公司PCV13在9月获批上市，截至22H1已批签发18批次，我们预计国内PCV13市场规模2026年有望达到106亿，公司2026年销售额有望达到32亿元。HDCV：狂苗金标准，我们预计HDCV 市场规模2026年可达到59亿，公司HDCV已完成现场检查，2026年销售额可达18亿。另外，MCV4、MPSV4、EV71、IPV、冻干水痘等多个II/III期品种值得期待。同时公司也布局DTaP-IPV-Hib 五联苗、DTaP-IPV四联苗、麻腮风水痘四联苗、五价口服轮状病毒活疫苗、四价手足口病、四价流感、PCV20等多个前沿重磅品种。同时公司积极布局腺病毒载体、mRNA等新型技术平台，进一步丰富产品管线。盈利预测与投资建议：考虑到公司计提新冠相关资产减值和研发支出费用化，下调2022-2024年公司营业收入分别为46.07、62.90、86.44亿元（调整前为56.17、73.19、97.0亿元），同比增长26.15%、36.53%、37.42%；归母净利润下调至7.92、21.24、30.36亿元（调整前为17.74、24.35、33.94亿元），同比增长-37.34%、168.32%、42.95%。常规疫苗2022-2024年收入43.92、60.94、84.83亿元，同比增长101.55%、38.75%、39.21%，维持“买入”评级。风险提示：研发进度低于预期风险，疫苗产品销售不达预期风险，疫苗行业负面事件风险；新冠病毒变异导致疫苗失效风险；研究报告使用的公开资料可能存在信息滞后或更新不及时的风险。,,中泰证券,买入,[None],2022-08-20,,买入,4958851,pdf_downloads/2022/2022-08-20/300601-康泰生物（300601）：常规疫苗维持高增，计提新冠资产减值利润承压.pdf,300601,康泰生物,康泰生物（300601）：常规疫苗维持高增，计提新冠资产减值利润承压,"{
    ""forecasts"": [
        {
            ""year"": 2024,
            ""net_profit"": 30.36,
            ""eps"": null,
            ""pe"": null
        }
    ]
}",,,,,,,,,,,,
谭国超,事件8月18日，公司发布2022年半年度报告，报告显示公司上半年实现营业收入18.28亿元，同比+73.72%；归母净利润1.2亿元，同比-64.19%；扣非归母净利润0.86亿元，同比-70.81%。事件点评新冠相关资产减值以及研发支出费用化处理影响全年表观业绩。受主营产品如13价新冠疫苗、四联苗、乙肝疫苗等产品销量增长拉动，公司营业收入同比+73.72%。但考虑到新冠疫苗接种量的大幅下滑、腺病毒载体新冠疫苗车间已建设完毕但一直未在国内获批临床、原始株新冠疫苗后续销量有较大的不确定性等因素，公司计提资产减值4.7亿元，其中与新冠疫苗相关的资产减值4.15亿元；此外二季度发生新冠灭活疫苗研发支出费用化处理。考虑加计扣除影响，最终减少净利润约4.5亿元。预计下半年公司将继续计提减值损失以及费用化处理。常规产品销售目标基本实现，销售收入同比高增长。2022年上半年公司常规苗销售额大幅增长。其中，四联苗共批签发173.55万支，实际销售收入较上年同期+60.13%；13价肺炎结合疫苗共批签发239.02万支；乙肝疫苗共批签发1305.57万支，上半年销售收入同比+20.76%；Hib共批签发18.9万支；百白破疫苗共批签发32.51万支。后续，公司新产品获批+放量持续带动业绩常规产品收入增长。公司13价肺炎疫苗已完成共24个省份的准入（近期新增四川、上海），后续随着准入的推动，销量有望加速增长；人二倍体狂苗预计2023年初获批，将为公司贡献新的利润增长点。研发工作稳步进展。2022年上半年，公司自主研发的冻干人用狂犬病疫苗（人二倍体细胞）已完成注册现场核查及GMP符合性检查，预计将于2023年一、二季度获批上市销售；冻干水痘减毒活疫苗已获得Ⅰ、Ⅲ期临床试验总结报告；同时，公司已布局研制口服五价重配轮状病毒减毒活疫苗（Vero细胞）、四价手足口病疫苗、麻腮风水痘疫苗、四价流感疫苗、20价肺炎球菌多糖结合疫苗等多联多价疫苗，未来随着公司重磅产品陆续获批上市，将为公司持续发展提供重要保障。同时，公司注重疫苗新技术路径的应用研究和新技术平台的建立，包括mRNA技术、病毒载体技术、新佐剂技术等，相应新产品将为公司业绩长期增长提供动力。持续推动疫苗出海，加速国际化进程。2022年5月，公司重组新型冠状病毒疫苗（Y25腺病毒载体）生产基地获得由欧盟质量受权人签发的符合性声明；2022年7月，公司深圳光明区疫苗生产基地获得由菲律宾食品与药品管理局签发的GMP符合性声明，标志着公司的质量管理体系已达到国际标准。未来公司将继续加强疫苗出海工作的建设，不断推进产品国际化，从而获得增量收入。投资建议我们下调对公司净利润的预测，预计公司2022~2024年营业收入分别为42.57/59.28/70.57亿元，同比增长16.6%/39.2%/19.0%；归母净利润分别为3.54/20.48/25.13亿元，同比增长-72%/477.9%/22.8%（调整前预计公司2022~2024年归母净利润分别为14.40/20.76/25.43亿元，同比增长14.0%/44.1%/22.5%）；2022~2024年PE分别为：109X/19X/15X，2023及2024年PE低于可比公司平均值。若公司新冠业务相关的减值损失及研发支出的费用化在2022年全部处理完成，进入2023年后净利润有望恢复常规增长。考虑到公司具有丰富的产品管线，能在未来3~5年内持续推出新产品，获得业绩增速补充。结合疫苗行业的高增速，以及公司顺应疫苗行业新型疫苗行业增速超过传统疫苗、多联多价苗替代单苗的发展趋势、国产替代及疫苗出海进程不断加深的趋势，我们维持公司“买入”评级。风险提示新产品研发未达预期的风险；产品市场推广不及预期的风险；地缘冲突影响产品出海进程的风险；其他可能影响公司正常经营的风险。,,华安证券,买入,[None],2022-08-19,,买入,4958202,pdf_downloads/2022/2022-08-19/300601-康泰生物（300601）：常规产品收入大幅增长，新冠相关资产计提减值压缩表观利润.pdf,300601,康泰生物,康泰生物（300601）：常规产品收入大幅增长，新冠相关资产计提减值压缩表观利润,"{
    ""forecasts"": [
        {
            ""year"": 2022,
            ""net_profit"": 3.54,
            ""eps"": null,
            ""pe"": 109
        },
        {
            ""year"": 2023,
            ""net_profit"": 20.48,
            ""eps"": null,
            ""pe"": 19
        },
        {
            ""year"": 2024,
            ""net_profit"": 25.13,
            ""eps"": null,
            ""pe"": 15
        }
    ]
}",,,109.0,19.0,15.0,,,,,,,
杜向阳,事件：公司发布2022年半年报，实现营业收入18.3亿元，同比增长73.7%；实现归属于母公司股东净利润1.2亿元，同比减少64.2%；实现扣非后归母净利润0.86亿元，同比减少70.8%。传统疫苗恢复快速增长，新冠疫苗资产减值影响表观利润。分季度来看，公司2022Q1/Q2单季度营业收入分别为8.7/9.6亿元（+214.6%/+23.4%），实现归母净利润分别为2.7/-1.5亿元（+987.7%/-149%）。其中利润端下降主要系公司计提了新冠疫苗资产减值4.5亿元，若还原此部分，公司内生净利润增速在69%左右，仍实现了较高增长。从盈利能力来看，公司2022H1毛利率为86.7%（+2.2pp），销售费用率为33.2%（+0.4pp），管理费用率为7%（-2.7pp），基本保持稳定。净利率为6.6%（-25pp），研发费用率为18.6%（+6.7pp），主要系新冠资产减值以及研发费用化处理所致。下半年预计还会有部分新冠相关减值及研发费用化处理，展望明年，公司将会轻装上阵，发展动力强劲。三大产品销售增长显著，有望贡献公司长期业绩增量。分产品来看，2022H1公司主要产品四联苗销售收入较上年同期增长60.1%，乙肝疫苗销售收入较上年同期增长20.8%，且公司同步进行了考核指标，由原来的考核发货新增了考核纯销指标。公司新上市销售产品13价肺炎球菌多糖结合疫苗逐步放量，目前已经在全国近大部分省份实现准入，公司采用低价策略定价，在公司渠道持续投入下，下半年有望快速放量。未来2-3年产品获批阶梯性增长，贡献公司长期业绩增量。公司目前共有在研项目30多个，已有13项进入注册程序。预计未来两年有4-5个新品种获批。其中冻干二倍体狂苗作为行业金标准已经收到现场核查通知书，冻干水痘疫苗已于22年3月完成Ⅰ、Ⅲ期临床试验总结报告，结果显示公司疫苗对1~55岁健康水痘易感人群具有良好的免疫原性和安全性。此外， MCV4、IPV等疫苗均进入或完成临床Ⅲ期阶段，重组EV71疫苗已经完成Ⅱ期临床，目前正准备转做四价手足口病疫苗，五价轮状病毒疫苗等均已获得临床试验批准通知书，产品管线立足创新，着重解决现存未满足需求，长期发展动力充足。盈利预测与投资建议。考虑到公司下半年仍将有新冠疫苗资产减值以及研发费用化支出，预计2022-2024年EPS分别为0.51元、1.96元及2.41元。长期看，新冠影响未来将边际减弱，公司传统疫苗（四联苗、乙肝疫苗等）2022年进入恢复放量阶段，新产品13价肺炎疫苗获批上市2022年有望加速放量，作为国内创新疫苗企业龙头，公司在研管线丰富，未来2-4年将有多个品种获批，长期增长确定性强，维持“买入”评级。风险提示：新产品研发低于预期，产品降价风险。,,西南证券,买入,[None],2022-08-19,,买入,4957960,pdf_downloads/2022/2022-08-19/300601-康泰生物（300601）：新冠减值影响表观业绩，明年三大品种齐发力.pdf,300601,康泰生物,康泰生物（300601）：新冠减值影响表观业绩，明年三大品种齐发力,"{
    ""forecasts"": [
        {
            ""year"": 2022,
            ""net_profit"": null,
            ""eps"": 0.51,
            ""pe"": null
        },
        {
            ""year"": 2023,
            ""net_profit"": null,
            ""eps"": 1.96,
            ""pe"": null
        },
        {
            ""year"": 2024,
            ""net_profit"": null,
            ""eps"": 2.41,
            ""pe"": null
        }
    ]
}",,,,,,,,,0.51,1.96,2.41,
谭国超,"主要观点：公司是管线最丰富的民营疫苗企业之一，自研+合作打造丰富产品管线公司凭借雄厚研发能力以及国际合作技术引进全面布局多个研发平台，成功培育多款多联多价疫苗、新型疫苗上市产品以及研发项目。目前上市销售的产品有13价肺炎疫苗、无细胞百白破b型流感嗜血杆菌联合疫苗（四联苗）、23价肺炎疫苗、乙肝疫苗、Hib疫苗、冻干Hib疫苗等，另有新冠灭活疫苗获批紧急使用，重组新型冠状病毒疫苗（Y25腺病毒载体）获印尼紧急使用授权。此外，公司布局在研项目30余项，除冻干人用狂苗（人二倍体细胞）、吸附无细胞百白破灭活脊髓灰质炎和b型流感嗜血杆菌联合疫苗（五联苗）、口服五价重配轮状疫苗、四价流感疫苗等进入注册程序的疫苗外，四价手足口病疫苗、麻腮风水痘疫苗、20价肺炎球菌多糖结合疫苗等多联多价疫苗已布局研制。丰富的产品线打造稳增业绩收入，新冠疫情加速公司疫苗产品出海。2022年，肺炎疫苗+四联苗+乙肝疫苗同步发力销售公司新产品13价肺炎疫苗贡献高增长业绩收入，老产品四联苗+乙肝持续发力，创造稳增现金流。①肺炎疫苗：公司自主研发的13价肺炎疫苗、23价肺炎疫苗为全球肺炎系列疫苗大品种，公司是第二家获批生产销售13价肺炎疫苗的国产厂商，自主研发的“双载体13价肺炎球菌多糖结合疫苗”属全球首创，可以避免单一载体蛋白竞争辅助型T细胞而对多糖免疫应答产生抑制作用。公司两款自研肺炎疫苗或将于2025年实现超30亿元销售收入；②公司自主研发的四联苗是国产首创的四联疫苗，预计到2025年四联苗销售额超过17亿元；③老牌产品重组乙肝疫苗(酿酒酵母)经过多年研发，已实现全年龄段人群覆盖，将持续贡献稳增现金流。预计乙肝疫苗销售额将在2025年超过8亿元。自研+合作布局多款在研产品，短期有狂苗上市带来业绩增量，未来3~5年内陆续有候选产品上市助力业绩长期持续增长公司候选产品冻干人用狂苗（人二倍体细胞）即将于2023年上市，目前国内仅一家厂商在售同款产品，工艺技术以及技术壁垒减少了潜在竞争对手。预计冻干人用狂苗（人二倍体细胞）到2025年销售收入接近15亿元。此后，丰富的研发管线还将确保公司未来3~5年不断有新产品上市，贡献收入增量：①冻干水痘减毒活疫苗，已获得Ⅰ、Ⅲ期临床试验总结报告；②Sabin株脊髓灰质炎灭活疫苗（Vero细胞），Ⅲ期临床进行中；③五联苗以及吸附无细胞百白破灭活脊髓灰质炎联合疫苗已获得临床试验批件，临床试验的准备工作在进行中；④口服五价重配轮状病毒减毒活疫苗（Vero细胞）在2021年11月取得临床批件，预计近期开展I期临床；⑤四价流感疫苗于2022年6月临床试验申请已获得受理；⑥另有部分管线处于临床前研发阶段，公司已布局研制四价手足口病疫苗、麻腮风水痘疫苗、20 价肺炎球菌多糖结合疫
苗等多联多价疫苗。",,华安证券,买入,[None],2022-07-01,,买入,4905443,pdf_downloads/2022/2022-07-01/300601-康泰生物（300601）：老牌产品增厚现金流，丰富新型疫苗管线打造业绩高增速.pdf,300601,康泰生物,康泰生物（300601）：老牌产品增厚现金流，丰富新型疫苗管线打造业绩高增速,"{
    ""forecasts"": [
        {
            ""year"": 2025,
            ""net_profit"": null,
            ""eps"": null,
            ""pe"": null
        }
    ]
}",,,,,,,,,,,,
孙建,"康泰生物：品种迭代，平台占优我们认为，康泰生物是国内疫苗上市公司中已上市和在研管线梯队最完善的公司之一，与国内外龙头公司、科研院校、知名Biotech公司合作网络分布广，多联多价技术平台储备独具特色。复盘公司的历史收入&amp;利润表现，我们认为，2022-2024年随着已上市销售的重磅品种放量和在研大品种陆续上市，公司利润增长持续性有望超预期管线：在研品种陆续上市，驱动持续增长优势品种：联合疫苗领域储备丰富、独具特色。我们认为，康泰生物是国内民营疫苗公司中单苗储备最丰富的公司之一，具备多联多价疫苗研发的领先优势。目前主要上市销售的产品有13价肺炎球菌多糖结合疫苗、无细胞百白破b型流感嗜血杆菌联合疫苗(四联苗）、23价肺炎球菌多糖疫苗、重组乙型肝炎疫苗(酿酒酵母)、b型流感嗜血杆菌结合疫苗、冻干b型流感嗜血杆菌结合疫苗（Hib）等，另有新冠灭活疫苗于2021年5月在国内获批紧急使用，重组新型冠状病毒疫苗（Y25腺病毒载体）于2021年10月获得印度尼西亚国家药品和食品监管局紧急使用授权。从技术壁垒看，我们认为，联合疫苗研发和生产的壁垒体现在抗原相容性及配比（降低各组分或病毒间的相互干扰）、防腐剂/稳定剂/佐剂研究（配伍变化对免疫原性和安全性的影响）等，临床设计中还需考虑接种程序、与单苗的对比等因素，我们认为公司在四联疫苗研发、生产所积累的Know-how有助于公司在新型多联多价疫苗领域的拓展。从产品特点和竞争格局看，除康泰生物四联苗和赛诺菲五联苗已上市外，仅成都所的四联苗处于临床1期阶段，目前康泰的五联苗已经获得临床批件，是目前国内唯一获得临床批件的五联苗。我们预计公司在四联疫苗领域较好的竞争格局有望维持；接种率提升驱动下（我们估计2021年四联疫苗接种率在8-12%），2022-2024年公司四联苗收入CAGR有望达到20.2%。肺炎疫苗管线：展望2022-2024年，我们预计公司肺炎品种增长驱动来自于：(1)销售渠道整合下13价肺炎球菌多糖结合疫苗市占率提升：估计2021年中国13价肺炎球菌多糖结合疫苗销售额在50-55亿元、接种率在18-22%，我们认为考虑到13价肺炎结合疫苗的推广渠道与公司四联疫苗的推广渠道具有一定的重合度，及13价肺炎球菌多糖结合疫苗接种率提升潜力，我们预计2022-2024年公司13价肺炎球菌多糖结合疫苗有望贡献明显业绩增量；(2) 23价肺炎球菌多糖疫苗老年人接种率提升：我们估计 2021 年 60 岁以上老人接种率低于 5%，
考虑到部门地区陆续推进免费接种政策+常规疫苗接种陆续恢复，我们预计公
司 23 价肺炎球菌多糖疫苗销售额有望持续增长。",,浙商证券,增持,[None],2022-06-20,,增持,4880696,pdf_downloads/2022/2022-06-20/300601-康泰生物（300601）深度报告：品种迭代，平台占优.pdf,300601,康泰生物,康泰生物（300601）深度报告：品种迭代，平台占优,"{
    ""forecasts"": [
        {
            ""year"": null,
            ""net_profit"": null,
            ""eps"": null,
            ""pe"": null
        }
    ]
}",,,,,,,,,,,,
盛丽华,"事件：公司发布2021年报及2022年1季报，2021全年实现营业收入36.52亿元（+61.5%），归母净利润12.63亿元（+86.0%），扣非归母净利润11.91亿元（+91.90%），其中Q4单季度营业收入12.75亿元（+51.6%），归母净利润2.27亿元（-7.6%），业绩与业绩预告基本相符。经营性现金流净额为16.5亿元（+275.7%）2022年1季度实现收入8.7亿元（+214.6%），归母净利润2.74亿元（+987.7%），业绩在预告范围之内。点评：21年业绩高速增长。Q1-Q4分别实现收入2.8/7.8/13.3/12.75亿元，分别同比增长56.31%/11.9%/140.7%/51.6%，归母净利润0.25/3.11/7.0/2.27亿元，同比增长938.6%/20.98%/303.2%/-7.6%。业绩高速增长与新冠疫苗销售有关（国内灭活疫苗2021年5月国内获批紧急使用以及海外2021年10月获批紧急使用销售腺病毒疫苗），以及下半年新冠疫苗接种影响减弱，四联苗和乙肝疫苗逐步恢复增长。21年销售费用同比-34.17%,主要因为二类苗销售工作受疫情影响，市场投入减少；管理费用同比增长50.3%，主要是存货报废损失增加，预计主要是对部分新冠疫苗进行减值处理。四联苗和乙肝疫苗驱动22年Q1高速增长。2022年1季度实现收入8.7亿元（+214.6%），传统疫苗销售受21年Q1受新冠疫苗接种影响，22年1季度主要产品四联苗销售收入恢复，实现同比增长约231.4%，乙肝疫苗同比增长约33.24%；同时，1季度新增重磅产品13价肺炎疫苗实现上市销售，13价肺炎疫苗有望在22年放量增长。重磅品种进入收获期，逐步上市销售，驱动业绩快速增长。公司重磅品种13价肺炎结合疫苗，2021年9月获批，1季度实现销售，有望在22年放量增长。狂犬疫苗（人二倍体细胞）有望很快获批上市；水痘减毒活疫苗、四价脑膜炎球菌结合疫苗及甲型肝炎疫苗均已完成III期临床，同时，公司布局了五价轮状疫苗、四价手足口病疫苗、麻腮风水痘疫苗、20价肺炎结合疫苗等等。投资建议：重磅品种13价肺炎结合疫苗获批， 22年正式开始放量，传统疫苗四联苗恢复增长，乙肝疫苗快速增长，我们预计22-24年净利润为14.81/18.83/22.30亿元，对应 EPS 为 2.11、2.69、3.18元，现价对应 22-24 年 PE 为 31 倍、24 倍、20 倍，继续给予“买入”
评级。",,太平洋证券,买入,[None],2022-05-05,,买入,4837174,pdf_downloads/2022/2022-05-05/300601-康泰生物（300601）：重磅品种进入收获期，13价肺炎疫苗放量可期.pdf,300601,康泰生物,康泰生物（300601）：重磅品种进入收获期，13价肺炎疫苗放量可期,"{
    ""forecasts"": [
        {
            ""year"": 2022,
            ""net_profit"": 14.81,
            ""eps"": 2.11,
            ""pe"": 31
        },
        {
            ""year"": 2023,
            ""net_profit"": 18.83,
            ""eps"": 2.69,
            ""pe"": 24
        },
        {
            ""year"": 2024,
            ""net_profit"": 22.30,
            ""eps"": 3.18,
            ""pe"": 20
        }
    ]
}",,,31.0,24.0,20.0,,,,2.11,2.69,3.18,
舒影岚,(Please see APPENDIX 1 for English summary)2021年免疫规划及出口收入高增长。公司2021年营收36.5亿元，同比增长61.5%，归母净利润12.6亿元，同比增长86.0%，扣非净利润11.9亿元，同比增长91.9%。经营现金流净额大幅改善，2021年16.5亿元，同比增长275.7%。分产品看，公司2021年免疫规划疫苗营收11.6亿元，同比增长3937.0%，非免疫规划疫苗24.9亿元，同比增长11.5%。分地区看，公司出口业务收入9.6亿元，同比增长39020.9%。子公司民海生物营收10.4亿元，同比下滑51.0%。公司新冠灭活疫苗5月在国内获批紧急使用，目前正在海外三期临床试验，腺病毒载体新冠疫苗已获印尼紧急使用并出口。2022Q1业绩恢复高增长。公司2022Q1营收8.7亿元，同比增长214.6%，归母净利润2.7亿元，同比增长987.7%，扣非净利润2.5亿元，同比增长2763.8%，经营现金流净额-6064万元，同比增长66.0%。期待四联苗与13价肺炎双轮驱动2022年业绩增长。公司自主研发的13价肺炎疫苗2021年10月首次获得批签发证明，全年批签发41.8万剂（3批次），2022Q1批签发8批次。公司四联苗2021年批签发431.7万剂（42批次），同比减少22.4%，2022Q1已批签发4批次。自主研发能力优异，大品种持续兑现。公司13家肺炎球菌多糖结合疫苗、无细胞百白破b型流感嗜血杆菌联合疫苗（四联苗）等重磅产品已上市，冻干人用狂犬病疫苗（人二倍体细胞）已完成注册现场核查，吸附无细胞百白破灭活脊髓灰质炎和b型流感嗜血杆菌联合疫苗（五联苗）已获得临床试验批准通知书，口服五价重配轮状病毒减毒活疫苗正在I期临床试验准备中。此外，公司已布局四价手足口病疫苗、麻腮风水痘疫苗、四价流感疫苗、20价肺炎球菌多糖结合疫苗等多联多价疫苗。公司布局mRNA、腺病毒载体等新技术平台。盈利预测与估值。我们预计公司2022/23/24年净利润分别14.3亿、17.9亿、23.7亿元，分别同比增长12.8%、25.8%、32.4%。公司是国内研产销俱佳的疫苗龙头，参考可比公司，我们给予公司2022年P/E 40倍，对应目标价81.37元，维持“优于大市”评级。风险提示。新品放量不达预期风险，研发进展不达预期风险。,,海通国际证券,优于大市,[None],2022-05-03,,买入,4835118,pdf_downloads/2022/2022-05-03/300601-康泰生物（300601）：业绩重回高增长，期待13价肺炎放量.pdf,300601,康泰生物,康泰生物（300601）：业绩重回高增长，期待13价肺炎放量,"{
    ""forecasts"": [
        {
            ""year"": 2022,
            ""net_profit"": 14.3,
            ""eps"": null,
            ""pe"": 40
        },
        {
            ""year"": 2023,
            ""net_profit"": 17.9,
            ""eps"": null,
            ""pe"": null
        },
        {
            ""year"": 2024,
            ""net_profit"": 23.7,
            ""eps"": null,
            ""pe"": null
        }
    ]
}",,,40.0,,,,,,,,,
"陈益凌,马千里",传统品种稳健，新冠疫苗贡献增量。2021年公司实现营收36.52亿元（+61.5%），归母净利润12.63亿元（+86.0%），扣非归母净利润11.91亿元（+91.9%），实现经营性现金流净额16.5亿元，同比增长275.7%。分季度来看，公司2021年各季度单季度收入分别为2.8/7.8/13.3/12.7亿元，单季度归母净利润分别为0.3/3.1/7.0/2.3亿元，其中上半年公司传统品种受到国内新冠疫情反复及新冠疫苗接种等影响，业绩增速有所放缓；下半年随着公司灭活新冠疫苗国内使用以及与阿斯利康合作的腺病毒新冠疫苗取得海外销售，公司业绩恢复高增长。2022年一季度实现现营收8.71亿元（+214.6%），实现归母净利润2.74亿元（+987.71%），扣非归母净利润2.74亿元（+987.71%），预计主要系公司四联苗等传统品种销售恢复以及13价肺炎疫苗新品种上市形成销售。新品种有望快速放量，长期管线储备充足。公司13价肺炎多糖结合疫苗于2021年9月获批上市，年内取得批签发41.76万支，目前正在进行各省招标准入，考虑到公司产品临床数据优秀、定价亲民，通过四联苗等品种已布局儿童疫苗渠道多年，产品有望快速放量。此外，公司目前拥有在研项目30余项，13项处于临床阶段，其中人二倍体狂苗已报产、冻干水痘疫苗取得临床总结报告，长期布局麻腮风水痘、DTaP-IPV-Hib五联苗等全球重磅多联多价产品，中长期增长动能充足。风险提示：13价肺炎结合苗上市后销售不及预期；新冠疫苗研发失败、进度慢于预期；全球新冠疫情发生重大变化的风险等。投资建议：暂不考虑新冠疫苗收入，预计公司2022-2024年EPS分别为2.20/3.07/3.91元，目前股价对应PE分别为28/20/16x。公司传统品种稳健增长，13价肺炎结合疫苗2022年有望快速放量，贡献业绩弹性，人二倍体狂苗已报产预计年内获批，管线储备丰富，维持“买入”评级。,,国信证券,买入,[None],2022-04-29,,买入,4841913,pdf_downloads/2022/2022-04-29/300601-康泰生物（300601）：传统品种稳健增长，13价肺炎疫苗有望放量.pdf,300601,康泰生物,康泰生物（300601）：传统品种稳健增长，13价肺炎疫苗有望放量,"{
    ""forecasts"": [
        {
            ""year"": 2022,
            ""net_profit"": null,
            ""eps"": 2.20,
            ""pe"": 28
        },
        {
            ""year"": 2023,
            ""net_profit"": null,
            ""eps"": 3.07,
            ""pe"": 20
        },
        {
            ""year"": 2024,
            ""net_profit"": null,
            ""eps"": 3.91,
            ""pe"": 16
        }
    ]
}",,,28.0,20.0,16.0,,,,2.2,3.07,3.91,
"祝嘉琦,张楠",投资要点事件：2022年4月27日，公司发布2021年报及2022一季报。2021年实现营业总收入36.52亿元，同比增长61.51%；归母净利润12.63亿元，同比增长86.01%；扣非归母净利润11.91亿元，同比增长91.90%。2022Q1实现营业总收入8.71亿元，同比增长215.75%；归母净利润2.74亿元，同比增长987.71%；扣非归母净利润2.48亿元，同比增长2763.78%。21年新冠贡献明显增量，22Q1常规品种恢复、PCV13放量。2021年公司营收快速增长，新冠疫苗6月份开始上市销售，贡献约50%收入体量。分季度来看，21Q4实现营收12.76亿元（+51.73%），归母2.27亿元（-7.60%），净利率17.81%（-11.43pp），预计与新冠疫苗降价、常规品种受新冠接种挤兑、费用分摊等有关。22Q1实现营收8.71亿元（+215.75%），归母2.74亿元（+987.71%），净利率31.40%（+22.28pp），由于22年防疫政策的变化以及公司渠道改革，常规品种四联苗、乙肝疫苗等开始恢复销售，同时新品PCV13在去年Q4铺货准备下开始贡献新增量。新冠接种降低销售费用，其他费率保持稳定。2021年公司销售费用5.78亿元（-34.17%），销售费率15.83%（-23.01pp），新冠集中接种从而减少终端销售推广。管理费用2.53亿元（+50.33%），管理费率6.93%（-0.52pp），费用率保持稳定。财务费率-1.62%（-0.67pp）。另外研发费用3.54亿元（+32.65%），研发费率9.70%（-2.11pp），研发项目稳步推进。2021年应收款项合计18.58亿元，占收入50.88%（-20.47pp），新冠疫苗与常规疫苗相比回款较快。存货余额10.58亿元，占资产比重7.48%（+2.92pp），公司增加了新冠疫苗原材料、产成品的储备。产品管线进入收获期，布局多个重磅品种。PCV13：公司PCV13在9月获批上市，截至22Q1已批签发11批次，我们预计国内PCV13市场规模2026年有望达到106亿，公司2026年销售额有望达到32亿元。HDCV：狂苗金标准，我们预计HDCV 市场规模2026年可达到59亿，公司HDCV已报产，预计22年获批上市，2026年销售额可达18亿。另外，MCV4、MPSV4、EV71、IPV、冻干水痘等多个II/III期品种值得期待。同时公司也布局DTaP-IPV-Hib 五联苗、DTaP-IPV四联苗、麻腮风水痘四联苗、五价口服轮状病毒活疫苗、四价手足口病、四价流感、PCV20等多个前沿重磅品种。同时公司积极布局腺病毒载体、mRNA等新型技术平台，进一步丰富产品管线。盈利预测与投资建议：预计2022-2024年公司营业收入分别为56.17、73.19、97.08亿元，同比增长53.81%、30.30%、32.64%；归母净利润分别为17.74、24.35、33.94亿元，同比增长40.44%、37.24%、39.37%。常规疫苗2022-2024年收入43.92、60.94、84.83亿元，同比增长101.55%、38.75%、39.21%；净利润13.18、21.33、29.69亿元，同比增长141.86%、61.87%、39.21%，维持“买入”评级。风险提示：研发进度低于预期风险，疫苗产品销售不达预期风险，疫苗行业负面事件风险；新冠病毒变异导致疫苗失效风险；研究报告使用的公开资料可能存在信息滞后或更新不及时的风险。,,中泰证券,买入,[None],2022-04-29,,买入,4830717,pdf_downloads/2022/2022-04-29/300601-康泰生物（300601）：常规品种恢复销售，PCV13进入放量期.pdf,300601,康泰生物,康泰生物（300601）：常规品种恢复销售，PCV13进入放量期,"{
    ""forecasts"": [
        {
            ""year"": 2022,
            ""net_profit"": 17.74,
            ""eps"": null,
            ""pe"": null
        },
        {
            ""year"": 2023,
            ""net_profit"": 24.35,
            ""eps"": null,
            ""pe"": null
        },
        {
            ""year"": 2024,
            ""net_profit"": 33.94,
            ""eps"": null,
            ""pe"": null
        }
    ]
}",,,,,,,,,,,,
杜向阳,事件：1）公司发布2021年年报，实现营业收入36.5亿元，同比增长61.5%。实现归母净利润12.6亿元，同比增长86%；实现扣非归母净利润11.9亿元，同比增长91.9%。实现经营性现金流净额16.5亿元，同比增长275.7%。2）发布2022年一季度报告，实现营业收入8.7亿元，同比增长214.6%。实现归母净利润2.7亿元，同比增长987.7%；实现扣非归母净利润2.5亿元，同比增长2763.8%。22Q1四联苗等传统产品恢复明显，13价疫苗放量可期。1）分季度来看，公司21Q1/Q2/Q3/Q4单季度收入分别为2.8/7.8/13.3/12.7亿元（+56%/+11.9%/+140.7%/+51%），单季度归母净利润分别为0.3/3.1/7/2.3亿元（+937.6%/+21%/+303.2%/-7%）。其中21Q4利润略有下滑主要系新冠疫苗国内接种放缓，以及各地散点疫情频发导致传统苗销售也受到部分影响。22Q1业绩大幅增加主要系公司四联苗、乙肝疫苗恢复放量。2）从盈利能力来看，公司2021年毛利率为73%（-17pp）主要系公司非免疫规划疫苗毛利率为70%以及新冠疫苗出口产品为41%左右，拉低整体毛利率水平。销售费用率15.8%（-23pp），主要系公司非免疫规划疫苗销售受疫情影响，市场投入减少所致。管理费用率为7%（-0.45pp），保持稳定。研发费用率为9.6%（-2pp），主要系公司新冠疫苗放量明显，研发投入虽然增长较多，但整体比例小幅下降。财务费用率为-1.6%（-0.7pp）主要系利息收入增长所致。综合以上因素，公司2021年净利率为34.5%（+4.5pp），盈利能力增长明显。22Q1传统品种叠加新上市品种实现快速放量。公司22Q1业绩实现大幅增长主要系四联苗渠道优化完成后反弹性快速增长，22Q1实现收入同比增长231%，预计全年实现约13-14亿元收入。其次乙肝疫苗22Q1实现收入同比增长33%，主要系60μg产品贡献增量。13价肺炎疫苗目前已经在全国近大部分省份实现准入，公司采用低价策略定价，22Q1估计实现全年目标10%。公司常规品种2021年在低基数情况下，叠加公司渠道持续投入，销量有望超出市场预期。未来2-3年产品获批阶梯性增长，贡献公司长期业绩增量。公司目前共有在研项目30多个，已有13项进入注册程序。预计未来两年有4-5个新品种获批。其中冻干二倍体狂苗作为行业金标准已经收到现场核查通知书，冻干水痘疫苗已于22年3月完成Ⅰ、Ⅲ期临床试验总结报告，结果显示公司疫苗对1~55岁健康水痘易感人群具有良好的免疫原性和安全性。此外， MCV4、IPV等疫苗均进入或完成临床Ⅲ期阶段，重组EV71疫苗已经完成Ⅱ期临床，目前正准备转做四价手足口病疫苗，五价轮状病毒疫苗等均已获得临床试验批准通知书，产品管线立足创新，着重解决现存未满足需求，长期发展动力充足。盈利预测与投资建议。不考虑新冠疫苗收入。预计2022-2024年EPS分别为2.06元、3.13元及3.86元。长期看，新冠影响未来将边际减弱，公司传统疫苗（四联苗、乙肝疫苗等）2022年进入恢复放量阶段，新产品13价肺炎疫苗获批上市2022年有望加速放量，作为国内创新疫苗企业龙头，公司在研管线丰富，未来2-4年将有多个品种获批，长期增长确定性强，维持“买入”评级。风险提示：新产品研发低于预期，产品降价风险。,,西南证券,买入,[None],2022-04-28,,买入,4830022,pdf_downloads/2022/2022-04-28/300601-康泰生物（300601）：22Q1四联苗等传统产品恢复明显，13价疫苗放量可期.pdf,300601,康泰生物,康泰生物（300601）：22Q1四联苗等传统产品恢复明显，13价疫苗放量可期,"{
    ""forecasts"": [
        {
            ""year"": 2022,
            ""net_profit"": null,
            ""eps"": 2.06,
            ""pe"": null
        },
        {
            ""year"": 2023,
            ""net_profit"": null,
            ""eps"": 3.13,
            ""pe"": null
        },
        {
            ""year"": 2024,
            ""net_profit"": null,
            ""eps"": 3.86,
            ""pe"": null
        }
    ]
}",,,,,,,,,2.06,3.13,3.86,
朱国广,"康泰生物(300601)投资要点事件：2021年公司实现营业收入36.52亿元，同比增长61.5%；实现归母净利润12.63亿元，同比增长86.0%；实现扣非后归母净利润11.91亿元，同比增长91.9%。2022Q1公司实现营业收入8.71亿元，同比增长214.6%；实现归母净利润2.74亿元，同比增长987.7%；实现扣非归母净利润2.48亿元，同比增长2,763.8%，业绩符合我们预期。新冠对常规品种影响减弱，核心产品2022年有望重回高增长：2021年受新冠疫苗大规模接种的影响，四联苗销售承压，四联苗为公司独家产品，研发壁垒较高，随着新冠影响减弱以及公司对销售渠道优化，我们预计2022年四联苗销售350-400万支，销售收入有望实现80%以上高增长。13价肺炎疫苗凭借先发优势和销售优势快速放量：2021年9月公司13价肺炎疫苗获批上市，是第二个获批的国产13价肺炎疫苗，国产疫苗上市将推动渗透率提高。公司13价肺炎疫苗中标迅速，叠加公司较强的销售能力以及相对国内外竞品有竞争力的定价，有望实现快速放量，预计2022年销售350-400万支。研发管线即将进入兑现期：通过自研+对外合作，公司目前已构建国内最丰富的疫苗产品梯队。公司目前共有在研项目30多个，已有13项进入注册程序。其中，人二倍体狂犬疫苗已完成注册现场核查；冻干水痘疫苗已获得III期临床试验总结报告，有望在2023年获批；MCV4、IPV等疫苗均已完成临床Ⅲ期阶段；重组EV71疫苗已经完成Ⅱ期临床，此外还有五联苗、口服五价轮状病毒减毒活疫苗已经取得临床批件，丰富的产品梯队保证了公司业绩持续稳定发展。盈利预测与投资评级：暂不考虑新冠疫苗带来的业绩增量，同时考虑到新冠疫情对常规疫苗的影响，我们将2022-2023年EPS从2.90元/4.27元下调至2.09元/3.09元，并预计2024年EPS为4.16元，对应PE分别为29/20/15倍，考虑到公司新、老疫苗放量迅速，产品管线逐步进入兑现期，维持“买入”评级。风险提示：研发进度低于预期的风险；销售不及预期的风险。",,东吴证券,买入,[None],2022-04-28,,买入,4830648,pdf_downloads/2022/2022-04-28/300601-康泰生物（300601）：13价肺炎疫苗放量迅速，四联苗重回高增长.pdf,300601,康泰生物,康泰生物（300601）：13价肺炎疫苗放量迅速，四联苗重回高增长,"{
    ""forecasts"": [
        {
            ""year"": 2022,
            ""net_profit"": null,
            ""eps"": 2.09,
            ""pe"": 29
        },
        {
            ""year"": 2023,
            ""net_profit"": null,
            ""eps"": 3.09,
            ""pe"": 20
        },
        {
            ""year"": 2024,
            ""net_profit"": null,
            ""eps"": 4.16,
            ""pe"": 15
        }
    ]
}",,,29.0,20.0,15.0,,,,2.09,3.09,4.16,
"代雯,张云逸",归母净利2021年同比增长86%、1Q22同比增长988%公司公告2021年营收、归母净利、扣非净利36.5、12.6、11.9亿元（62%、86%、92% yoy），与业绩快报基本相符，主因新冠疫苗贡献；1Q22营收、归母净利、扣非净利8.7、2.7、2.5亿元（215%、988%、2764% yoy），与业绩预告相符，主因核心产品销售恢复及新品放量（新冠利润贡献不足10%）。因新冠疫苗量价具不确定性，我们基于主业估值，预计2022-24年主业归母净利14/20.1/26.6亿元（22-23年前值12.1/16.3亿元）。考虑到存量品种修复、新品放量，给予公司22年45倍PE（可比公司Wind一致预期PE均值36倍），目标价90.05元（前值155.49元），维持“买入”评级。常规疫苗受新冠接种挤压集中于2021年，主力品种2022年维持恢复态势1）我们估算2021年DTaP-Hib收入同比显著下滑至约7～8亿元（2020年13.6亿元），1Q22收入约3～4亿元（销量约80万支），我们预计全年收入有望超过2020年、达13-15亿元（销量350-400万支），长期期待五联苗2025年上市接力；2）我们估算2021年HepB收入约7亿元，1Q22收入～2亿元（+33% yoy），受益于60μg品规放量全年增速有望延续；3）我们估算2021年新冠疫苗收入约20亿元、1Q22收入约1亿元，主因灭活5M21中国EUA（2021年免疫规划疫苗约11亿元）及腺病毒10M21印尼EUA（2021年出口9.6亿元），后续观望中国接种政策与AZ协商出口进度。PCV13：1Q22稳步开局，1H22边准入边销售，全年收入目标15～18亿我们预计1Q22 PCV13收入约1.5～2亿元，随着招标准入，后续季度有望加速，全年目标15～18亿元：1）公司PCV13于9M21获批，10M21获批签发，目前已在全国21省实现准入，我们预计1Q22销量约40万支，公司1H22主攻准入、3Q22起有望实现全国销售，全年销量有望达350-400万支；2）公司PCV13定价约460元（最新中标价458-473元/支）、低于竞品（600-700元/支），价格优势有助于快速打开市场；3）我们预计公司PCV13中国长期市占率有望在25%，销售峰值有望超35亿元。狂苗与痘苗有望年内获批，变异株新冠处于临床前，在研项目阶梯性推进1）2022年有望获批2个疫苗：人二倍体狂苗已完成现场核查、有望于1H22获批，冻干痘苗于3M22获临床总结报告、有望于近期启动申报并于2H22获批；2）MenACYW三期完成，IPV三期推进中，rEV71二期完成，RV5于11M21获批临床，整体进展顺利；3）新冠疫苗研发上，灭活海外三期中，二代苗双路径推进中（Delta/Omicron mRNA处Pre-IND，Omicron灭活、多联多价mRNA处临床前），腺病毒载体与VSV载体亦在持续推进。风险提示：新冠疫苗研发不达预期，产品推广不达预期。,,华泰证券,买入,[None],2022-04-28,,买入,4830436,pdf_downloads/2022/2022-04-28/300601-康泰生物（300601）：存量修复，新品放量.pdf,300601,康泰生物,康泰生物（300601）：存量修复，新品放量,"{
    ""forecasts"": [
        {
            ""year"": 2022,
            ""net_profit"": 14,
            ""eps"": null,
            ""pe"": 45
        },
        {
            ""year"": 2023,
            ""net_profit"": 20.1,
            ""eps"": null,
            ""pe"": null
        },
        {
            ""year"": 2024,
            ""net_profit"": 26.6,
            ""eps"": null,
            ""pe"": null
        },
        {
            ""year"": 2025,
            ""net_profit"": null,
            ""eps"": null,
            ""pe"": null
        }
    ]
}",,,45.0,,,,,,,,,
杜向阳,投资要点事件：公司发布2021年业绩快报及2022年一季度业绩预告，其中2021年实现营业收入36.9亿元（+63%），实现归母净利润12.8亿元（+89%），实现扣非归母净利润12.1亿元（+95%）。预计2022年一季度实现归母净利润2.5亿元~3亿元（+894%~+1093%），实现扣非归母净利润2.2亿元~2.7亿元（+2484%~+3060%）。21年业绩符合预期，新冠疫苗贡献主要业绩增量。公司21Q4季度实现归母净利润2.5亿元（+1%），主要系新冠疫苗国内接种放缓，以及各地散点疫情频发导致传统苗销售也受到部分影响。根据海关出口数据以及公司产能情况预测，公司全年新冠疫苗收入约为20亿元。主要由公司灭活疫苗以及腺病毒疫苗出口贡献。目前公司腺病毒新冠疫苗已于11月初在印尼拿到当地EUA，并实现出口用于当地疫情防控，其他地区的EUA工作在持续推进当中，预计2022年获批后腺病毒新冠疫苗将持续放量。常规品种由于疫情及新冠疫苗集中接种影响有所下滑，其中四联苗主要因为进行渠道优化，23价肺炎疫苗由于2020年高基数影响，预计2022年将恢复增长。22Q1传统品种叠加新上市品种实现快速放量。公司22Q1业绩实现大幅增长主要系四联苗渠道优化完成后反弹性快速增长，22Q1实现收入同比增长231%，预计全年实现约13-14亿元收入。其次乙肝疫苗22Q1实现收入同比增长33%，主要系60μg产品贡献增量。13价肺炎疫苗目前已经在全国近大部分省份实现准入，公司采用低价策略定价，22Q1估计实现全年目标10%。公司常规品种2021年在低基数情况下，叠加公司渠道持续投入，销量有望超出市场预期。未来2-3年产品获批阶梯性增长，贡献公司长期业绩增量。公司目前共有在研项目30多个，已有13项进入注册程序。预计未来两年有4-5个新品种获批。其中冻干二倍体狂苗作为行业金标准已经收到现场核查通知书，冻干水痘疫苗已于22年3月完成Ⅰ、Ⅲ期临床试验总结报告，结果显示公司疫苗对1~55岁健康水痘易感人群具有良好的免疫原性和安全性。此外，MCV4、IPV等疫苗均进入或完成临床Ⅲ期阶段，重组EV71疫苗已经完成Ⅱ期临床，目前正准备转做四价手足口病疫苗，五价轮状病毒疫苗等均已获得临床试验批准通知书，产品管线立足创新，着重解决现存未满足需求，长期发展动力充足。盈利预测与投资建议。不考虑新冠疫苗收入。预计2021-2023年EPS分别为0.91元、1.85元及2.74元。长期看，新冠影响未来将边际减弱，公司传统疫苗（四联苗、乙肝疫苗等）2022年进入恢复放量阶段，新产品13价肺炎疫苗获批上市2022年有望加速放量，作为国内创新疫苗企业龙头，公司在研管线丰富，未来2-4年将有多个品种获批，长期增长确定性强，维持“买入”评级。风险提示：新产品研发低于预期，产品降价风险。,,西南证券,买入,[None],2022-04-14,,买入,4805222,pdf_downloads/2022/2022-04-14/300601-康泰生物（300601）：13价肺炎疫苗快速放量，传统品种恢复增长.pdf,300601,康泰生物,康泰生物（300601）：13价肺炎疫苗快速放量，传统品种恢复增长,"{
    ""forecasts"": [
        {
            ""year"": 2021,
            ""net_profit"": 12.8,
            ""eps"": 0.91,
            ""pe"": null
        },
        {
            ""year"": 2022,
            ""net_profit"": null,
            ""eps"": 1.85,
            ""pe"": null
        },
        {
            ""year"": 2023,
            ""net_profit"": null,
            ""eps"": 2.74,
            ""pe"": null
        }
    ]
}",,,,,,,,0.91,1.85,2.74,,
袁维,"事件4月13日，公司发布2021年业绩快报和2022Q1业绩预告，预计2021年实现收入36.87亿元（+63%），实现归母净利润12.84亿元（+89%）。2022Q1实现归母净利润2.5~3亿（+894%-1,093%），实现扣非归母净利润2.24~2.74亿元（+2,484%-3,060%），业绩超预期。经营分析四联苗和乙肝疫苗销售快速增长，13价肺炎疫苗贡献增量。2022年一季度，公司主要产品四联苗销售收入同比增长约231%，乙肝疫苗销售收入同比增长约33%；此外，公司重磅品种13价肺炎球菌结合疫苗相较去年同期新增销售，为公司带来增量业绩贡献。根据公司投资者交流文件，目前13价肺炎球菌结合疫苗已在全国多个省份已实现准入，其余省市的招标准入工作也在积极推进中，未来全国各省招投标准入完成后有望快速放量。重磅产品管线不断推进，逐步进入收获期。一季度，公司在研产品管线取得多项积极进展，重磅品种冻干人用狂犬病疫苗（人二倍体细胞）进入注册现场核查，冻干水痘减毒活疫苗取得Ⅰ,Ⅲ期临床试验总结报告，未来在研产品管线的不断推进有望为公司成长增添新动力。新冠疫苗有望贡献一定增量。公司自主研发的新冠灭活疫苗于21年5月获得国内紧急使用批复。22年一季度，经国务院联防联控机制批准，国家卫健委开始部署序贯加强免疫接种，目前，新冠疫苗序贯接种和同源接种同步推进，公司新冠疫苗有望贡献一定增量。盈利调整与投资建议考虑公司公告情况和疫情影响，我们上调公司21年盈利预期10%，下调公司22-23年盈利预期22%、21%，暂不考虑2022年和23年新冠疫苗对公司的业绩贡献，预计公司2021-2023年实现归母净利润12.84、14.65、20.31亿元，同比增长89%、14%、39%，对应EPS分别为1.9/2.1/3.0元，对应PE分别为53/46/33倍。维持“增持”评级。风险提示重磅品种销售不达预期；研发及注册进度不达预期；股东减持风险；募投项目建设进展不达预期；市场竞争加剧等。",,国金证券,增持,[None],2022-04-14,,增持,4804584,pdf_downloads/2022/2022-04-14/300601-康泰生物（300601）：四联苗增长优异，13价肺炎疫苗贡献增量.pdf,300601,康泰生物,康泰生物（300601）：四联苗增长优异，13价肺炎疫苗贡献增量,"{
    ""forecasts"": [
        {
            ""year"": 2021,
            ""net_profit"": 12.84,
            ""eps"": 1.9,
            ""pe"": 53
        },
        {
            ""year"": 2022,
            ""net_profit"": 14.65,
            ""eps"": 2.1,
            ""pe"": 46
        },
        {
            ""year"": 2023,
            ""net_profit"": 20.31,
            ""eps"": 3.0,
            ""pe"": 33
        }
    ]
}",,53.0,46.0,33.0,,,,1.9,2.1,3.0,,
"祝嘉琦,张楠",事件：2022年4月13日，公司发布2021年业绩快报和2022Q1业绩预告。2021年实现营业总收入36.87亿元，同比增长63.07%；归母净利润12.84亿元，同比增长113.22%；扣非归母净利润12.11亿元，同比增长95.23%。2022Q1实现归母净利润2.5-3亿元，同比增长893.93%-1092.72%；扣非归母净利润2.24-2.74亿元，同比增长2483.83%-3060.38%。21年新冠贡献明显增量，常规品种承压。2021实现营收36.87（+63.07%）、归母净利润12.84亿元（+113.22%），其中新冠疫苗6月份开始上市销售，预计前三季度收入占比约50%。分季度来看，21Q4实现营收13.11亿元（+55.91%）、归母净利润2.48亿元（+0.81%），净利率18.91%（-10.33pp），预计与新冠疫苗降价、常规品种受新冠接种挤兑、费用分摊等有关。22Q1常规品种恢复销售，新品PCV13进入放量期。2022Q1实现归母净利润2.5-3亿元（+893.93%-1092.72%）；扣非归母净利润2.24-2.74亿元，（+2483.83%-3060.38%）。由于22年防疫政策的变化以及公司渠道改革，常规品种四联苗、乙肝疫苗等开始恢复销售，分别同比增长231.35%、33.24%，同时新品PCV13在去年Q4铺货准备下开始贡献新增量。产品管线进入收获期，布局多个重磅品种。PCV13：公司PCV13在9月获批上市，截至22Q1已批签发11批次，我们预计国内PCV13市场规模有望达到108亿，峰值销售额有望达到33亿元。HDCV：狂苗金标准，我们预计HDCV 市场规模可达到60亿，公司HDCV即将报产，预计22年获批上市，销售峰值可达18亿。另外，MCV4、MPSV4、EV71、IPV、冻干水痘等多个II/III期品种值得期待。同时公司也布局DTaP-IPV-Hib 五联苗、DTaP-IPV四联苗、麻腮风水痘四联苗、五价口服轮状病毒活疫苗、四价手足口病疫苗、四价流感病毒裂解疫苗、PCV20等多个前沿重磅品种，其中五价口服轮状病毒活疫苗申请临床获得受理，五联苗对标2020年全球销售24亿美元的原研赛诺菲产品，已获得临床批件，有望成为首个国产五联苗产品。盈利预测与投资建议：由于新冠疫苗降价及市场萎缩，公司传统品种开始恢复放量叠加新品PCV13贡献新增量，我们调整2021-2023年公司营业收入分别为40.18、56.17、73.19亿元（调整前为63.88、92.93、112.22亿元），同比增长63.07%、52.34%、30.30%；归母净利润分别为12.84、17.74、24.35亿元（调整前为20.06、28.88、36.89亿元），同比增长113.22%、22.52%、37.24%。常规疫苗2021-2023年收入21.79、43.92、60.94亿元，同比增长-3.63%、101.55%、38.75%；净利润5.45、13.18、21.33亿元，同比增长-19.79%、141.86%、61.87%，维持“买入”评级。风险提示：研发进度低于预期风险，疫苗产品销售不达预期风险，疫苗行业负面事件风险；新冠病毒变异导致疫苗失效风险；研究报告使用的公开资料可能存在信息滞后或更新不及时的风险。,,中泰证券,买入,[None],2022-04-14,,买入,4804512,pdf_downloads/2022/2022-04-14/300601-康泰生物（300601）：一季报超预期，PCV13开始放量.pdf,300601,康泰生物,康泰生物（300601）：一季报超预期，PCV13开始放量,"{
    ""forecasts"": [
        {
            ""year"": 2021,
            ""net_profit"": 12.84,
            ""eps"": null,
            ""pe"": null
        },
        {
            ""year"": 2022,
            ""net_profit"": null,
            ""eps"": null,
            ""pe"": null
        },
        {
            ""year"": 2023,
            ""net_profit"": 24.35,
            ""eps"": null,
            ""pe"": null
        }
    ]
}",,,,,,,,,,,,
杜向阳,投资要点事件：公司发布2021年业绩预告，预计实现归母净利润12亿元~14亿元（+77%~+106%），实现扣非归母净利润11.3亿元~13.3亿元（+82%~+114%），业绩基本符合市场预期。新冠疫苗海外出口值得期待，常规品种受新冠影响边际减弱。单Q4季度预计公司实现归母净利润1.6亿元~3.6亿元（-33%~+48%），环比Q3季度有所下降的原因主要是公司新冠疫苗国内接种放缓，海外出口审批仍在持续推进当中。根据海关出口数据以及公司产能情况预测，公司全年新冠疫苗净利润约为5.5亿元~7亿元。目前公司腺病毒新冠疫苗已于11月初在印尼拿到当地EUA，并实现出口用于当地疫情防控，其他地区的EUA工作在持续推进当中，预计2022年获批后腺病毒新冠疫苗将持续放量。常规品种由于疫情及新冠疫苗集中接种影响，预计全年实现归母净利润6~7亿元，但公司已经对四联苗销售渠道进行较好优化，预计2022年将恢复增长，13价肺炎疫苗目前已经在全国近1/3省份实现准入，公司采用低价策略定价460元左右，对比国内外厂商性价比优势突显，有望快速抢占市场份额。公司常规品种2022年在低基数情况下，叠加公司渠道持续投入，销量有望超出市场预期。22-23年在研品种进入获批期，长期发展动力充足。公司目前共有在研项目30多个，已有13项进入注册程序。预计未来两年有4-5个新品种获批。其中冻干二倍体狂苗作为行业金标准已经收到现场核查通知书，冻干水痘疫苗预计在22年Q1可以完成临床总结报告。此外， MCV4、IPV等疫苗均进入或完成临床Ⅲ期阶段，重组EV71疫苗已经完成Ⅱ期临床，目前正准备转做四价手足口病疫苗，五价轮状病毒疫苗等均已获得临床试验批准通知书，产品管线立足创新，着重解决现存未满足需求，长期发展动力充足。盈利预测与投资建议。短期受新冠疫苗接种影响，传统疫苗业务销量略有下滑，不考虑新冠疫苗收入。预计2021-2023年EPS分别为0.91元、1.55元及2.40元。长期看，新冠影响未来将边际减弱，公司传统疫苗（四联苗、乙肝疫苗等）2022年进入恢复放量阶段，新产品13价肺炎疫苗获批上市2022年有望加速放量，作为国内创新疫苗企业龙头，公司在研管线丰富，未来2-4年将有多个品种获批，长期增长确定性强，维持“买入”评级。风险提示：新产品研发低于预期，产品降价风险。,,西南证券,买入,[None],2022-02-07,,买入,4739207,pdf_downloads/2022/2022-02-07/300601-康泰生物（300601）：新冠疫苗海外出口值得期待，常规品种受新冠影响边际减弱.pdf,300601,康泰生物,康泰生物（300601）：新冠疫苗海外出口值得期待，常规品种受新冠影响边际减弱,"{
    ""forecasts"": [
        {
            ""year"": 2021,
            ""net_profit"": null,
            ""eps"": 0.91,
            ""pe"": null
        },
        {
            ""year"": 2022,
            ""net_profit"": null,
            ""eps"": 1.55,
            ""pe"": null
        },
        {
            ""year"": 2023,
            ""net_profit"": null,
            ""eps"": 2.40,
            ""pe"": null
        }
    ]
}",,,,,,,,0.91,1.55,2.4,,
"杜永宏,陈成",独家品种四联苗优势明显，对单苗的替代率有望持续提高。四联苗为公司独家产品，其将百白破疫苗和Hib疫苗联合，4针接种即可完成单苗4+3针的免疫程序，优势明显。近年来四联苗批签发量稳步提升，2020年销量达到432万支，实现13.62亿元的销售收入。2020年开始，四联苗由西林瓶升级为预充瓶，产品单价从270元提高至370元。按照1400万新生人口估算，目前四联苗的接种量低于8%，随着联苗对单苗替代率的不断提高，四联苗的接种率将稳步提升，中性预测销售峰值有望达到30亿元左右。四联苗的进阶产品五联苗已获批临床，公司在联苗领域实力雄厚，有望维持良好竞争优势。重磅品种13价肺炎疫苗上市，市场空间广阔。2021年9月，公司13价肺炎疫苗成功上市，并于10月获得首批签发，成为国内第三家13价疫苗产商。13价肺炎疫苗为全球年销售额60亿美元的重磅品种，于2017年进入国内，近五年来该品种批签发量快速增长，2020年达1089万支。按照1400万新生人口估算，目前接种率在18%，较发达国家70%左右的接种率还有较大差距。公司产品定价约460元/支，较辉瑞的700元/支和沃森的600元/支相比，价格优势明显。公司产品预计将从明年开始放量，未来三年竞争格局良好，中性预测销售峰值有望近40亿元。研发实力雄厚，人二倍体狂苗报产。多年来，公司持续高比例研发投入，2020年研发投入达2.73亿元，占营业收入比重达12%，研发人员数量达425人，掌握了多项国内外先进的生物疫苗核心技术，具备病毒疫苗、细菌疫苗、基因工程疫苗、结合疫苗、多联多价疫苗等研发和生产能力，在多联多价疫苗的研发生产上处于领先优势。目前，公司有在研项目30余项，其中1项产品处于报产阶段，4项产品处于Ⅲ期临床阶段。,,华鑫证券,推荐,[None],2021-11-25,,买入,4681256,pdf_downloads/2021/2021-11-25/300601-康泰生物（300601）：重磅品种放量在即，产品梯队稳步推进.pdf,300601,康泰生物,康泰生物（300601）：重磅品种放量在即，产品梯队稳步推进,"{
  ""forecasts"": [
    {
      ""year"": null,
      ""net_profit"": null,
      ""eps"": null,
      ""pe"": null
    }
  ]
}",,,,,,,,,,,,
"孙宇瑶,张楠,祝嘉琦",投资要点事件：11月3日，印度尼西亚国家药品和食品监督管理局（BPOM）官网显示，10月31日已授予公司生产的重组腺病毒载体新冠疫苗（商品名：KCONECAVAC）紧急使用授权（EUA）。腺病毒新冠疫苗获印尼EUA，新冠疫苗出口迎来良好开局。 2020年8月，阿斯利康独家授权公司在中国大陆对腺病毒疫苗进行开发和商业化；2021年3月公司向NMPA进行临床申请，等待批件；2021年7月公司成功发行20亿元可转债，其中6.43亿用于腺病毒新冠疫苗车间建设；2021年9月，阿斯利康扩大公司商业化许可区域至印尼、巴基斯坦。印尼、巴基斯坦等人口超2亿国家疫苗接种率（截至11.2，一针法接种率分别为44%、32%）仍然较低，距离群体免疫目标差距较大。2021年11月3日，印尼BPOM官网显示已授予公司生产的重组腺病毒载体新冠疫苗（商品名：KCONECAVAC）紧急使用授权。此次腺病毒新冠疫苗获得印尼紧急使用授权，意味着该产品即将实现商业化出口，作为公司新冠疫苗出口进程重要节点，将加速推动新冠疫苗海外出口。灭活新冠疫苗海外III期顺利进行，有望持续贡献新增量。2020年9月，新冠灭活疫苗获批开展临床试验；2021年2月，公司完成新冠灭活疫苗I、II期临床并申请紧急使用，同时启动III期；2021年5月，新冠灭活疫苗获批紧急使用；2021年6月，海外多中心III期第一针正式开打，目前正在阿根廷、菲律宾、马来西亚等进行；2021年7月公司成功发行20亿元可转债，其中13.57亿用于新冠灭活疫苗生产车间项目。我们预计III期数据出炉将加快该款产品海外商业化进程，进一步增厚公司利润。PCV13开始放量，静待HDCV获批。PCV13：公司PCV13在9月获批上市，10月22日获得首次批签发，逐步进入放量期，我们预计国内PCV13市场规模有望达到108亿，峰值销售额有望达到33亿元。HDCV：狂苗金标准，我们预计HDCV 市场规模可达到60亿，公司HDCV即将报产，预计22年获批上市，销售峰值可达18亿。另外，MCV4、MPSV4、EV71、IPV、冻干水痘等多个II/III期品种值得期待。同时公司也布局DTaP-IPV-Hib 五联苗、DTaP-IPV四联苗、麻腮风水痘四联苗、五价口服轮状病毒活疫苗、四价手足口病疫苗、四价流感病毒裂解疫苗、PCV20等多个前沿重磅品种，其中五价口服轮状病毒活疫苗申请临床获得受理，五联苗对标2020年全球销售24亿美元的原研赛诺菲产品，已获得临床批件，有望成为首个国产五联苗产品。盈利预测与投资建议：考虑新冠疫苗接种，我们预计2021-2023年公司营业收入分别为63.88、92.93、112.22亿元，同比增长182.49%、45.48%、20.76%；归母净利润分别为20.06、28.88、36.89亿元，同比增长195.42%、43.93%、27.73%，维持“买入”评级。风险提示：研发进度低于预期风险，疫苗产品销售不达预期风险，疫苗行业负面事件风险；新冠病毒变异导致疫苗失效风险；研究报告使用的公开资料可能存在信息滞后或更新不及时的风险。,,中泰证券,买入,[None],2021-11-07,,买入,4664531,pdf_downloads/2021/2021-11-07/300601-康泰生物（300601）：腺病毒疫苗获印尼紧急使用，新冠疫苗海外出口有望加速.pdf,300601,康泰生物,康泰生物（300601）：腺病毒疫苗获印尼紧急使用，新冠疫苗海外出口有望加速,"{
    ""forecasts"": [
        {
            ""year"": 2021,
            ""net_profit"": 20.06,
            ""eps"": null,
            ""pe"": null
        },
        {
            ""year"": 2022,
            ""net_profit"": 28.88,
            ""eps"": null,
            ""pe"": null
        },
        {
            ""year"": 2023,
            ""net_profit"": 36.89,
            ""eps"": null,
            ""pe"": null
        }
    ]
}",,,,,,,,,,,,
"孙宇瑶,张楠,祝嘉琦",投资要点事件：11月4日，国家药品监督管理局药品审评中心（CDE）显示，子公司北京民海的冻干人用狂犬病疫苗（人二倍体细胞）申请新药生产注册获得受理 ，受理号为CXSS2101046。人二倍体狂苗：狂苗金标准，市场空间有望达到60亿。人二倍体狂苗HDCV具有安全性好、副反应低、免疫原性强等特点，被WHO认为是狂苗金标准，有望替代动物源细胞基质狂苗。由于生产难度导致价格较高，是狂苗中的高端产品。目前仅有康华生物销售HDCV，2014年获批上市，2020年批签发370.4万支，渗透率仅为4.71%。我国人用狂苗需求刚性，市场用量维持在1500万人份左右，随着渗透率提升预计HDCV 市场规模可达到60亿。公司进度领先、有望第二家上市销售，竞争格局良好。目前国内共有6家厂商布局HDCV研发，此次北京民海（康泰生物子公司）的HDCV正式报产，我们预计进度顺利则有望于2022年获批上市，贡献较大增量业绩，分享国内巨大的潜力市场。成都所和智飞生物目前正在进行III期临床，成大生物于2021年3月进入I期临床（招募中），同时III期临床试验进行中（招募中），其他厂商目前均处于临床批件/申请临床阶段，尚处于早期，预计第三家国产企业申报生产需要2 年左右的时间，竞争格局良好。产品梯队强大，多个重磅品种有望驱动公司持续高成长。公司PCV13在9月获批上市，10月22日获得首次批签发，逐步进入放量期，我们预计国内PCV13市场规模有望达到108亿，峰值销售额有望达到33亿元。另外，MCV4、MPSV4、EV71、IPV、冻干水痘等多个II/III期品种值得期待。同时公司也布局DTaP-IPV-Hib 五联苗、DTaP-IPV四联苗、麻腮风水痘四联苗、五价口服轮状病毒活疫苗、四价手足口病疫苗、四价流感病毒裂解疫苗、PCV20等多个前沿重磅品种，其中五价口服轮状病毒活疫苗申请临床获得受理，五联苗对标2020年全球销售24亿美元的原研赛诺菲产品，已获得临床批件，有望成为首个国产五联苗产品。盈利预测与投资建议：考虑新冠疫苗接种，我们预计2021-2023年公司营业收入分别为63.88、92.93、112.22亿元，同比增长182.49%、45.48%、20.76%；归母净利润分别为20.06、28.88、36.89亿元，同比增长195.42%、43.93%、27.73%，维持“买入”评级。风险提示：研发进度低于预期风险，疫苗产品销售不达预期风险，疫苗行业负面事件风险；新冠病毒变异导致疫苗失效风险；研究报告使用的公开资料可能存在信息滞后或更新不及时的风险。,,中泰证券,买入,[None],2021-11-05,,买入,4664281,pdf_downloads/2021/2021-11-05/300601-康泰生物（300601）：人二倍体狂苗正式报产，有望于2022年获批上市.pdf,300601,康泰生物,康泰生物（300601）：人二倍体狂苗正式报产，有望于2022年获批上市,"{
    ""forecasts"": [
        {
            ""year"": 2021,
            ""net_profit"": 20.06,
            ""eps"": null,
            ""pe"": null
        },
        {
            ""year"": 2022,
            ""net_profit"": 28.88,
            ""eps"": null,
            ""pe"": null
        },
        {
            ""year"": 2023,
            ""net_profit"": 36.89,
            ""eps"": null,
            ""pe"": null
        }
    ]
}",,,,,,,,,,,,
"王绍玲,陈铁林",投资要点投资逻辑：1）新冠影响逐渐消除，业绩低点已过：新冠影响2021Q3之后逐渐消除，四联苗2022年有望恢复增长态势、60ug乙肝有望快速上量；2）重磅产品放量，2022年开始业绩有望实现高增长：13价肺炎结合疫苗2022年预计收入20亿，利润近10亿；3）在研管线丰富，2022-2026将收获多个品种：人二倍体狂犬、五联苗、IPV、五价轮状疫苗等有望陆续上市，中长期持续高增长可期。新冠影响逐步消除下四联苗将重回较快增长态势，乙肝复产驱动公司业绩重回快车道。四联苗：受新冠疫苗接种挤压和新包装升级后的市场适应影响，2021年销售承压，随着新冠影响消除和市场适应，2022年开始将重回快车道，有望成为20亿收入量级重磅产品；60ug乙肝：复产后2021年快速上量，有望成为又一10亿量级重磅品种，提价+上量，驱动乙肝疫苗快速增长。疫苗之王——13价肺炎疫苗获批上市，2022年开始有望快速放量。2021年9月公司13价肺炎苗获批上市，2022年有望快速放量：1）国际品质，惠民价格：头对头三期数据显示非劣效，部分优效，同时定价有竞争力；2）迅速中标，预计Q4可中标10-20个省份；3）强化学术推广和引入强力销售负责人，销售有望超预期。在研管线丰富，2022-2026将收获多个品种。公司通过自研+引进，储备了丰富的管线，陆续上市后将支持公司中长期较快增长。1）人二倍体狂犬疫苗：已进入报产程序，预计2022-2023年获批，销售峰值或达24亿元；2）冻干水痘：即将报产，2022-2023年获批；3）其他重点品种包括：IPV（三期临床中）、五联苗（即将启动临床）、五价轮状（已获批临床）、20价肺炎结合（基本完成临床前研究）、麻腮风（基本完成临床前研究）、mRNA疫苗（狂犬及其他品种处于临床前）等。投资建议：不考虑新冠疫苗，我们预计公司近三年将实现净利润7.1/15.0/21.9亿元，CAGR约75%；同时我们保守估计新冠疫苗近三年将贡献8.5/5.0/3.0亿净利润。参考可比公司估值情况，不考虑新冠疫苗，我们给予公司2022年65-70倍PE估值，合理区间为146.9-158.2元，首次覆盖，给予“买入”评级。风险提示：行业政策变动风险；产品商业化不达预期风险；新产品研发风险；新冠疫苗被替代的风险。,,德邦证券,买入,[None],2021-10-25,,买入,4647475,pdf_downloads/2021/2021-10-25/300601-康泰生物（300601）：底部确立，重磅品种驱动2022年业绩高增长.pdf,300601,康泰生物,康泰生物（300601）：底部确立，重磅品种驱动2022年业绩高增长,"{
    ""forecasts"": [
        {
            ""year"": 2022,
            ""net_profit"": 15.0,
            ""eps"": null,
            ""pe"": null
        },
        {
            ""year"": 2023,
            ""net_profit"": 21.9,
            ""eps"": null,
            ""pe"": null
        },
        {
            ""year"": 2024,
            ""net_profit"": 7.1,
            ""eps"": null,
            ""pe"": null
        }
    ]
}",,,,,,,,,,,,
盛丽华,康泰生物(300601)事件：公司发布2021年三季报，实现营业收入23.77亿元（+67.4%），归母净利润10.36亿元（+139.1%），扣非归母净利润9.89亿元（+133.0%）。其中Q3单季度营业收入13.25亿元（+140.7%），归母净利润7.0亿元（+306.7%）。点评：Q3单季度高速增长。Q1-Q3分别实现收入2.8、7.8、13.3亿元，分别同比增长56.31%、11.54%和140.8%，归母净利润0.25、3.11和7亿元，同比增长938%、20.98%和303.2%。Q3季度高速增长预计公司新冠灭活疫苗在国内销售有关，随着临床试验推进，有望海外获批使用实现疫苗出口，继续驱动业绩快速增长。新冠疫苗接种影响减弱，传统疫苗四联苗恢复增长，乙肝疫苗快速增长。1）四联苗上半年四联苗预计受新冠疫苗接种影响，批签发及销量均有所下降，下半年新冠疫苗接种影响减弱，逐步恢复增长；2）乙肝疫苗21年恢复生产，以及产品中标价格的提升（60μg预填充规格涨至330元、20μg预填充规格涨至120元左右），同比2020年量价齐升，驱动业绩快速增长。管线进入收获期，重磅品种13价肺炎结合疫苗获批，在研管线稳步推进。根据公告重磅品种13价肺炎结合疫苗，2021年9月获批，10月22日首批产品获得批签发证明，预计21年内有望实现销售。狂犬疫苗（人二倍体细胞）有望2022年上半年获批；水痘减毒活疫苗、四价脑膜炎球菌结合疫苗及甲型肝炎疫苗均已完成III期临床。投资建议：重磅品种13价肺炎结合疫苗获批，21年内有望实现销售，有望22年正式开始放量，新冠疫苗接种影响减弱，传统疫苗四联苗恢复增长，乙肝疫苗快速增长。新冠疫苗有望海外获批使用实现疫苗出口。暂不考虑新冠疫苗对公司业绩的贡献，我们预计21-23年对应EPS为1.36、2.93、3.72元，现价对应21-23年PE为86倍、40倍、31倍，继续给予“买入”评级。风险提示：竞争加剧，研发不及预期，业绩不及预期风险。,,太平洋证券,买入,[None],2021-10-25,,买入,4647625,pdf_downloads/2021/2021-10-25/300601-康泰生物（300601）：Q3业绩高速增长，重磅品种13价肺炎疫苗获批，放量可期.pdf,300601,康泰生物,康泰生物（300601）：Q3业绩高速增长，重磅品种13价肺炎疫苗获批，放量可期,"{
    ""forecasts"": [
        {
            ""year"": 2021,
            ""net_profit"": null,
            ""eps"": 1.36,
            ""pe"": 86
        },
        {
            ""year"": 2022,
            ""net_profit"": null,
            ""eps"": 2.93,
            ""pe"": 40
        },
        {
            ""year"": 2023,
            ""net_profit"": null,
            ""eps"": 3.72,
            ""pe"": 31
        }
    ]
}",,,86.0,40.0,31.0,,,,1.36,2.93,3.72,
"杜向阳,陈进",投资要点事件：公司发布2021年三季报，实现营业收入23.8亿元（+67.4%），实现归母净利润10.4亿元（+139%），实现扣非归母净利润9.9亿元（+133%），实现经营性现金流净额9.6亿元（+88.7%）。新冠疫苗快速放量带动业绩增长，海外市场值得期待。按季度看，公司Q3单季度实现收入13.2元（+140.7%），归母净利润7亿元（+303.2%），扣非归母净利润6.9亿元（+306.7%）。Q3单季度业绩快速增长主要系新冠疫苗获得紧急使用后顺利实现销售所致，我们预计Q3季度，公司新冠疫苗销售超过10亿元，贡献超5亿元净利润。目前新西兰政府已经认可接种过公司新冠灭活疫苗的外籍人员入境，公司也在乌克兰、马来西亚等地区开展Ⅲ期临床试验加强海外出口能力。从盈利能力上看，公司2021Q3毛利率为84.6%（-8.3pp），主要因为新冠疫苗产品疾控储运费用增加所致，净利率为43.6%（+13.1pp），系新冠产品净利率高带动整体盈利水平上行。销售费用率为20.53%（-19.95pp）主要因为新冠疫苗放量，规模效应显著，管理费用率为6.8%（-1.65pp），财务费用率为-1.66%（-0.64pp），基本保持稳定水平。传统品种受新冠影响略有下滑，13价肺炎疫苗获批22年有望贡献收入。按产品来看，前三季扣除新冠疫苗收入，主营产品收入小于13亿元，同比有较小幅度下滑。2021年，公司乙肝疫苗实现再生产上市，同比收入明显高于去年同期；因此，四联苗、23价肺炎疫苗、Hib疫苗以及麻腮风疫苗合计收入有明显下滑，主要系新冠疫情对传统疫苗批签发和接种造成负面影响所致。新产品端，重磅产品13价肺炎疫苗于2021年9月获批上市，2022年有望实现400~500万剂销量，成为驱动公司成长的核心品种，贡献长期业绩增量。22-23年在研品种进入获批期，长期发展动力充足。公司目前共有在研项目30多个，已有13项进入注册程序。预计未来两年有4-5个新品种获批。其中冻干二倍体狂苗作为行业金标准已经申报生产通知书，冻干水痘疫苗预计在Q4可以完成临床总结报告。在需求持续增长下，预计峰值利润18亿元左右。此外，MCV4、IPV等疫苗均进入或完成临床Ⅲ期阶段，重组EV71疫苗已经完成Ⅱ期临床，五价轮状病毒疫苗等均已获得临床试验受理通知书，产品管线立足创新，着重解决现存未满足需求，长期发展动力充足。盈利预测与投资建议。短期受新冠疫苗接种影响，传统疫苗业务销量略有下滑，不考虑新冠疫苗收入。我们下调公司盈利预测，预计2021-2023年EPS分别为1.12元、2.25元及3.16元（原预测EPS为1.68元、3.36元、4.45元）。公司传统疫苗2022年进入放量阶段，作为国内创新疫苗企业龙头，长期增长确定性强，维持“买入”评级。风险提示：新产品研发低于预期，产品降价风险。,,西南证券,买入,[None],2021-10-22,,买入,4646679,pdf_downloads/2021/2021-10-22/300601-康泰生物（300601）：新冠疫苗驱动业绩增长，13价获批值得期待.pdf,300601,康泰生物,康泰生物（300601）：新冠疫苗驱动业绩增长，13价获批值得期待,"{
    ""forecasts"": [
        {
            ""year"": 2021,
            ""net_profit"": null,
            ""eps"": 1.12,
            ""pe"": null
        },
        {
            ""year"": 2022,
            ""net_profit"": null,
            ""eps"": 2.25,
            ""pe"": null
        },
        {
            ""year"": 2023,
            ""net_profit"": null,
            ""eps"": 3.16,
            ""pe"": null
        }
    ]
}",,,,,,,,,1.12,2.25,3.16,
"代雯,张云逸",3Q21收入同比增长141%、归母净利同比增长303%公司公告9M21营收、归母净利、扣非净利23.8、10.4、9.9亿元，同比增长67%、139%、133%，其中3Q21营收、归母净利、扣非净利13.3、7.0、6.9亿元，同比增长141%、303%、307%，主因灭活新冠疫苗贡献。不考虑新冠疫苗，我们预计2021-23年主业归母净利7.1/12.1/16.3亿元（+4%/71%/35% yoy），EPS 1.03/1.76/2.37元。基于SOTP，给予公司2022年目标市值1068亿元（主业968亿元，新冠疫苗100亿元），目标价155.49元（前值194.85元），维持“买入”评级。HepB逐步恢复，新冠疫苗进入放量1）我们估算1-3Q21 DTaP-Hib收入约6~7亿元，其中3Q21约2~3亿元，基于预充规格提升均价、含Hib疫苗与DTP联苗渗透率仍有增长空间，我们预计2021年收入10~11亿元、2022年同比增长10~20%，长期看DTaP-IPV-Hib有望2025年上市接力增长；2）我们估算HepB 1-3Q21收入约4亿元，预计复产后全年有望实现6亿元、长期增长平稳；3）我们估算新冠疫苗1-3Q21收入10~11亿元（其中1H21收入约2亿元），全国加强针接种有望进一步带来增量，公司疫苗早期临床效果较好（公司公告康复者血清2.65倍），期待三期结果出炉后布局全球。PCV13于9M21获批，在研项目稳步推进1）公司PCV13于9M21获得注册批件，后续通过批签发后可上市销售，我们预计2022年收入超15亿元，公司PCV13中国长期市占率有望在25%，销售峰值有望超60亿元；2）公司三条路径推进新冠疫苗研发，灭活疫苗海外三期临床开展中，引自AZ的ChAdOx1载体疫苗与VSV载体疫苗亦在推进中；3）人二倍体狂苗已进入报产程序，有望1H22获批；4）冻干Hib于6M21获批，冻干痘苗有望于2H22获批；5）五价轮状申报临床，MenACYW、IPV、rEV71处于临床二至三期，进展顺利。维持“买入”评级不考虑新冠疫苗，受益于PCV上市、HepB复产，我们预计2021-23年主业收入23.1/37.5/49.0亿元（前值31.4/51.8/72.9亿元），归母净利7.1/12.1/16.3亿元（前值11.6/19.4/26.8亿元），EPS 1.03/1.76/2.37元（+4%/71%/35% yoy）。基于SOTP我们给予主业市值968亿元（2022年12.1亿元利润，可比公司2022年Wind一致预期PE均值48x，考虑PCV13放量给予一定溢价至80x）、新冠疫苗100亿元（2022年10亿元利润，基于康希诺2022年PE 12x，考虑灭活疫苗独特性偏低给予10x），目标市值1068亿元，目标价155.49元（前值194.85元），维持“买入”评级。风险提示：新冠疫苗研发不达预期，产品推广不达预期。,,华泰证券,买入,[None],2021-10-22,,买入,4646815,pdf_downloads/2021/2021-10-22/300601-康泰生物（300601）：主业平稳，新冠疫苗贡献业绩增量.pdf,300601,康泰生物,康泰生物（300601）：主业平稳，新冠疫苗贡献业绩增量,"{
    ""forecasts"": [
        {
            ""year"": 2021,
            ""net_profit"": 7.1,
            ""eps"": 1.03,
            ""pe"": null
        },
        {
            ""year"": 2022,
            ""net_profit"": 12.1,
            ""eps"": 1.76,
            ""pe"": 80
        },
        {
            ""year"": 2023,
            ""net_profit"": 16.3,
            ""eps"": 2.37,
            ""pe"": null
        }
    ]
}",,,,80.0,,,,,1.03,1.76,2.37,
"孙宇瑶,张楠,祝嘉琦",投资要点事件：2021年10月21日，公司发布2021年三季报。2021年前三季度实现营业总收入23.77亿元，同比增长67.37%；归母净利润10.36亿元，同比增长139.13%；扣非归母净利润9.89亿元，同比增长133.04%。业绩符合预期，新冠疫苗贡献可观增量。2021Q3实现营收和归母净利润13.25、7.00亿元，同比增长140.74%、303.22%。其中新冠疫苗6月份开始上市销售，预计前三季度收入占比约50%；常规疫苗因新冠疫苗接种挤兑其销售受到影响，我们预计Q4有望逐步恢复。研发持续投入，新冠疫苗集中接种带来销售费率大幅降低。2021Q1-Q3公司销售费用4.88亿元（-15.12%），销售费率20.53%（-19.95pp），新冠疫苗集中接种叠加常规疫苗推广减少，销售费率大幅降低；管理费用1.62亿元（+33.48%），管理费用率6.80%（-1.73pp），在新冠疫苗收入快速增长下费用率有所下降；财务费用率-1.66%（-0.64pp）。另外，研发费用2.22亿元（+56.28%），研发费用率9.35%（-0.66pp），研发投入保持快速增长，在收入快速增长下费率保持稳定。2021Q1-Q3应收款项合计17.41亿元，占收入73.23%（-26.22pp），得益于新冠疫苗销售快速回款使得收入端迅猛增加。PCV13开始放量，静待HDCV获批。PCV13：公司PCV13在9月获批上市，逐步进入放量期，我们预计国内PCV13市场规模有望达到108亿，峰值销售额有望达到33亿元。HDCV：狂苗金标准，我们预计HDCV 市场规模可达到60亿，公司HDCV即将报产，预计22年获批上市，销售峰值可达18亿。另外，MCV4、MPSV4、EV71、IPV、冻干水痘等多个II/III期品种值得期待。同时公司也布局DTaP-IPV-Hib 五联苗、DTaP-IPV四联苗、麻腮风水痘四联苗、五价口服轮状病毒活疫苗、四价手足口病疫苗、四价流感病毒裂解疫苗、PCV20等多个前沿重磅品种，其中五价口服轮状病毒活疫苗申请临床获得受理，五联苗对标2020年全球销售24亿美元的原研赛诺菲产品，已获得临床批件，有望成为首个国产五联苗产品。盈利预测与投资建议：考虑新冠疫苗接种，我们调整2021-2023年公司营业收入分别为63.88、92.93、112.22亿元（调整前为34.91、57.18、78.42亿元），同比增长182.49%、45.48%、20.76%；归母净利润分别为20.06、28.88、36.89亿元（调整前为11.65、18.56、26.68亿元），同比增长195.42%、43.93%、27.73%，维持“买入”评级。风险提示：研发进度低于预期风险，疫苗产品销售不达预期风险，疫苗行业负面事件风险；新冠病毒变异导致疫苗失效风险；研究报告使用的公开资料可能存在信息滞后或更新不及时的风险。,,中泰证券,买入,[None],2021-10-22,,买入,4646623,pdf_downloads/2021/2021-10-22/300601-康泰生物（300601）：业绩符合预期，新冠疫苗贡献可观增量.pdf,300601,康泰生物,康泰生物（300601）：业绩符合预期，新冠疫苗贡献可观增量,"{
    ""forecasts"": [
        {
            ""year"": 2021,
            ""net_profit"": 20.06,
            ""eps"": null,
            ""pe"": null
        },
        {
            ""year"": 2022,
            ""net_profit"": 28.88,
            ""eps"": null,
            ""pe"": null
        },
        {
            ""year"": 2023,
            ""net_profit"": 36.89,
            ""eps"": null,
            ""pe"": null
        }
    ]
}",,,,,,,,,,,,
刘建宏,康泰生物(300601)事件描述公司发布三季度报告，2021年前三季度公司实现营业收入23.77亿元，同比增长67.37%；实现归母净利润10.36亿元，同比增长139.13%，实现扣非后归母净利润9.89亿元，同比增长133.04%。事件点评新冠疫苗实现销售，三季度业绩大增。2021Q3年公司实现营业收入13.25亿元，同比增长140.74%；实现归母净利润7亿元，同比增长303.21%。公司业绩尤其是三季度业绩大增主要是公司自主研发的新冠疫苗于5月获批紧急使用实现销售所致，同时公司主要产品乙肝疫苗于2020年底重新获批签发，2021年实现恢复性增长。其他疫苗方面，2021Q2全国新冠疫苗大规模集中接种，各地疾控资源较为紧张，常规疫苗批签发或销售出现下滑，但随着下半年新冠疫苗接种压力的释放，推测常规疫苗的接种已逐步开始恢复。2021前三季度公司毛利率同比下降8.27个百分点，主要是疾控储运费和代储代运费增加所致；销售费用率同比下降19.95个百分点，财务费用同比下降0.61个百分点，管理费用同比下降1.74个百分点，费用率整体控制良好。13价肺炎疫苗获批上市，新冠疫苗积极开拓国际市场。9月公司13价肺炎疫苗获批上市，成为全球第三家，国内第二家上市的13价肺炎疫苗。13价肺炎疫苗是全球畅销的重磅疫苗品种，2020年销售额高达60多亿美元，公司的13价肺炎疫苗适用于2月龄-5周岁婴幼儿和儿童，相较原研辉瑞适用6月龄以下婴幼儿覆盖人群更广，预计该产品的上市将为公司带来可观利润。其他研发产品方面：冻干人用狂犬病疫苗（人二倍体细胞）已提交上市申请；水痘疫苗已完成III期临床试验现场工作；Sabin株脊髓灰质炎灭活疫苗（Vero细胞）Ⅲ期临床试验进行中；EV71疫苗已完成I期、II期临床试验；吸附无细胞百白破灭活脊髓灰质炎和b型流感嗜血杆菌联合疫苗、吸附无细胞百白破灭活脊髓灰质炎联合疫苗以及五价重配轮状病毒减毒活疫苗已获得临床试验批件，重点研发产品均进展顺利。新冠疫苗方面，国内已大规模接种，海外市场成为新的业务增长点。公司积极加强产品在海外的注册工作，开拓国际市场，自主研发的新冠疫苗正在乌克兰、马来西亚、菲律宾等国家开展III期临床试验。投资建议预计公司2021-2023年EPS分别为1.44\2.64\3.49（暂不考虑新冠疫苗业绩贡献），对应公司10月21日收盘价111.35元，2021-2023年PE分别为77.1\42.2\31.9倍，维持“增持”评级。存在风险药品安全风险；行业政策风险；研发与销售不达预期的风险。,,山西证券,增持,[None],2021-10-22,,增持,4647624,pdf_downloads/2021/2021-10-22/300601-康泰生物（300601）：新冠疫苗带动三季度业绩，13价肺炎疫苗获批上市.pdf,300601,康泰生物,康泰生物（300601）：新冠疫苗带动三季度业绩，13价肺炎疫苗获批上市,"{
    ""forecasts"": [
        {
            ""year"": 2021,
            ""net_profit"": null,
            ""eps"": 1.44,
            ""pe"": 77.1
        },
        {
            ""year"": 2022,
            ""net_profit"": null,
            ""eps"": 2.64,
            ""pe"": 42.2
        },
        {
            ""year"": 2023,
            ""net_profit"": null,
            ""eps"": 3.49,
            ""pe"": 31.9
        }
    ]
}",,,77.1,42.2,31.9,,,,1.44,2.64,3.49,
"崔文亮,支君",事件概述公司公告，公司全资子公司民海生物收到国家药监局签发的13价肺炎球菌多糖结合疫苗《药品注册证书》。分析判断公司研发的13价肺炎球菌多糖结合疫苗可用于预防13种由肺炎球菌血清型引起的侵袭性疾病，该疫苗为全球首创的双载体13价肺炎球菌多糖结合疫苗，采用两种载体蛋白（破伤风类毒素/白喉类毒素）与肺炎球菌荚膜多糖结合，取得了较好的临床结果。13价肺炎疫苗是全球疫苗重磅产品，辉瑞的“沛儿”2020年销售额约为58.5亿美元，是全球最畅销的疫苗产品。目前全球共有3家公司获批13价肺炎疫苗，分别为辉瑞和沃森生物、康泰生物。辉瑞的13价肺炎疫苗基础免疫适用于6月龄以下婴幼儿，12-15月龄为加强免疫。公司的13价肺炎疫苗覆盖2月龄-5周岁人群，较沛儿而言覆盖的年龄段更广。此次公司13价肺炎疫苗获批，进一步丰富了公司上市产品梯队，增厚公司业绩，提升公司竞争实力。投资建议暂不考虑公司新冠疫苗业绩弹性，考虑到今年新冠疫苗大规模接种影响常规疫苗业务接种，我们下调公司2021-2022年盈利预测，营业收入从40.15/64.71亿元调整至32.70/62.00亿元，EPS从2.00/3.41元调整至1.47/2.75元，新增2023年盈利预测，2023年营业收入75.70亿元，EPS为3.26元。对应2021年9月10日116.91元/股收盘价，PE分别为79/43/36倍，维持“买入”评级。风险提示疫苗产品销售进度不及预期风险；疫苗产品研发进度不及预期风险；疫苗行业政策风险。,,华西证券,买入,[None],2021-09-12,,增持,4616432,pdf_downloads/2021/2021-09-12/300601-康泰生物（300601）：重磅产品13价肺炎疫苗获批，公司产品梯队进一步丰富.pdf,300601,康泰生物,康泰生物（300601）：重磅产品13价肺炎疫苗获批，公司产品梯队进一步丰富,"{
    ""forecasts"": [
        {
            ""year"": 2021,
            ""net_profit"": null,
            ""eps"": 1.47,
            ""pe"": 79
        },
        {
            ""year"": 2022,
            ""net_profit"": null,
            ""eps"": 2.75,
            ""pe"": 43
        },
        {
            ""year"": 2023,
            ""net_profit"": null,
            ""eps"": 3.26,
            ""pe"": 36
        }
    ]
}",,,79.0,43.0,36.0,,,,1.47,2.75,3.26,
刘建宏,事件描述公司发布半年度报告，2021H1实现营业收入10.52亿元，同比增长20.95%；实现归母净利润3.37亿元，同比增长29.54%，实现扣非后归母净利润2.96亿元，同比增长16.52%。事件点评业绩实现增长，乙肝疫苗恢复放量。2021Q2年公司实现营业收入7.75亿元，同比增长11.90%；实现归母净利润3.11亿元，同比增长20.98%。分产品来看：（1）一类疫苗实现收入1.80亿元，同比增长949.76%，主要是乙肝疫苗于2020年底重新获批签发，上半年实现恢复性增长；（2）二类疫苗实现收入8.72亿元，同比增长2.28%，增速放缓主要原因是2021Q2全国新冠疫苗大规模集中接种，各地疾控资源较为紧张，预计随着新冠疫苗接种压力的释放，下半年常规疫苗的接种将逐步恢复；公司新冠灭活疫苗于5月获批紧急使用，预计下半年将贡献较多利润。2021H1公司毛利率同比下降8.44个百分点，主要是疾控储运费和代储代运费增加所致；销售费用率同比下降6.80个百分点，控制良好。积极推进产品研发，13价肺炎疫苗即将上市。公司积极推进产品研发，目前在研项目30多个，其中：13价肺炎球菌结合疫苗已申请药品注册批件并完成注册现场检查，即将上市；冻干人用狂犬病疫苗（人二倍体细胞）已提交上市申请；水痘疫苗已完成III期临床试验现场工作；Sabin株脊髓灰质炎灭活疫苗（Vero细胞）Ⅲ期临床试验进行中；EV71疫苗已完成I期、II期临床试验；吸附无细胞百白破灭活脊髓灰质炎和b型流感嗜血杆菌联合疫苗、吸附无细胞百白破灭活脊髓灰质炎联合疫苗以及五价重配轮状病毒减毒活疫苗已获得临床试验批件，重点研发产品均进展顺利。,,山西证券,增持,[None],2021-09-01,,增持,4605192,pdf_downloads/2021/2021-09-01/300601-康泰生物（300601）：业绩实现增长，13价肺炎疫苗即将上市.pdf,300601,康泰生物,康泰生物（300601）：业绩实现增长，13价肺炎疫苗即将上市,"{
    ""forecasts"": [
        {
            ""year"": null,
            ""net_profit"": null,
            ""eps"": null,
            ""pe"": null
        }
    ]
}",,,,,,,,,,,,
徐偲,事件：8月29日，公司公告2021年半年报，报告期内实现营收10.52亿元，同比增长20.95%，实现归母净利润3.37亿元，同比增长29.54%，扣非后归母净利润2.96亿元，同比增长16.52%。国元观点：21H1业绩平稳增长，现金改善显著公司Q2单季度实现营收7.75亿元（+11.90%），实现归母净利润3.11亿元（+20.98%），扣非归母净利润2.87亿元（+14.26%）。报告期内公司毛利率及净利率分别为84.44%（-8.44 pct）与31.99%（+2.12 pct），毛利率下滑主要系公司对应产品销售合同发生的疾控储运费和代储代运费增加所致。费用率管控较好，销售费用率为32.84%（-6.80 pct），管理费用率为9.71%（+0.51 pct）。公司针对13 价肺炎疫苗、冻干人用狂犬病疫苗（人二倍体细胞）等项目的研发投入大幅增加，研发费用率为11.90%（+2.14pct）。2021H1公司经营活动产生的现金流净额为4923万元（+89.39%），较去年同期有明显改善，主要系销售回款增加所致。灭活新冠疫苗获批紧急使用，有望贡献业绩弹性公司自主研发的新冠病毒灭活疫苗于2021年5月中旬获批国内紧急使用，该疫苗已于2021年2月完成Ⅰ、Ⅱ期临床试验，目前公司正积极推进海外马来西亚等国的III期临床试验相关工作，灭活新冠疫苗获批紧急使用有望为公司贡献未来的业绩弹性。研发管线有序推进，为公司提供持续增量收入公司研发管线丰富，有超过30款在研疫苗产品，其中13价肺炎疫苗已申请药品注册批件并完成注册现场检查，有望于近期获批，成为我国第二款国产13价肺炎疫苗；冻干b型流感嗜血杆菌结合疫苗获得药品注册批件；人二倍体狂犬疫苗已申请药品注册批件；此外，公司五价重配轮状病毒减毒活疫苗、四价手足口病疫苗、麻腮风水痘疫苗、四价流感疫苗等多款疫苗的布局亦推进顺利，有望在未来陆续上市，为公司提供持续增量收入。投资建议与盈利预测康泰生物是国产疫苗头部企业，受益于疫情刺激下居民自费疫苗接种意识提升，新冠疫苗获批紧急使用有望贡献业绩弹性，不断推进研发管线，13价肺炎疫苗等新产品有望进一步丰富产品布局，预计公司21-23年营业收入分别为39.14/59.45/76.28亿元，归母净利润11.22/17.75/22.14亿元，EPS分别为1.64/2.59/3.23元/股，对应PE为77/49/39倍。考虑公司在研管线丰富，未来潜力较大，维持“增持”评级。风险提示疫苗研发失败风险、新建工程进程存在不确定性、疫苗上市进程存在不确定性、疫苗行业政策风险。,,国元证券,增持,[None],2021-09-01,,增持,4604875,pdf_downloads/2021/2021-09-01/300601-康泰生物（300601）：业绩平稳增长，新冠疫苗有望贡献业绩弹性.pdf,300601,康泰生物,康泰生物（300601）：业绩平稳增长，新冠疫苗有望贡献业绩弹性,"{
    ""forecasts"": [
        {
            ""year"": 2021,
            ""net_profit"": 11.22,
            ""eps"": 1.64,
            ""pe"": 77
        },
        {
            ""year"": 2022,
            ""net_profit"": 17.75,
            ""eps"": 2.59,
            ""pe"": 49
        },
        {
            ""year"": 2023,
            ""net_profit"": 22.14,
            ""eps"": 3.23,
            ""pe"": 39
        }
    ]
}",,,77.0,49.0,39.0,,,,1.64,2.59,3.23,
盛丽华,"事件：公司发布2021年半年报，实现营业收入10.52亿元（+20.95%），归母净利润3.37亿元（+29.54%），扣非归母净利润2.96亿元（+16.52%）。其中Q2单季度营业收入7.73亿元（+11.54%），归母净利润3.12亿元（+20.93%）。点评：业绩符合预期，Q2单季度恢复增长。2021H1实现营业收入10.52亿元（+20.95%），Q2单季度营业收入7.73亿元（+11.54%），归母净利润3.12亿元（+20.93%）。毛利率为84%（同比下降9pct），主要是疾控储运费和代储代运费增加所致。销售费用率32.9%（同比下降6.8pct），预计是新冠疫苗基本没有销售费用；管理费用率9.7%（同比增加0.5pct）研发费用率11.9%（同比增加3pct），主要是13价肺炎疫苗、人二倍体狂犬疫苗研发投入增加以及新冠疫苗研发投入所致。四联苗预计受新冠疫苗接种影响收入下降，乙肝疫苗销量恢复增长。分产品来看，主要品种：1）四联苗预计受新冠疫苗接种影响，批签发及销量均有所下降，预计下半年将逐步恢复增长；2）乙肝疫苗恢复生产，在2020H1低基数情况下，预计实现销量高速增长，叠加产品中标价格的提升（60μg预填充规格涨至330元、20μg预填充规格涨至120元左右），量价齐升，收入和利润端有较好的增长；3）23价肺炎疫苗预计同比下降，主要是疫情影响的减弱以及2020年的高基数；4）公司新冠灭活疫苗于5月被纳入紧急使用，目前已实现规模化销售。根据中检院批签发信息及历史数据预测，我们预计上半年公司23价肺炎球菌多糖疫苗批签发约63.2万支（-62.3%），b型流感嗜血杆菌结合疫苗约143.5万支（+16.8%），四联苗约184.0万支（-41.1%），乙肝疫苗批签发约1500万支，恢复生产放量。在研管线稳步推进。重磅品种13价肺炎球菌结合疫苗完成注册现场检查，预计2021年内有望获批；冻干人用狂犬疫苗（人二倍体细胞）已申请药品注册批件，有望2022年上半年获批；水痘减毒活疫苗、四价脑膜炎球菌结合疫苗及甲型肝炎疫苗均已完成III期临床；组分百白破临床1期，新四联和五联苗获批临床。投资建议：公司乙肝疫苗销量逐步增长；随着新冠疫苗接种影响的减弱，主要品种四联苗疫苗批签和接种有望得到恢复，重磅品种 13
价肺炎球菌疫苗获批在即。暂不考虑新冠疫苗对公司业绩的贡献，我
们预计 21-23 年对应 EPS 为 1.36、2.93、3.72 元，现价对应 21-23
年 PE 为 92 倍、43 倍、34 倍，继续给予“推荐”评级。风险提示：竞争加剧，研发不及预期，业绩不及预期风险。",,太平洋证券,买入,[None],2021-09-01,,买入,4604944,pdf_downloads/2021/2021-09-01/300601-康泰生物（300601）：业绩符合预期，重磅品种获批在即.pdf,300601,康泰生物,康泰生物（300601）：业绩符合预期，重磅品种获批在即,"{
    ""forecasts"": [
        {
            ""year"": 2021,
            ""net_profit"": null,
            ""eps"": 1.36,
            ""pe"": 92
        },
        {
            ""year"": 2022,
            ""net_profit"": null,
            ""eps"": 2.93,
            ""pe"": 43
        },
        {
            ""year"": 2023,
            ""net_profit"": null,
            ""eps"": 3.72,
            ""pe"": 34
        }
    ]
}",,,92.0,43.0,34.0,,,,1.36,2.93,3.72,
"代雯,张云逸",1H21收入同比增长21%、归母净利同比增长30%公司公告1H21营收、归母净利、扣非净利10.5、3.4、3.0亿元，同比增长21%、30%、17%，主因HepB转产完毕后产销量恢复及新冠灭活疫苗纳入紧急使用（5M21）后贡献收入。不考虑新冠疫苗，我们预计2021-23年主业归母净利11.6/19.4/26.8亿元（+71%/67%/39%yoy），基于主业与新冠疫苗SOTP，给予公司2021E目标市值1339亿元（主业939亿元，新冠疫苗400亿元），目标价194.85元（前值226.11元），维持“买入”评级。DTaP-Hib于2Q21环比恢复，HepB复产后快速恢复，新冠疫苗进入放量1）我们估算1H21DTaP-Hib收入约5亿元，其中1Q21约1亿元、2Q21环比显著恢复，基于预充规格提升均价、含Hib疫苗与DTP联苗渗透率仍有增长空间，我们预计全年销售收入有望小幅增长至15亿元，长期看DTaP-IPV-Hib有望2025年上市接力增长；2）我们估算HepB1H21收入约3亿元，预计全年有望实现6亿元、长期增长平稳；3）我们估算于5M21获紧急使用的新冠疫苗1H21收入约2亿元（销量400~500万支），早期临床效果较好（康复者血清2.65倍），期待三期临床结果出炉后布局全球。PCV13有望年内获批，在研项目稳步推进1）PCV13处于行政审批阶段，我们预计2021年获批并上市，2022年产生销售收入，我们预计公司PCV13中国长期市占率有望在25%，销售峰值有望超60亿元；2）公司三条路径推进新冠疫苗研发，灭活疫苗5M21获批中国紧急使用（规划年产能2亿剂、极限年产能6亿剂）、海外三期临床开展中，引自AZ的ChAdOx1载体疫苗与VSV载体疫苗亦在推进中；3）人二倍体狂苗已进入报产程序，有望1H22获批；4）冻干Hib于6M21获批，冻干痘苗有望于2H22获批；5）五价轮状申报临床，MenACYW、IPV、rEV71处于临床二至三期，进展顺利。维持“买入”评级暂不考虑新冠疫苗，受益于PCV上市、HepB复产、四联苗放量，我们预计2021-23年主业收入31.4/51.8/72.9亿元（前值37.0/59.8/91.3亿元），归母净利11.6/19.4/26.8亿元（前值12.0/20.1/30.2亿元），EPS1.69/2.82/3.91元（+71%/67%/39%yoy）。基于SOTP我们给予主业市值939亿元（2021年11.6亿元利润，可比公司21EWind一致预期PE均值为81x，给予公司81x）、新冠疫苗400亿元（2021年40亿元利润，PE20x，基于康希诺21EPE25x，考虑公司疫苗上市较晚给予一定折价），目标市值1339亿元，目标价194.85元（前值226.11元），维持“买入”评级。风险提示：新冠疫苗、PCV13研发不达预期，产品推广不达预期。,,华泰证券,买入,[None],2021-08-31,,买入,4604022,pdf_downloads/2021/2021-08-31/300601-康泰生物（300601）中报点评：主力品种稳步恢复，期待新品上市.pdf,300601,康泰生物,康泰生物（300601）中报点评：主力品种稳步恢复，期待新品上市,"{
    ""forecasts"": [
        {
            ""year"": 2021,
            ""net_profit"": 11.6,
            ""eps"": 1.69,
            ""pe"": 81
        },
        {
            ""year"": 2022,
            ""net_profit"": 19.4,
            ""eps"": 2.82,
            ""pe"": null
        },
        {
            ""year"": 2023,
            ""net_profit"": 26.8,
            ""eps"": 3.91,
            ""pe"": null
        }
    ]
}",,,81.0,,,,,,1.69,2.82,3.91,
"孙宇瑶,张楠,祝嘉琦",康泰生物(300601)投资要点事件：2021年8月29日，公司发布2021年半年报。2021年上半年实现营业总收入10.52亿元，同比增长20.95%；归母净利润3.37亿元，同比增长29.54%；扣非归母净利润2.95亿元，同比增长16.52%。业绩基本符合预期，核心产品恢复放量。2021H1一类苗实现收入1.80亿，同比增长950%，其中乙肝疫苗全面恢复，实现爆发式增长；新冠疫苗5月获批上市贡献新增量。二类苗（除10微克乙肝和新冠之外的其他品种）实现收入8.72亿，同比增长2.28%，收入占比达到82.89%。分季度来看，2021Q2实现营收和归母净利润7.75、3.11亿元，同比增长11.91%、20.98%。Q2增速有所放缓，我们预计主要由于新冠疫苗大规模接种部分挤兑疾控中心接种资源，带来常规疫苗的接种降低。随着新冠疫苗接种覆盖率逐渐达到群体免疫状态，常规疫苗接种有望在Q4恢复常态。直销带动控费提效显著，研发支出加大投入。2021H1公司销售费用3.46亿元（+0.19%），销售费率32.84%（-6.80pp），销售终端协同效应显现；管理费用1.02亿元（+27.63%），管理费用率9.71%（+0.51pp），费用率保持稳定；财务费用率-2.94%（-2.00pp）。另外，研发费用1.25亿元（+47.51%），研发费用率11.90%（+2.14pp），两大品种PCV13、HDCV研发持续推进。2021H1应收款项合计18.17亿元，占收入172.66（+18.87pp），上半年疾控中心等将重点放在新冠疫苗接种工作上，常规疫苗的回款有所延后。PCV13+HDCV渐近收获，在研管线布局丰富。PCV13：我们预计国内PCV13市场规模有望达到108亿，公司PCV13有望21年三季度上市，峰值销售额有望达到33亿元。HDCV：狂苗金标准，我们预计HDCV市场规模可达到60亿，公司HDCV即将报产，预计22年获批上市，销售峰值可达18亿。另外，MCV4、MPSV4、EV71、IPV、冻干水痘等多个II/III期品种值得期待。同时公司也布局DTaP-IPV-Hib五联苗、DTaP-IPV四联苗、麻腮风水痘四联苗、五价口服轮状病毒活疫苗、四价手足口病疫苗、四价流感病毒裂解疫苗、PCV20等多个前沿重磅品种，其中五价口服轮状病毒活疫苗申请临床获得受理，五联苗对标2020年全球销售24亿美元的原研赛诺菲产品，已获得临床批件，有望成为首个国产五联苗产品。盈利预测与投资建议：不考虑新冠短期业绩弹性，我们预计2021-2023年公司营业收入分别为34.91、57.18、78.42亿元，同比增长54.37%、63.80%、37.16%；归母净利润分别为11.65、18.56、26.68亿元，同比增长71.60%、59.22%、43.75%基于分部估值，我们给予传统疫苗2022年市值1299-1392亿元（2022年18.56亿净利润，PE70-75倍），新冠疫苗2022年市值273亿元（2022年27.30亿净利润，PE10倍），目标市值1572-1665亿元，维持“买入”评级。风险提示：研发进度低于预期风险，疫苗产品销售不达预期风险，疫苗行业负面事件风险；新冠病毒变异导致疫苗失效风险；研究报告使用的公开资料可能存在信息滞后或更新不及时的风险。,,中泰证券,买入,[None],2021-08-31,,买入,4603762,pdf_downloads/2021/2021-08-31/300601-康泰生物（300601）：业绩基本符合预期，期待PCV13+HDCV.pdf,300601,康泰生物,康泰生物（300601）：业绩基本符合预期，期待PCV13+HDCV,"{
    ""forecasts"": [
        {
            ""year"": 2021,
            ""net_profit"": 11.65,
            ""eps"": null,
            ""pe"": null
        },
        {
            ""year"": 2022,
            ""net_profit"": 18.56,
            ""eps"": null,
            ""pe"": null
        },
        {
            ""year"": 2023,
            ""net_profit"": 26.68,
            ""eps"": null,
            ""pe"": null
        }
    ]
}",,,,,,,,,,,,
"杜向阳,陈进",投资要点事件：公司发布2021年中报，实现营业收入10.5亿元（+21%），实现归母净利润3.37亿元（+29.5%），实现扣非归母净利润2.96亿元（+16.52%），实现经营性现金流净额0.49亿元（+89%）。业绩符合预期，传统疫苗业务恢复放量。分季度看，Q1/Q2单季度收入2.8/7.8亿元（+56%/+12%），实现归母净利润0.25/3.12亿元（+938%/+21%）。Q2单季度业绩增速放缓的原因主要是上半年新冠疫苗接种影响常规疫苗接种资源所致，随下半年新冠疫苗接种完成主要目标后，同时国家大力保障其他疫苗接种，我们预计Q3-Q4季度常规疫苗接种将逐渐恢复正常。从盈利能力上看，公司2021H1毛利率为84.4%（-8.4pp）主要因新冠疫苗产品疾控储运费用增加所致。销售费用率为32.8%（-6.8pp），主要因规模效应显现。管理费用率9.7%（+0.5pp），财务费用率为2.9%（-2pp），销售净利率为32%（+2.1pp）基本保持平稳。核心品种量价齐升，下半年业绩值得期待。按产品来看，公司一类苗实现收入1.8亿元（+950%），主要系10μg乙肝疫苗获得恢复性增长，实现量价齐升。以及新冠疫苗于5月底获得紧急使用批准，预计下半年将持续放量。二类苗实现收入8.7亿元（+2.28%），23价肺炎疫苗预计全年收入6.7亿元，13价肺炎结合疫苗处于申请注册批件过程中，预计21年收入3亿元。四联苗预计全年16亿收入体量，核心品种实现量价齐升，未来可期。在研管线丰厚，定位创新品种。公司目前共有在研项目30多个，预计未来两年有4-5个新品种获批。其中冻干二倍体狂苗作为行业金标准已经完成临床研究，在需求持续增长下，预计峰值利润18亿元左右。此外，冻干水痘、MCV4、IPV等疫苗均进入或完成临床Ⅲ期阶段，重组EV71疫苗已经完成Ⅱ期临床，五价轮状病毒疫苗等均已获得临床试验受理通知书，产品管线立足创新，着重解决现存未满足需求，长期发展动力充足。盈利预测与投资建议。不考虑新冠疫苗收入，我们预计2021-2023年归母净利润分别为11.5亿元、23.1亿元及31.2亿元，未来三年归母净利润CAGR为66%，维持“买入”评级。风险提示：新产品研发低于预期，产品降价风险。,,西南证券,买入,[None],2021-08-30,,买入,4603103,pdf_downloads/2021/2021-08-30/300601-康泰生物（300601）：业绩符合预期，13价肺炎产品待获批.pdf,300601,康泰生物,康泰生物（300601）：业绩符合预期，13价肺炎产品待获批,"{
    ""forecasts"": [
        {
            ""year"": 2021,
            ""net_profit"": 11.5,
            ""eps"": null,
            ""pe"": null
        },
        {
            ""year"": 2022,
            ""net_profit"": 23.1,
            ""eps"": null,
            ""pe"": null
        },
        {
            ""year"": 2023,
            ""net_profit"": 31.2,
            ""eps"": null,
            ""pe"": null
        }
    ]
}",,,,,,,,,,,,
朱国广,事件：公司发布2021半年报，实现营业收入10.5亿元，同比增长20.9%；实现归属于母公司净利润3.4亿元，同比增长29.5%，实现扣非后归母净利润3.0亿元，同比增长16.5%。业绩符合我们预期，下半年看四联苗和新冠疫苗放量：核心产品方面：1）四联苗，2021H1，受新冠疫苗大规模接种的影响，我们估算销量约在140万支左右，考虑到下半年新冠疫苗接种对常规疫苗接种的影响将大幅度减小，以及预充式的四联苗全国招标准入已经基本完成，四联苗需求端将得到显著恢复，我们预计2021年四联苗有望实现快速放量态势。此外，乙肝疫苗于2020年底开始恢复供应，我们预计2021年将有望实现快速增长。新冠疫苗方面，公司的灭活新冠疫苗于5月中旬拿到紧急使用批文，随着公司产能逐渐爬坡，我们预计下半年新冠疫苗有望贡献较多业绩。研发管线即将进入兑现期：通过自研+对外合作，公司目前已构建国内最丰富的疫苗产品梯队。1）13价肺炎疫苗：正在审批中，我们预计2021Q3获批；2）人二倍体狂犬疫苗：已进入报产程序，我们预计近期有望拿到正式受理号，预计2022年上半年获批；3）冻干水痘疫苗：处于临床总结报告阶段，我们预计2022年中有望获批。此外，还有五联苗、口服五价轮状病毒减毒活疫苗已经取得临床批件。盈利预测与投资评级：暂不考虑新冠疫苗未来的业绩增量，同时考虑到今年新冠疫苗接种对常规疫苗的影响，我们将2021-2023年EPS 从1.66元/2.97元/4.36元下调至1.43元/2.90元/4.27元，对应PE分别为88/43/29倍，考虑到公司在百白破多联苗领域具备显著优势，且13价肺炎疫苗放量在即，维持“买入”评级。风险提示：研发进度低于预期的风险；四联苗销售不及预期的风险。,,东吴证券,买入,[None],2021-08-30,,买入,4605688,pdf_downloads/2021/2021-08-30/300601-康泰生物（300601）：业绩符合我们预期，下半年看核心产品放量.pdf,300601,康泰生物,康泰生物（300601）：业绩符合我们预期，下半年看核心产品放量,"{
    ""forecasts"": [
        {
            ""year"": 2021,
            ""net_profit"": null,
            ""eps"": 1.43,
            ""pe"": 88
        },
        {
            ""year"": 2022,
            ""net_profit"": null,
            ""eps"": 2.90,
            ""pe"": 43
        },
        {
            ""year"": 2023,
            ""net_profit"": null,
            ""eps"": 4.27,
            ""pe"": 29
        }
    ]
}",,,88.0,43.0,29.0,,,,1.43,2.9,4.27,
祝嘉琦,报告摘要投资要点：1）公司是国内疫苗行业龙头，研发与销售实力兼备，未来将持续受益于疫苗行业向二类自费苗结构性转型的红利；2）2021年起公司在研管线开始集中兑现，PCV13、HDCV进入上市倒计时，叠加新冠疫苗带来的利润弹性，业绩向上拐点明确；3）长期看，公司产品梯队强大，多个潜力品种进度领先，有望驱动公司持续高成长。核心产品均迎来向上拐点，新冠疫苗商业化价值初现。独家品种四联苗，有望迎来量价齐升；乙肝疫苗因转产销售受限，自2020年11月起逐步恢复正常供应，2021年有望爆发式增长；23价肺炎多糖疫苗受益于新冠催化下接种需求爆发，预计保持持续放量。此外，公司自研新冠灭活疫苗已于5月获批紧急使用，与阿斯利康合作腺病毒载体疫苗进展顺利，有望首批兑现可观利润。PCV13：百亿市场规模的重磅品种，康泰有望三季度上市。13价肺炎球菌疫苗是蝉联多年的全球疫苗销售冠军，2020年辉瑞PCV13全球销售额高达58.5亿美元。随着负担能力提升和接种率上升，我们预计国内PCV13市场规模有望达到108亿。目前国内仅辉瑞和沃森提供，竞争格局良好，康泰生物PCV13有望21年三季度上市，峰值销售额有望达到33亿元。HDCV：狂苗金标准，公司进度领先、有望第二家上市销售。二倍体细胞狂苗HDCV具有安全性好、副反应低、免疫原性强等特点，被WHO认为是狂苗金标准，有望替代动物源细胞基质狂苗。我国人用狂苗需求刚性，市场用量维持在1500万人份左右，随着渗透率提升预计HDCV 市场规模可达到60亿。目前国内仅康华生物提供，竞争格局良好，康泰生物HDCV即将报产，预计22年获批上市，销售峰值可达18亿。产品梯队强大，多个重磅品种有望驱动公司持续高成长。公司产品梯队覆盖全面，在研产品多个对标海外重磅疫苗，从临床前到上市均有，未来将陆续进入兑现期。公司具备丰富的多联多价苗研发和产业化经验，目前已布局多个前沿重磅品种，包括DTaP-IPV-Hib 五联苗、PCV13、麻腮风三联苗、麻腮风水痘四联苗，全球市场仅有少数几家医药企业具备生产能力。其中五联苗对标2020年全球销售24亿美元的原研赛诺菲产品，已获得临床批件，有望成为首个国产五联苗产品。盈利预测与投资建议：不考虑新冠短期业绩弹性，我们预计2021-2023年公司营业收入分别为34.91、57.18、78.42亿元（预测前值为33.32、54.08、73.48亿），同比增长54.37%、63.80%、37.16%；2021-2023年归母净利润分别为11.65、18.56、26.68亿元（预测前值为10.98、18.26、26.15亿），同比增长71.60%、59.22%、43.75%，对应EPS为1.70、2.71、3.89元。基于分部估值，我们给予传统疫苗2022年市值1299-1392亿元（2022年18.56亿净利润，PE 70-75倍），新冠疫苗2022年市值273亿元（2022年27.30亿净利润，PE 10倍），目标市值1572-1665亿元，维持“买入”评级。风险提示：研发进度低于预期风险，疫苗产品销售不达预期风险，疫苗行业负面事件风险。,,中泰证券,买入,[None],2021-08-19,,买入,4592095,pdf_downloads/2021/2021-08-19/300601-康泰生物（300601）：老牌疫苗企业厚积薄发，在研产品陆续进入收获期.pdf,300601,康泰生物,康泰生物（300601）：老牌疫苗企业厚积薄发，在研产品陆续进入收获期,"{
    ""forecasts"": [
        {
            ""year"": 2021,
            ""net_profit"": 11.65,
            ""eps"": 1.70,
            ""pe"": null
        },
        {
            ""year"": 2022,
            ""net_profit"": 18.56,
            ""eps"": 2.71,
            ""pe"": 70
        },
        {
            ""year"": 2023,
            ""net_profit"": 26.68,
            ""eps"": 3.89,
            ""pe"": null
        }
    ]
}",,,,70.0,,,,,1.7,2.71,3.89,
"苑建,蔡明子",自主研发&amp;技术引进，打造创新疫苗开发平台公司自研加引进、整合创新（四联苗、二倍体狂犬、IPV、五价轮状、腺病毒载体新冠等），实现产品线的快速扩充。目前公司致力于搭建创新疫苗研发体系，在北京和深圳建造国际标准的研发中心，通过连接实验室研发、临床、产业化等环节，打通产业链上下游，打造全球领先的创新疫苗研发平台。不考虑新冠疫苗业绩贡献，预计2021-2023年净利润分别为11.8亿、19.5亿和27.1亿元，同比增速74.1%、65.1%、38.6%，对应EPS分别为1.72元、2.84元和3.94元，当前股价对应PE分别为100.7倍、61.0倍和44.0倍，首次覆盖给予“买入”评级。厚积薄发，有望开启新一轮高增长消费升级与需求未满，国内新型疫苗市场前景广阔。公司四联苗突破百白破系列联苗技术，带动整体收入突破20亿元。前瞻性布局多联多价疫苗等新型疫苗，经过多年研发积累，2021年开始进入收获阶段，13价肺炎结合疫苗、二倍体狂犬疫苗、水痘、IPV等疫苗有望2021-2022年内陆续获批，将支撑未来5年业绩高成长。若考虑处于更早期阶段的五价轮状、四价流脑结合、五联苗、麻腮风水痘等品种，公司业绩长期高成长可期。灭活新冠疫苗临床1/2期数据靓丽，已纳入紧急使用，有望显著贡献业绩弹性。灭活新冠疫苗纳入紧急使用，携手阿斯利康有望加速国际化进程多条技术路径布局新冠疫苗，其中灭活新冠疫苗中和抗体滴度与康复患者血清比达到2.65，有望成为灭活路径中最佳品种，原液产能可达6亿剂次，近期已纳入紧急使用，有望显著贡献业绩弹性。腺病毒载体疫苗国内已申报临床，国内有望开展桥接实验。VSV为已经大规模临床验证的疫苗技术路径，该路径的新冠疫苗处于临床前研究。公司携手阿斯利康，有望在疫苗领域实现互补，康泰疫苗管线堪比国际巨头，AZ全球商业化能力领先，双方合作有望实现共赢，康泰国际化进程有望加速。风险提示：销售低预期，研发进度低预期等。,,开源证券,买入,[None],2021-05-28,,买入,4521174,pdf_downloads/2021/2021-05-28/300601-康泰生物（300601）公司首次覆盖报告：厚积薄发，逐浪疫苗新蓝海.pdf,300601,康泰生物,康泰生物（300601）公司首次覆盖报告：厚积薄发，逐浪疫苗新蓝海,"{
    ""forecasts"": [
        {
            ""year"": 2023,
            ""net_profit"": 27.1,
            ""eps"": 3.94,
            ""pe"": 44.0
        }
    ]
}",,,,,44.0,,,,,,3.94,
周平,,,信达证券,买入,[None],2021-05-25,,买入,4519311,pdf_downloads/2021/2021-05-25/300601-康泰生物（300601）：独家四联苗快速放量，新品种将进入收获期.pdf,300601,康泰生物,康泰生物（300601）：独家四联苗快速放量，新品种将进入收获期,,,,,,,,,,,,,
袁维,"四联苗包装升级有望迎来量价齐升，乙肝疫苗复产贡献业绩。公司是国内疫121 0苗行业领先企业，拥有多款自主研发的重磅疫苗品种，其中DTaP-Hib四联苗和用于成人无应答人群的60μg乙肝疫苗为国内首家且独家上市的疫苗品种。公司四联苗自2017年上市以来，销售收入迅速增长，未来随着中标省成交金额 康泰生物 沪深300份范围进一步扩大，叠加西林瓶向预充式的包装升级，有望迎来量价齐升；乙肝疫苗厂房搬迁于2020年6月获NMPA批准变更生产场地，2021年起逐步恢复市场供应。研发管线布局丰富，重磅品种步入收获期。公司是我国疫苗行业研发管线最优质的企业之一，重磅在研品种有望在21-22年迎来密集上市期。目前，13价肺炎球菌多糖结合疫苗（PCV13）和冻干人用狂犬病疫苗（人二倍体细胞）均已申请药品注册批件。作为全球最畅销疫苗品种，PCV13有望于2021年上市放量；冻干人用狂犬病疫苗（人二倍体细胞）预计21年底或22年初获批上市，作为WHO推荐的金标准狂犬疫苗，预计将为公司贡献业绩增量；此外，公司储备产品丰富，ACWY135流脑疫苗、甲肝灭活疫苗、水痘疫苗等品种已完成III期临床，吸附无细胞百白破（组分）联合疫苗进入I期临床试验，DTaP-IPV-Hib五联苗和新款DTaP-IPV四联苗已获批临床。新冠疫苗授权引进和自研双线推进，自研灭活疫苗已纳入紧急使用。公司具有牛津大学/阿斯利康AZD1222腺病毒载体新冠疫苗在中国内地独家开发的权利，同时自研的新冠灭活疫苗也已纳入国内紧急使用。21年公司拟发行可转债募资不超过20亿元用于腺病毒载体新冠疫苗和新冠灭活疫苗的产能建设，建设产能合计为4亿剂/年，预计于2021年分批投产。投资建议和盈利预测公司丰富研发管线步入收获期，我们看好公司在国内疫苗行业的领先优势和
增长潜力，暂不考虑新冠疫苗研发带来的额外费用以及业绩贡献，选用相对
估值法估值，预计公司 2021-2023 年归母净利润 11.71 亿元、18.83 亿元、
25.73 亿元，分别同比增长 72.43%、60.77%、36.67%。给予 21 年预测归
母净利润 115 倍市盈率，对应目标价为 196 元。",,国金证券,增持,[None],2021-05-24,,增持,4517305,pdf_downloads/2021/2021-05-24/300601-康泰生物（300601）：国内疫苗创新先锋，丰富研发管线步入收获期.pdf,300601,康泰生物,康泰生物（300601）：国内疫苗创新先锋，丰富研发管线步入收获期,"{
    ""forecasts"": [
        {
            ""year"": 2021,
            ""net_profit"": 11.71,
            ""eps"": null,
            ""pe"": null
        },
        {
            ""year"": 2022,
            ""net_profit"": 18.83,
            ""eps"": null,
            ""pe"": null
        },
        {
            ""year"": 2023,
            ""net_profit"": 25.73,
            ""eps"": null,
            ""pe"": null
        }
    ]
}",,,,,,,,,,,,
朱国广,事件：公司发布公告，公司近日收到国务院联防联控机制科研攻关组疫苗研发专班的通知，根据《中华人民共和国疫苗管理法》第二十条有关规定，公司研发的新型冠状病毒灭活疫苗经国家卫生健康委提出建议，国家药品监督管理局组织论证同意紧急使用。灭活新冠疫苗获紧急使用，有望带来较大业绩增量：公司是国内第六家获批紧急使用（包括获批上市）的新冠疫苗，根据公司公告，其百旺信应急工程建设项目主要用于新冠灭活疫苗的生产，项目运营期为10年，设计产能为2亿剂/年，我们预计考虑到产能的弹性，预计其实际产能将远超设计产能；其腺病毒新冠疫苗正在国内申请临床试验，项目运营期为10年，设计产能为2亿剂/年。在新冠疫苗接种方面，国外目前接种疫苗数量最多的是美国，根据美国CDC数据，截止5月13日，美国接种剂次超过2.6亿剂，至少接种1剂的人数超过1.5人，占美国总人口的比例约46.6%；从接种比例来看，目前接种比例最高的国家是以色列，目前接种比例62.7%。国内方面，根据卫健委数据，截止5月12日，国内接种剂次约3.5亿剂次，我们测算国内接种率不到20%，我们认为随着康泰生物灭活新冠疫苗快速放量，近期有望带来较大业绩兑现。研发管线即将进入兑现期：通过自研+对外合作，公司目前已构建国内最丰富的疫苗产品梯队。1）13价肺炎疫苗：已完成生产现场检查和检验工作，我们预计2021年中获批；2）人二倍体狂犬疫苗：已进入报产程序，我们预计年中拿到正式受理号，预计2022年上半年获批；3）冻干Hib疫苗:已完成现场检查和GMP符合性检查，我们预计2021年上半年获批；4）冻干水痘疫苗：目前等待临床总结报告，我们预计2022年中有望获批；5）新冠疫苗：灭活新冠疫苗三期临床已经开启，我们预计2021年内有望获批。盈利预测与投资评级：暂不考虑新冠疫苗未来的业绩增量，我们维持2021-2023年EPS 分别为1.66元/2.97元/4.36元，对应PE分别为123/69/47倍，维持“买入”评级。风险提示：研发进度低于预期的风险；四联苗销售不及预期的风险。,,东吴证券,买入,[None],2021-05-16,,买入,4512848,pdf_downloads/2021/2021-05-16/300601-康泰生物（300601）：灭活新冠疫苗获得紧急使用，近期有望兑现较大业绩.pdf,300601,康泰生物,康泰生物（300601）：灭活新冠疫苗获得紧急使用，近期有望兑现较大业绩,"{
    ""forecasts"": [
        {
            ""year"": 2021,
            ""net_profit"": null,
            ""eps"": 1.66,
            ""pe"": 123
        },
        {
            ""year"": 2022,
            ""net_profit"": null,
            ""eps"": 2.97,
            ""pe"": 69
        },
        {
            ""year"": 2023,
            ""net_profit"": null,
            ""eps"": 4.36,
            ""pe"": 47
        }
    ]
}",,,123.0,69.0,47.0,,,,1.66,2.97,4.36,
魏红梅,事件：公司发布公告，公司研发的新型冠状病毒灭活疫苗经国家卫生健康委提出建议，国家药品监督管理局组织论证同意紧急使用。点评：公司新冠灭活疫苗后续若被国家相关部门规模化采购，有望为公司业绩贡献增长动力。公司自主研发的新型冠状病毒灭活疫苗于2021年2月完成Ⅰ、Ⅱ期临床试验。目前，公司已启动开展新型冠状病毒行灭活疫苗III期临床试验相关工作。近期经国家卫生健康委提出建议，国家药品监督管理局组织论证同业意紧急使用公司自主研发的新型冠状病毒灭活疫苗，若后续被国家相关部门规模化采购使用，公司有研望分享国内百亿新冠疫苗市场。若临床三期顺利推进，后续有望通过世卫组织紧急使用认证。目前全究 球共有6种疫苗获得世卫组织安全性、有效性和质量验证的新冠疫苗，其中我国国药北京所研发的新冠灭活疫苗已正式通过世卫组织紧急使用认证。目前国内新冠疫苗仍供不应求。目前国内市场共有6款新冠疫苗获批上市或紧急使用（分别来自科兴中维、国药北京所、国药武汉所、康希诺、智飞生物、康泰生物）。根据国家卫健委统计，截至5月14日，我国31个省（区、市）及新疆生产建设兵团累计接种新冠疫苗3.81亿剂。根据wind统计，截至5月12日，近七日我国新冠疫苗平均日接种量达到923.5万剂，每百人新冠疫苗接种量24.61剂次。虽然目前我国新冠疫苗接种总量全球第一，但每百人接种量略高于世界平均水平，远低于以色列、阿联酋、英美等国家。根据钟南山院士的报告，我国要达到群体免疫至少需要达到70%-80%的接种率，而目前我国接种率仅有20%+。目前全球疫情仍在反复，加快疫苗接种迫在眉睫。根据wind统计，截至5月13日，海外新冠确诊病例已达到1.62亿例，确诊率约为2.2%，累计死亡335.34万例，死亡率约为2.07%。新冠疫苗接种方面，根证据wind统计，截至5月12日，全球完全接种新冠疫苗人数约为3.33亿人，占比仅为4.3%；全球新冠疫苗券 接种总量约为13.7亿剂次，若均采取两针法（假设所有接种者已接种两针疫苗），则全球接种率约为8.9%。研 要想达到群体免疫的目标，接种任重道远。,,东莞证券,谨慎推荐,[None],2021-05-16,,增持,4513125,pdf_downloads/2021/2021-05-16/300601-康泰生物（300601）：新冠疫苗被纳入紧急使用，研发项目逐步迎来收获期.pdf,300601,康泰生物,康泰生物（300601）：新冠疫苗被纳入紧急使用，研发项目逐步迎来收获期,"{
  ""forecasts"": [
    {
      ""year"": null,
      ""net_profit"": null,
      ""eps"": null,
      ""pe"": null
    }
  ]
}",,,,,,,,,,,,
"杜向阳,陈进",投资要点推荐逻辑：（1）公司是国内疫苗研发、生产与销售实力兼备的龙头之一，将持续受益于行业由低附加值1类疫苗向高附加值2类自费苗时代更迭的红利，参考沙利文数据我国2020~2023年二类苗市场复合增速约为20%，增量达344亿元。（2）公司现有独家四联苗、乙肝产品，“量价齐升”趋势明确。（3）公司在研梯队丰富，13价肺炎、人二倍体狂犬疫苗陆续上市，预计2022年贡献约80%的收入增量，其他重磅产品如五联苗等处于研发各阶段，将驱动公司进入持续快速成长阶段。医保控费免疫，现有核心产品有望量价齐升。公司现有四联苗、乙肝疫苗、23价肺炎疫苗等多个在售产品。四联苗为国内独家，乙肝疫苗经历产能搬迁后重新上市销售，2020年产品中标价分别提升约30%、50%。1）国内破伤风与Hib单独接种率分别约为99%、20%，我们预计公司四联苗未来能取代50%的百白破、90%的Hib单独接种，若按照1500万人/年为基数，约对应750万人，峰值销售约80亿。2）公司是国内产能最大的乙肝疫苗企业之一，规格涵盖10/20/60ug，受2018年产能搬迁影响，2020年6月份新产能重新获得批准，并于10月份再次获得批签发；未来在充分供应一类苗市场情况下，公司将主攻二类成人苗市场。公司20/60ug二类成人乙肝苗中标价分别提价60%、50%，国内现有二类乙肝疫苗接种潜在人群高达10亿人，若1%比例接种，按50%市占率计算，公司乙肝疫苗未来销售有望达到18亿元。3）公司23价肺炎疫苗受新冠疫情影响，未来有望稳定销量400~500万支，平均价约200元，贡献约8-10亿元收入。研发管线丰富，重磅产品陆续进入兑现期。公司是国内疫苗研发管线最丰富的企业之一，目前有22个在研产品，其中13价肺炎、人二倍体狂犬、五联苗等10多个处于不同临床阶段，未来将陆续进入兑现期。1）公司13价肺炎即将进入生产现场核查阶段，预计2021Q2获批，成为第二款国产13价肺炎产品，设计产能约2500万支，按照现有国产13价产品价格计算，满产约贡献150亿元收入；2）人二倍体狂犬疫苗已完成所有临床工作，预计2021Q2申报上市，最快2021年底获批上市，将成为国内第二款人二倍体狂苗产品，I期产能1000万支，按照现有产品价格计算，约对应18亿元收入。3）公司重磅五联苗已获得临床批件，预计3年（2024年）完成临床研究，届时将有望成为独家国产五联苗产品。多路线新冠疫苗研发积极推进中。公司与阿斯利康全面战略合作将获得AZD1222在国内（不包括港澳台地区）进行独家开发的权利，负责中国内地市场的研发、生产、供应和商业化。根据研发进展，若顺利，预计AZD1222将于2021Q3获批，并在2021年底前拥有2亿剂产能，以满足中国市场的需求。公司自研新冠灭活疫苗也已进入临床研究阶段，预计2021H2完成临床研究并申报上市。两款产品未来在供应中国市场需求的同时，有望供应全球需求。盈利预测与投资建议。预计公司2021-2023年归母净利润分别为11.6、23.2、31.5亿元。我们选取了3家疫苗行业可比公司，2022年平均估值分别为64倍，给予公司相同市盈率，对应目标价216.32元，维持“买入”评级。,,西南证券,买入,[None],2021-05-09,,买入,4508165,pdf_downloads/2021/2021-05-09/300601-康泰生物（300601）：多联多价疫苗优势显著，不改长期发展趋势.pdf,300601,康泰生物,康泰生物（300601）：多联多价疫苗优势显著，不改长期发展趋势,"{
    ""forecasts"": [
        {
            ""year"": 2021,
            ""net_profit"": 11.6,
            ""eps"": null,
            ""pe"": null
        },
        {
            ""year"": 2022,
            ""net_profit"": 23.2,
            ""eps"": null,
            ""pe"": null
        },
        {
            ""year"": 2023,
            ""net_profit"": 31.5,
            ""eps"": null,
            ""pe"": null
        }
    ]
}",,,,,,,,,,,,
"刘晖,孟令伟",核心观点：事件公司发布2020年报和2021年一季报。2020年实现营收22.61亿元（+16.4%），归母净利润6.79亿元（+18.2%），扣非归母净利润6.20亿元（+17.4%），EPS为1.03元/股；经营性现金流净额4.40亿元（-13.0%）。2021年一季度实现营收2.77亿元（+56.3%），归母净利润2515.26万元（+937.58%），扣非归母净利润867.24万元（+238.23%）。四联苗平稳增长，23价肺炎疫苗快速放量分产品看，（1）四联苗，20年实现收入13.6亿元（+16%），实现平稳增长，批签发556.3万支（+17%），我们预计20全年销售越430万支。21Q1批签发135万支（-13%），预计销量接近30万支，收入端与20Q1基本持平。考虑到21年疫情影响消散，以及预充式四联苗全国招标准入已经基本完成，我们预计21年有望实现快速增长。（2）23价肺炎疫苗在新冠肺炎疫情带动下实现快速放量，20年收入5.4亿元，同比大幅增长4670%，实现销量约270万支，我们预计21年有望实现平稳增长。（3）乙肝疫苗，受转产影响，20年底开始恢复正常供应，实现收入1.65亿元，预计21年将实现快速增长。研发投入持续加大，在研管线丰富，重磅品种获批在即20年公司研发费用2.67亿元（+34.7%），占收比提升至11.8%，21年研发费用6628万元（+90.6%），占收比进一步提升至23.9%，研发投入持续加大。通过自研+对外合作，公司已构建国内最丰富的疫苗在研管线之一。（1）13价肺炎疫苗，已完成生产现场检查和检验工作，预计21年中获批；（2）冻干Hib疫苗，已完成现场检查和GMP检查，预计21年上半年获批；（3）人二倍体狂犬疫苗，处于报产阶段，预计22年上半年获批；（4）灭活新冠疫苗，Ⅲ期临床已经开启，预计21年内有望获批。投资建议暂不考虑未来新冠疫苗带来的业绩增量，我们预计公司2021-2023年归母净利润分别为12.06/19.79/26.97亿元，对应EPS分别为1.76/2.88/3.93元，当前股价对应PE为106/65/48X，维持“推荐”评级。风险提示产品放量不及预期的风险，新品研发进度不及预期的风险。,,银河证券,推荐,[None],2021-05-06,,买入,4506920,pdf_downloads/2021/2021-05-06/300601-康泰生物（300601）：四联苗平稳增长，重磅品种获批在即.pdf,300601,康泰生物,康泰生物（300601）：四联苗平稳增长，重磅品种获批在即,"{
    ""forecasts"": [
        {
            ""year"": 2021,
            ""net_profit"": 12.06,
            ""eps"": 1.76,
            ""pe"": 106
        },
        {
            ""year"": 2022,
            ""net_profit"": 19.79,
            ""eps"": 2.88,
            ""pe"": 65
        },
        {
            ""year"": 2023,
            ""net_profit"": 26.97,
            ""eps"": 3.93,
            ""pe"": 48
        }
    ]
}",,,106.0,65.0,48.0,,,,1.76,2.88,3.93,
朱国广,事件：公司发布2020年年报及2021年一季报，2020年实现营业收入22.6亿元，同比增长16.4%；实现归属于母公司净利润6.8亿元，同比增长18.2%；实现扣非后归母净利润6.2亿元，同比增长17.3%；2021年一季度实现营业收入2.8亿元，同比增长56.3%；实现归属于母公司净利润2515万元，同比增长937.6%；实现扣非后归母净利润876万元，同比增长238.2%。收入端符合预期，2021年四联苗销售有望显著恢复：核心产品方面：1）四联苗，2020年实现销售收入13.6亿元，同比增长15.5%，我们预计全年销量约430万支；2021年一季度，我们预计销量接近30万支，收入端与2020年一季度基本持平。批签发方面，2020年四联苗批签发556.3万支，同比增长16.6%；2021年一季度批签发135.0万支，同比下滑12.9%，考虑到2021年疫情的影响将大幅减少，以及预充式的四联苗全国招标准入已经基本完成，四联苗需求端将得到显著恢复，我们预计2021年四联苗有望实现快速放量态势；2）23价肺炎疫苗：2020年实现销售收入5.4亿元，同比增长4669.71%，我们预计2021年有望实现稳步增长；3）乙肝疫苗：受转产影响，2020年底开始恢复供应，我们预计2021年将有望实现快速增长。研发管线即将进入兑现期：通过自研+对外合作，公司目前已构建国内最丰富的疫苗产品梯队。1）13价肺炎疫苗：已完成生产现场检查和检验工作，我们预计2021年中获批；2）人二倍体狂犬疫苗：已进入报产程序，我们预计年中拿到正式受理号，预计2022年上半年获批；3）冻干Hib疫苗:已完成现场检查和GMP符合性检查，我们预计2021年上半年获批；4）冻干水痘疫苗：目前等待临床总结报告，我们预计2022年中有望获批；5）新冠疫苗：灭活新冠疫苗三期临床已经开启，我们预计2021年内有望获批。盈利预测与投资评级：考虑到疫情的影响，同时暂不考虑新冠疫苗未来的业绩增量，我们将2021-2022年EPS从1.99元和3.03元下调至1.66元和2.97元，对应PE分别为109倍和61倍，我们预测2023年EPS为4.36元，对应PE为41倍，维持“买入”评级。风险提示：研发进度低于预期的风险；四联苗销售不及预期的风险。,,东吴证券,买入,[None],2021-05-05,,买入,4504369,pdf_downloads/2021/2021-05-05/300601-康泰生物（300601）2020年报及2021年一季报点评：业绩基本符合预期，近期有望迎来多个催化剂.pdf,300601,康泰生物,康泰生物（300601）2020年报及2021年一季报点评：业绩基本符合预期，近期有望迎来多个催化剂,"{
    ""forecasts"": [
        {
            ""year"": 2021,
            ""net_profit"": null,
            ""eps"": 1.66,
            ""pe"": 109
        },
        {
            ""year"": 2022,
            ""net_profit"": null,
            ""eps"": 2.97,
            ""pe"": 61
        },
        {
            ""year"": 2023,
            ""net_profit"": null,
            ""eps"": 4.36,
            ""pe"": 41
        }
    ]
}",,,109.0,61.0,41.0,,,,1.66,2.97,4.36,
刘建宏,康泰生物(300601)事件描述公司发布2020年度及2021年一季度报告，2020年实现营业收入22.61亿元，同比增长16.36%；实现归母净利润6.79亿元，同比增长18.22%，实现扣非后归母净利润6.20亿元，同比增长17.35%。2021Q1实现营业收入2.77亿元，同比增长56.31%；实现归母净利润2515.26万元，同比增长937.58%；实现扣非后归母净利润867.24万元，同比增长238.23%。事件点评四联苗销售稳步增长，23价肺炎疫苗加速放量。2020年公司实现营业收入22.61亿元，同比增长16.36%；实现归母净利润6.79亿元，同比增长18.22%。分产品来看：（1）一类疫苗（乙肝、麻风）实现收入2883.14万元，同比下降69.84%，主要是乙肝疫苗厂区搬迁停产断供所致。2020年6月乙肝疫苗生产产地变更已获批，四季度重新实现批签发，全年合计批签发201.03万支；（2）二类疫苗实现收入22.30亿元，同比增长20.75%。其中独家核心产品四联苗持续放量，实现收入13.62亿元，同比增长15.47%，实现批签发556.33万支，同比增长16.54%；主要产品23价肺炎疫苗加速放量，实现收入5.37亿元，同比增长4.67倍，实现批签发408.46万支，同比增长357.61%。2021Q1公司实现营业收入2.77亿元，同比增长56.31%；实现归母净利润2515.26万元，同比增长937.58%。分产品来看，乙肝疫苗批签发662.52万支，市场占比40.46%，排名第一；百白破-Hib疫苗批签发135.03万支（-12.88%），同比出现下滑；23价肺炎、Hib疫苗分别批签发63.22万支、143.46万支（+379.07%）。积极推进产品研发，13价肺炎疫苗上市在望。公司不断加强技术创新和新产品研制，积极推进产品研发。2020年公司自主研发的吸附无细胞百白破联合疫苗获得药品注册批件；13价肺炎球菌结合疫苗申请药品注册批件已进入注册现场检查阶段，即将上市；狂犬病疫苗（人二倍体细胞）已提交药品注册批件；水痘疫苗已完成III期临床试验；Sabin株脊髓灰质炎灭活疫苗（Vero细胞）已进入Ⅲ期临床试验；EV71疫苗、新型肺炎灭活疫苗（Vero细胞）已完成I期、II期临床试验；吸附无细胞百白破灭活脊髓灰质炎和b型流感嗜血杆菌联合疫苗、吸附无细胞百白破灭活脊髓灰质炎联合疫苗已获得临床试验批件，重点研发产品均进展顺利。另公司积极引进国际先进研发技术，与英国阿斯利康签署《许可协议》，引进其与牛津大学在全球开发、生产和供应的腺病毒载体新型疫苗的研发技术，并对该产品进行研发、生产及商业化，进一步丰富了公司的疫苗研发技术、增强公司的研发实力。投资建议预计公司2021-2023年EPS分别为1.63\2.62\3.58，对应公司4月30日收盘价180.70元，2021-2023年PE分别为110.6\68.9\50.4倍，维持“增持”评级。存在风险药品安全风险；行业政策风险；研发与销售不达预期的风险。,,山西证券,增持,[None],2021-05-03,,增持,4505410,pdf_downloads/2021/2021-05-03/300601-康泰生物（300601）：四联苗销售稳步增长，13价肺炎疫苗上市在望.pdf,300601,康泰生物,康泰生物（300601）：四联苗销售稳步增长，13价肺炎疫苗上市在望,"{
    ""forecasts"": [
        {
            ""year"": 2021,
            ""net_profit"": null,
            ""eps"": 1.63,
            ""pe"": 110.6
        },
        {
            ""year"": 2022,
            ""net_profit"": null,
            ""eps"": 2.62,
            ""pe"": 68.9
        },
        {
            ""year"": 2023,
            ""net_profit"": null,
            ""eps"": 3.58,
            ""pe"": 50.4
        }
    ]
}",,,110.6,68.9,50.4,,,,1.63,2.62,3.58,
"孙宇瑶,祝嘉琦",投资要点事件：公司发布2020年年报及2021年一季报。2020年公司实现营业收入22.61亿元，同比增长16.36%；实现归母净利润6.79亿元，同比增长18.22%；扣非归母净利润6.20亿元，同比增长17.35%。2021年一季度实现营业收入2.77亿元，同比增长56.31%；实现归母净利润为2515.26万元，同比增长937.58%；实现扣非归母净利润867.24万元，同比增长238.23%。四联苗平稳放量，23价肺炎疫苗爆发式增长。2020年以四联苗为主的二类苗合计收入22.3亿元（+20.75%），占收入比重达到98.62%，毛利率90.41%、保持稳定。以乙肝疫苗、麻风疫苗为主的一类苗实现收入2883.14万元（-69.83%），占收入比重下降至1.28%，主要是由于乙肝疫苗变更场地导致断供，产品于去年10月获得批签发，11月开始上市销售。乙肝疫苗2020年批签发201万支，2021年Q1批签发663万支（占2019年全年的31%），考虑恢复供应和价格因素，我们预计2021年乙肝疫苗有望实现爆发式增长。核心产品四联苗2020年实现收入13.62亿元、同比增长15.47%，占收入比重60%，我们预计贡献净利润水平超过70%。23价肺炎疫苗受疫情教育接种度提升，2020年全年实现收入5.37亿元，同比大增4669.71%。收入规模扩大及优化销售模式后控费提效显著，研发支出加大投入。2020年公司销售费用8.78亿元，同比增长11.96%，销售费用率38.85%，同比下降1.52pp。2020年研发费用支出2.67亿元，同比增长34.7%，主要是由于新冠疫苗研发支出增加，2021Q1延续了研发的高投入，研发费用6628万，费用率24.01%。一季度公司销售费用率43.77%、管理费用率32.07%，我们预计主要是由于收入较少、费用率提升。2020年公司期末存货余额4.37亿元、占资产比重为4.55%，和2019年末相比基本保持稳定。应收账款及票据占收入比重和2019年末相比上升17.3pp至71.3%，期末余额16.13亿元、随收入保持增长。产品管线进入收获期，13价肺炎结合疫苗、人狂犬病疫苗（人二倍体细胞）即将逐步兑现。（1）13价肺炎球菌疫苗：我们预计13价肺炎球菌疫苗市场空间有望达到71亿元（15%渗透率）。康泰生物13价肺炎球菌疫苗已完成注册现场检查工作，有望在2021年中获批。（2）人二倍体狂犬疫苗：已进入报产程序，有望在2022年获批，市场空间在18亿元左右。盈利预测与投资建议：我们预计2021-2023年公司营业收入为33.32、54.08和73.48亿元，同比增长47.37%、62.29%、35.87%，归母净利润为10.98、18.26和26.15亿元，同比增长61.63%、66.32%、43.25%，对应EPS为1.59、2.58、3.61元。公司作为在研产品管线最为丰富的疫苗公司之一，未来三年13价肺炎结合疫苗、人狂犬病疫苗（人二倍体细胞）等重磅产品有望陆续上市，维持“买入”评级。风险提示：核心产品四联苗销售不及预期、竞争加剧的风险，研发进展不及预期的风险，预测前提不及预期导致市场容量测算出现偏差的风险，监管政策趋严的风险。,,中泰证券,买入,[None],2021-04-30,,买入,4502701,pdf_downloads/2021/2021-04-30/300601-康泰生物（300601）：四联苗平稳放量，13价肺炎疫苗等大品种进入上市倒计时.pdf,300601,康泰生物,康泰生物（300601）：四联苗平稳放量，13价肺炎疫苗等大品种进入上市倒计时,"{
    ""forecasts"": [
        {
            ""year"": 2021,
            ""net_profit"": 10.98,
            ""eps"": 1.59,
            ""pe"": null
        },
        {
            ""year"": 2022,
            ""net_profit"": 18.26,
            ""eps"": 2.58,
            ""pe"": null
        },
        {
            ""year"": 2023,
            ""net_profit"": 26.15,
            ""eps"": 3.61,
            ""pe"": null
        }
    ]
}",,,,,,,,,1.59,2.58,3.61,
"代雯,张云逸",收入2020年同比增长16%、1Q21同比增长56%4月29日公司公告2020年营收、归母净利、扣非净利22.6、6.8、6.2亿元，同比增长16%、18%、17%，如补回新冠疫苗研发与股权激励费用、归母净利约8.3亿元，基本符合我们预期（7.1亿元），1Q21分别2.8亿元、2515万元、867万元、同比增长56%、938%、238%，如补回新冠疫苗研发与股权激励费用、归母净利约0.7亿元。暂不考虑新冠疫苗，我们预计2021-23年归母净利12.0/20.1/30.2亿元，基于主业与新冠疫苗的SOTP，目标市值1552亿元，目标价226.11元，维持“买入”评级。DTaP-Hib增势延续，PPSV23大增后预计平稳，HepB转产后料将恢复1）我们估算2020年DTaP-Hib收入13.6亿元（+16% yoy）、销量同比基本持平，1Q21收入端基本持平（受新冠疫苗发货影响），预计2021-22年收入17/19亿元，基于预充规格带动2021年均价继续提升、含Hib疫苗与DTP联苗渗透率仍有增长空间，长期看DTaP-IPV-Hib有望2025年上市接力增长；2）我们估算2020年PPSV23收入5.4亿元、1Q21收入3000万元，主要受益于肺流联合接种，预计2021年在高基数下增长平稳；3）我们估算2020年HepB受转产影响收入同比大幅下滑至1.7亿元、2020年底复产后1Q21收入约1.1亿元，预计全年有望迅速恢复、长期增长平稳。PCV13与新冠疫苗有望于2021年获批，在研项目推进顺利1）PCV13已完成现场检查，我们预计2021年获批并上市，2021-22年收入5/21亿元，我们预计中国PCV13销量将从2020年800万支攀升至2024年3000万支，公司中国长期市占率有望在25%，销售峰值有望超60亿元；2）我们预计新冠疫苗（ChAdOx1载体与灭活）2021年获批、2021年产能在4~5亿剂，假设单剂利润10元、利润贡献40~50亿元；3）人二倍体狂苗已进入报产程序，有望1H22获批；4）冻干Hib与冻干痘苗有望于1H21、2H22获批；5）MenACYW、IPV、rEV71处于临床二至三期，进展顺利。维持“买入”评级暂不考虑新冠疫苗，受益于PCV上市、HepB复产、四联苗放量，我们预计收入2021-23年37.0/59.8/91.3亿元，归母净利2021-23年12.0/20.1/30.2亿元（前值12.1/20.5/na亿元），EPS 1.75/2.92/4.40元（+77%/67%/51%yoy）。基于SOTP我们给予主业市值1152亿元（2021年12.0亿元利润，可比公司PEG 1.7x，考虑研发不确定给予公司PEG 1.5x、复合增速64%、对应PE 96x）、新冠疫苗400亿元（2021年40亿元利润，PE 10x），目标市值1552亿元，目标价226.11元（前值227.10元），维持“买入”评级。风险提示：新冠疫苗、PCV13研发不达预期，产品推广不达预期。,,华泰证券,买入,[None],2021-04-30,,买入,4502503,pdf_downloads/2021/2021-04-30/300601-康泰生物（300601）：固本培元，迎接新品上市浪潮.pdf,300601,康泰生物,康泰生物（300601）：固本培元，迎接新品上市浪潮,"{
    ""forecasts"": [
        {
            ""year"": 2021,
            ""net_profit"": 12.0,
            ""eps"": 1.75,
            ""pe"": 96
        },
        {
            ""year"": 2022,
            ""net_profit"": 20.1,
            ""eps"": 2.92,
            ""pe"": null
        },
        {
            ""year"": 2023,
            ""net_profit"": 30.2,
            ""eps"": 4.40,
            ""pe"": null
        }
    ]
}",,,96.0,,,,,,1.75,2.92,4.4,
魏红梅,投资要点：事件：公司发布了2020年年报及2021年一季报。公司2020年实现营业总收入和归属于母公司股东的净利润分别为22.61亿元和6.79亿元，分别同比增长16.36%和18.22%，业绩符合预期。2021年一季度实现营业总收入和归属于母公司股东净利润分别为2.77亿元和0.25亿元，分别同比增长56.31%和937.6%，业绩符合预期。点评：乙肝疫苗恢复批签发。2020年，公司四联苗、23价肺炎疫苗、乙肝疫苗、Hib疫苗分别获批签发556.33万剂、408.46万剂、201.03万剂、242.84万剂，分别同比增长16.6%、357.6%、-90.6%、12%。2021Q1，公司四联苗批签发135万剂，同比下降13%；23价肺炎疫苗批签发63.2万剂，上年同期无批签发；乙肝疫苗批签发662.52万剂，上年同期无签发；Hib疫苗批签发143.5万剂，同比增长379%。核心区域销售保持快增。2020年，公司一类苗实现收入0.29亿元，同比下滑70%；二类苗实现收入22.3亿元，同比增长20.75%。核心销售区域华中、华东和西南2020年分别实现营收7.44亿元、5.55亿元和4.15亿元，分别同比增长69.14%、15.17%和7.08%；华南、华北、西北和东北2020年分别实现销售1.93亿元、1.91亿元、0.86亿元和0.73亿元，分别同比增长-28.23%、5.04%、-12.6%和-11.3%。研发项目进展顺利，有望逐步迎来收获期。除已上市的5种疫苗产品外，吸附无细胞百白破联合疫苗已获得药品注册批件。公司目前在研项目30余项，其中13价肺炎球菌结合疫苗、冻干b型流感嗜血杆菌结合疫苗和冻干人用狂犬病疫苗（人二倍体细胞）已申请药品注册批件，ACYW135群脑膜炎球菌结合疫苗、甲肝灭活疫苗、冻干水痘减毒活疫苗已完成III期临床研究现场工作，同时研发五联疫苗、口服五价重配轮状病毒减毒活疫苗、麻腮风水痘四联苗等新型疫苗。维持谨慎推荐评级。预计公司2021-2022年EPS分别为1.76元、2.61元，对应PE分别为95倍和64倍。公司研发实力强，研发管线丰富，在研产品有望逐步迎来收获期。维持对公司的“谨慎推荐”评级。风险提示。研发进度低于预期，产品安全风险竞争加剧等。,,东莞证券,谨慎推荐,[None],2021-04-30,,增持,4502474,pdf_downloads/2021/2021-04-30/300601-康泰生物（300601）2020年报及2021年一季报点评：在研项目有望逐步迎来收获期.pdf,300601,康泰生物,康泰生物（300601）2020年报及2021年一季报点评：在研项目有望逐步迎来收获期,"{
  ""forecasts"": [
    {
      ""year"": 2021,
      ""net_profit"": null,
      ""eps"": 1.76,
      ""pe"": 95
    },
    {
      ""year"": 2022,
      ""net_profit"": null,
      ""eps"": 2.61,
      ""pe"": 64
    }
  ]
}",,,95.0,64.0,,,,,1.76,2.61,,
刘慧敏,事件：2021年4月29日，公司公告2020年年报及2021年一季报：2020：公司实现营业收入22.61亿元（+16.36%），实现归母净利润6.79亿元（+18.22%），扣非归母净利润为6.20亿元（+17.35%）。2021Q1：公司实现营收2.77亿元（+56.31%），归母净利润2515.26万元（+937.58%），扣非后归母净利润867.24万元（+ 238.23%）。国元观点：20年业绩符合预期，21Q1恢复显著公司2020年分别实现营收与归母净利润增速16.36%与18.22%，业绩符合预期。分季度看，公司2020Q1-4分别实现营收1.77亿元（-48.12%）、6.93亿元（+48.63%）、5.50亿元（-6.17%）、8.41亿元（+53.13%）。公司2020年实现销售毛利率89.99%（-1.59 pct），净利率30.04%（+0.48 pct），销售费用率38.85%（-1.52 pct），管理费用率19.26%（+0.27 pct），费用率控制较好。2021Q1公司实现营收与归母净利润增速56.31%与937.58%，疫情的影响基本消退，业绩恢复显著。乙肝疫苗恢复批签发，核心品种放量显著公司2020年累计实现疫苗批签发1408.66万（-55.06%），其中乙肝疫苗201.03万（-90.61%），四联苗556.33万（+16.56%），23价肺炎球菌多糖苗408.46万（+357.61%），Hib疫苗242.84万支（+12.10%）。公司乙肝疫苗已重新获得《药品补充申请批件》，并于2020Q4恢复供应。2021Q1实现乙肝疫苗批签发662.52万支，四联苗135.03万支（-12.88%），23价肺炎球菌多糖苗63.22万支，Hib疫苗143.46万支（+379.00%），核心疫苗产品放量显著。研发管线有序推进，有望为公司提供增量收入。公司研发管线丰富，有超过30个产品在研中，有望为公司提供增量收入。其中13价肺炎疫苗已经进入注册现场检查阶段，有望于近期获批，成为我国第二款国产13价肺炎疫苗；人二倍体狂犬疫苗已经提交上市申请；四价流脑结合疫苗、甲肝灭活疫苗、水痘减毒疫苗等在研品种已经完成III期临床；新型肺炎灭活疫苗已经完成I/II期临床试验。投资建议与盈利预测康泰生物是国产疫苗龙头企业，受益于疫情刺激下居民自费疫苗接种意识提升，公司核心品种放量显著，不断推进研发管线，预计公司21-23年营业收入分别为39.14/59.45/76.28亿元，归母净利润11.22/17.75/22.14亿元，EPS分别为1.65/2.61/3.26元/股，对应PE为101/64/51倍。考虑公司在研管线丰富，未来潜力较大，维持“增持”评级。风险提示疫苗研发失败风险、新建工程进程存在不确定性、疫苗上市进程存在不确定 性、疫苗行业政策风险。,,国元证券,增持,[None],2021-04-30,,增持,4506225,pdf_downloads/2021/2021-04-30/300601-康泰生物（300601）：业绩符合预期，核心品种放量.pdf,300601,康泰生物,康泰生物（300601）：业绩符合预期，核心品种放量,"{
    ""forecasts"": [
        {
            ""year"": 2021,
            ""net_profit"": 11.22,
            ""eps"": 1.65,
            ""pe"": 101
        },
        {
            ""year"": 2022,
            ""net_profit"": 17.75,
            ""eps"": 2.61,
            ""pe"": 64
        },
        {
            ""year"": 2023,
            ""net_profit"": 22.14,
            ""eps"": 3.26,
            ""pe"": 51
        }
    ]
}",,,101.0,64.0,51.0,,,,1.65,2.61,3.26,
"代雯,张云逸","中国疫苗国产化浪潮的受益者我们认为中国疫苗产业的核心矛盾在于供给侧而非需求侧，中国拥有全球
第二多的新生儿人群与庞大的中产阶级人群，足以支撑疫苗的广阔需求，
但优质疫苗供给仍不充分，未来数年市场驱动力来自于全球重磅疫苗的国
产化。康泰生物是中国最大的疫苗制造商之一，在全球前十大疫苗上广泛
布局，有望成为全球重磅疫苗国产化浪潮中的主要受益者。我们预计归母
净利润 2020-22 年 7.1/12.1/20.5 亿元（暂不考虑新冠疫苗），目标市值 1551
亿元，目标价 227.10 元，首次覆盖给予“买入”评级。PCV13：世纪重磅疫苗的国产化进程公司 PCV13 已报产，我们预计 2021 年获批并产生销售收入，2021-22 年
收入为 5/21 亿元，峰值超 60 亿元：1）肺炎链球菌是肺炎的主要诱因之一，
新生儿与老年人负担较重，且在新冠疫情期间出现大量合并感染；2）接种
肺炎链球菌多糖结合疫苗是有效的预防方式，沛儿 13 在 2019 年全球销售
额约 60 亿美金，中国 PCV 需求广阔；3）随着新生儿接种与 1~5 岁儿童
补种，我们预计中国 PCV13 销量将从 2020 年的 800 万支攀升至 2024 年
的 3000 万支，鉴于竞争格局相对温和，公司长期市占率有望在 25%。DTP 联苗：短期看提价，中期看渗透，长期看五联苗我们预计 DTaP-Hib 2020-22 年收入 14/19/22 亿元，DTaP-IPV-Hib 上市后
有望接棒增长：1）DTaP-Hib 已升级规格，我们预计 2020-21 年均价逐步
提升，带动短期增长；2）DTP 联苗在中国的现实意义在于以更少的针次
为更多 PCV/RV 疫苗结余接种窗口，我们估算 2019 年 Hib 接种率约 38%、
DTP 联苗约占其中 70%，中期渗透率均有增长空间；3）我们预计 DTaP-Hib
独家状态可能在 2025 年被打破，但公司 DTaP-IPV-Hib（已批准临床）有
望在 2025 年左右上市，成为长期增长单元。新冠疫苗：三线共进，曙光渐近公司在新冠疫苗研发上布局三条路径，分别为 ChAdOx1 载体（海外三期
中期结果已经出炉、中国尚未开展桥接试验，我们预计 2~3Q21 上市，2021
年产能 2 亿剂）、灭活（正在进行一期、二期临床，我们预计 2~3Q21 上市，
扩建后产能 2~3 亿剂）、VSV 载体，我们预计 2021 年产能在 4~5 亿剂，
假设单剂利润 10 元、满产满销则贡献 40~50 亿元利润。首次覆盖给予“买入”评级暂不考虑新冠疫苗，受益于 PCV13 上市、HepB 复产、DTP 四联苗提价放
量，我们预计公司营业收入 2020-22 年 25.0/39.6/62.6 亿元，归母净利润
2020-22 年 7.1/12.1/20.5 亿元（+24%/69%/70%yoy），EPS 1.05/1.77/3.01
元。基于 SOTP，我们给予主业市值 1151 亿元（2021 年 12.1 亿元利润，
PEG 1.8x，PE 95x）、新冠疫苗 400 亿元（2021 年 40 亿元利润，PE 10x），
目标市值 1551 亿元，目标价 227.10 元，首次覆盖给予“买入”评级。风险提示：商业化不达预期，研发不达预期，新冠疫苗价格不达预期。",,华泰证券,买入,[None],2020-12-27,,买入,4406958,pdf_downloads/2020/2020-12-27/300601-康泰生物（300601）：踏潮而立，把旗而行.pdf,300601,康泰生物,康泰生物（300601）：踏潮而立，把旗而行,"{
    ""forecasts"": [
        {
            ""year"": 2022,
            ""net_profit"": 20.5,
            ""eps"": 3.01,
            ""pe"": 95
        },
        {
            ""year"": 2025,
            ""net_profit"": null,
            ""eps"": null,
            ""pe"": null
        }
    ]
}",,,,,95.0,,,,,,3.01,
邓周宇,公司公布2020年三季报：前三季度公司实现营业收入14.2亿元（+1.87%），归母净利润4.33亿元（+0.58%）；Q3单季实现营业收入5.5亿元（-6.17%），归母净利润1.74亿元（+0.49%）。四联苗换标影响短期业绩，核心品种进入快速放量阶段，研发工作顺利推进，后续业绩增长可期。支撑评级的要点四联苗换标工作影响Q3短期业绩。公司前三季度实现营业收入14.2亿元（+1.87%），Q1/Q2/Q3单季分别实现营业收入1.77/6.93/5.5亿元（-48.1%/+48.6%/-6.2%），Q3单季业绩下滑估计和四联苗封剂型重新招标和费用增加有关。目前四联苗各省市招标工作基本完成，预计Q4销售工作恢复正常，有望实现量价齐升。23价肺炎疫苗等核心品种进入快速放量阶段。2020Q1-Q3 23价肺炎疫苗批签发量达244万支，同比增长173%，新冠疫情下群众接种肺炎疫苗意识提升，疫情稳定后销售工作快速恢复，Q4有望延续放量趋势；四联苗2020Q1-Q3批签发量为466万支，同比增长86%，增速因为换标工作暂缓，预计Q4将恢复正常；乙肝疫苗新产能在今年6月恢复生产，预计在年前能恢复销售供应。研发管线丰富，研发工作持续推进。公司与阿斯利康合作研发的的腺病毒载体新冠疫苗目前处在临床Ⅲ期试验阶段，是全球进展较快的新冠疫苗项目，有望于年底在欧美紧急使用，后续有望引进国内，国内临床试验时间预计也会缩短；公司独立自研的新冠灭活疫苗即将进入临床Ⅱ期试验；此外，公司多个在研产品研发工作稳步推进：13价肺炎结合疫苗进入审评阶段，预计2021年年初可获批；人二倍体狂苗有望在2021年年底获批上市。公司有望迎来产品收获期，后续业绩成长可期。估值公司四联苗换标完成，23价肺炎疫苗进入快速放量阶段，在研产品即将迎来收获期，我们预测公司2020/2021/2022年EPS分别为1.14/2.36/3.40，对应市盈率为129倍，62.5倍，43.3倍。首次覆盖，给予买入评级。评级面临的主要风险产品放量不及预期风险、研发进展不及预期风险、行业安全事件风险。,,中银国际,买入,[None],2020-12-01,,买入,4389466,pdf_downloads/2020/2020-12-01/300601-康泰生物（300601）：核心品种快速放量，研发工作稳步推进.pdf,300601,康泰生物,康泰生物（300601）：核心品种快速放量，研发工作稳步推进,"{
    ""forecasts"": [
        {
            ""year"": 2020,
            ""net_profit"": null,
            ""eps"": 1.14,
            ""pe"": 129
        },
        {
            ""year"": 2021,
            ""net_profit"": null,
            ""eps"": 2.36,
            ""pe"": 62.5
        },
        {
            ""year"": 2022,
            ""net_profit"": null,
            ""eps"": 3.40,
            ""pe"": 43.3
        }
    ]
}",,,129.0,62.5,43.3,,,,1.14,2.36,3.4,
何玮,"【投资要点】盈利水平整体提升。2020 年前三季度实现营收 14.2 亿元，同比+1.9%；归母净利润为 4.3 亿元，同比+0.6%；扣非净利润为 4.2 亿元，同比+2.1%。公司 Q3 单季度实现营收 5.5 亿元，同比-6.2%，环比-20.6%；单季度归母净利润为 1.7 亿元，同比+0.5%，环比-32.6%。公司2018/2019/2020 前三季度归母净利润分别为 3.8 亿元、 4.3 亿元、 4.3亿元，盈利水平整体提升。随着国内疫情得到控制，疫苗接种逐步恢复，公司疫苗销售推广工作顺利推进，产品销量逐步增长。研发费用率稳步提升。报告期内，公司毛利率为 92.9%，同比+1.02pct；净利率为 30.5%，同比-0.39pct；费用方面， 2020Q3 单季度公司销售/管理 /财务 /研发费用率分别为 41.8%/7.5%/-1.1%/10.4%， YOY+0.09pct/+0.86pct/-1.43pct/+1.17pct ， 环 比 变 动 分 别 为+4.18pct/+1.12pct/+0.15pct/+3.19pct。 2020 年前三季度公司销售费 用 率 / 管 理 费 用 率 / 财 务 费 用 率 / 研 发 费 用 率 分 别 为40.5%/8.5%/-1%/10%， YOY +0.98pct/+0.64pct/-1.51pct/+1pct；综合来看，公司期间费用率为 58%（去年同期 56.9%），费用投放基本持平。管线丰富，在研产品即将进入收获期。 公司稳步推进 13 价肺炎球菌结合疫苗、冻干人用狂犬病疫苗（ 人二倍体细胞）、 Sabin 株脊髓灰质炎灭活疫苗（ Vero 细胞）等多个项目的研发工作。报告期内， 13 价肺炎球菌结合疫苗被纳入优先审评，吸附无细胞百白破联合疫苗获得药品注册批件，乙肝疫苗完成生产场地变更并获得补充申请批件， Hib疫苗Ⅳ期临床研究符合药品注册的要求并获得药品补充申请批件，冻干 b 型流感嗜血杆菌结合疫苗项目处于生产注册申请审评阶段。现金流增长强劲。 前三季度公司经营性现金流净额 5.1 亿元，同比+89.8%； 2020Q3 经营性现金流净额 4.8 亿元，同比+236.5%。销售商品、劳务收到的现金 10.6 亿元（ YOY-11.9%），收现率为 74.9%。报告期内，公司经营现金流大幅增长，现金流增速亮眼。货币资金方面，期末公司货币资金余额为 12.7 亿元，同比+735.5%；应收账款方面，期末公司应收账款余额为 14.1 亿元，同比+31.7%，应收账款占流动资产的比重为 26.1%；资本结构方面，报告期末公司资产负债率为18.4%，资本结构较为稳健。【投资建议】公司为国内最早从事重组乙型肝炎疫苗生产的企业之一，生产规模位居国内疫苗行业前列。 公司持续研发创新，具有丰富的疫苗产品梯队，其中目前处于临床前研究、临床研究或申请药品注册批件的在研项目 30 余项。 未来随着在研疫苗项目的产业化，将极大丰富公司产品种类，进一步增 强 公 司 竞 争 实 力 。 预 计 公 司 2020/2021/2022 年 营 业 收 入 为24.61/35.99/56.94 亿元，归母净利润为 7.12/11.18/16.93 亿元， EPS 分别为 1.05/1.64/2.49 元,对应 PE 分别为 164/105/69 倍，给予公司“增持”评级。【风险提示】研发进度低于预期；疫苗产品销售低于预期；疫苗安全事件。",,东方财富证券,增持,[None],2020-11-06,,增持,4371975,pdf_downloads/2020/2020-11-06/300601-康泰生物（300601）2020年三季报点评：在研产品即将进入收获期.pdf,300601,康泰生物,康泰生物（300601）2020年三季报点评：在研产品即将进入收获期,"{
    ""forecasts"": [
        {
            ""year"": 2020,
            ""net_profit"": 7.12,
            ""eps"": 1.05,
            ""pe"": 164
        },
        {
            ""year"": 2021,
            ""net_profit"": 11.18,
            ""eps"": 1.64,
            ""pe"": 105
        },
        {
            ""year"": 2022,
            ""net_profit"": 16.93,
            ""eps"": 2.49,
            ""pe"": 69
        }
    ]
}",,,164.0,105.0,69.0,,,,1.05,1.64,2.49,
常启辉,事件：2020年10月29日，公司公告2020年三季报：报告期内实现营业收入14.20亿元，同比增长1.83%，归母净利润4.33元，同比增长0.58%，扣非归母净利润为4.25亿元，同比增长2.06%。国元观点：Q3季度利润与去年同期持平，现金流显著改善公司2020Q3单季度实现收入5.50亿元（-6.17%），归母净利润1.74亿元（+0.49%），扣非归母净利润1.70亿元（-0.06%），毛利率92.96%（+0.25pct），Q3季度营收较去年同期稍降，利润基本持平。本报告期末，公司经营活动产生的现金流量净额达4.83亿（+236.49%），现金流较上半年显著改善。四联苗与23价肺炎疫苗放量迅速，研发管线有序推进截止2020年9月，公司四联苗累计批签发466.48万支（+84.85%），23价肺炎球菌结合疫苗243.67万（+172.98%），Hib疫苗168.89万（-5.09%），四联苗与23价肺炎疫苗两款重点创新苗放量迅速。此外，公司乙肝疫苗已获得《药品补充申请批件》，有望恢复供应。公司研发管线丰富，有超过30个产品在研中，有望为公司提供增量收入。其中13价肺炎疫苗已经进入优先评审，有望在2021年上市，成为我国第二款国产13价肺炎疫苗；四价流脑多糖疫苗亦处于上市审批中；五联苗于9月16日获批临床，有望打破赛诺菲的进口垄断；Sabin株脊髓灰质炎灭活疫苗(Vero细胞)于10月23日进入Ⅲ期临床试验。三条技术路线布局新冠疫苗，降低研发结果和进度的不确定性新冠肺炎疫情爆发后，公司布局了三条技术路线的新冠疫苗研发：1）新型冠状病毒灭活疫苗（Vero细胞），公司该疫苗由公司自主研发，已于9月29日获批I期临床，同时百旺信应急工程建设项目中的新冠灭活疫苗车间已完成建设；2）ChAdOx腺病毒载体疫苗，该疫苗是阿斯利康独家授权公司进行研发、生产及商业化的疫苗产品，目前处于技术转移和临床前研究阶段，阿斯利康该疫苗的临床试验曾因不明原因不良反应一度暂停，目前已在全球范围恢复临床，该疫苗的生产车间当前处于建设中，预计年底建设完成；3）重组VSV病毒载体疫苗，目前处于临床前研究阶段。投资建议与盈利预测康泰生物是国产疫苗龙头企业，不考虑新冠疫苗收入，受益于疫情刺激下居民自费疫苗接种意识提升，我们提高对公司盈利预期，预计公司20-22年营业收入分别为21.37/34.26/58.03亿元，归母净利润6.60/10.49/18.50亿元，EPS分别为0.97（-0.27）/1.54（-0.40）/2.72（-0.53）元/股，对应PE为185/116/66倍。考虑公司在研管线丰富，未来潜力较大，维持“增持”评级。风险提示疫苗研发失败风险、新建工程进程存在不确定性、疫苗上市进程存在不确定性、疫苗行业政策风险。,,国元证券,增持,[None],2020-10-31,,增持,4365043,pdf_downloads/2020/2020-10-31/300601-康泰生物（300601）2020年三季报点评：创新苗持续放量，研发梯队有序推进.pdf,300601,康泰生物,康泰生物（300601）2020年三季报点评：创新苗持续放量，研发梯队有序推进,"{
    ""forecasts"": [
        {
            ""year"": 2022,
            ""net_profit"": 18.50,
            ""eps"": 2.72,
            ""pe"": 66
        }
    ]
}",,,,,66.0,,,,,,2.72,
严明,康泰生物(300601)事件：公司发布2020年三季报：前三季度，公司实现收入14.2亿元， 同比+1.87%；归母净利润4.33亿元，同比+0.58%； 扣非归母净利润4.25亿元，同比+2.06%。 其中第三季度公司实现收入5.5亿元，同比-6.17%； 归母净利润1.74亿元，同比+0.49%； 扣非归母净利润1.7亿元，同比-0.06%。投资要点：四联苗换标影响公司业绩分季度看， Q1、 Q2、 Q3单季度收入分别为1.77亿元（-48.1%）、 6.93亿元（+48.6%） 、 5.5亿元（-6.2%） ，单季度归母净利润分别为0.02亿元（-97.6%）、 2.57亿元（+62.4%） 、 1.73亿元（+0. 5%）， 主要是由于3季度四联苗换标影响了公司业绩表现。前三季度毛利率92.9%，同比+1pp； 其中销售费用40.5%，同比+1pp； 研发费用率10%，同比+1pp，主要因新品疫苗项目的开发投入增加；期间费用率58%，同比+1.1pp； 归母净利率30.5%，同比-0.4pp，基本保持稳定。Q4业绩可期，多个在研产品即将进入兑现期核心产品： 1） 1~9月四联苗批签发量466万支（+86%）， 四联苗Q3已经完成升级换标， 目前该产品已经在27个省份中标， 预计Q4销售有望量价齐升。 2） 23价肺炎疫苗处于快速放量期，新冠疫情影响下，预计前三季度实现180万支左右销量， Q4有望持续放量，我们预计全年销售有望达300万支。 公司在研疫苗管线国内最强： 1） 13价肺炎疫苗： 2021年上半年有望获批； 2） 冻干人二倍体狂犬疫苗： 预计2021年获得生产批件；3） 冻干水痘减毒活疫苗：目前已完成Ⅲ期临床研究现场工作。盈利预测公司四联苗完成升级， 23 价肺炎快速放量，多个在研产品有望贡献新的利润增长点。 我们预计公司 2020/2021/2022 年 EPS 分别为 1.12 元、 1.91元、 2.97 元，对应当前股价市盈率分别为 162 倍、 95 倍、 61 倍，首次覆盖给予“推荐” 评级。风险提示四联苗放量不及预期；在研管线进度不及预期；行业政策；安全事件,,国联民生证券,推荐,[None],2020-10-31,,增持,4370964,pdf_downloads/2020/2020-10-31/300601-康泰生物（300601）：Q3完成换标升级，Q4业绩可期.pdf,300601,康泰生物,康泰生物（300601）：Q3完成换标升级，Q4业绩可期,"{
    ""forecasts"": [
        {
            ""year"": 2020,
            ""net_profit"": null,
            ""eps"": 1.12,
            ""pe"": 162
        },
        {
            ""year"": 2021,
            ""net_profit"": null,
            ""eps"": 1.91,
            ""pe"": 95
        },
        {
            ""year"": 2022,
            ""net_profit"": null,
            ""eps"": 2.97,
            ""pe"": 61
        }
    ]
}",,,162.0,95.0,61.0,,,,1.12,1.91,2.97,
"杜向阳,陈进",康泰生物(300601)投资要点事件：公司发布2020年三季报，前三季度收入14.2亿元（+1.9%），归母净利润4.3亿元（+0.6%），扣非归母净利润4.2亿元（+2.1%）。业绩符合预期。换标工作、费用短暂影响Q3业绩表现。分季度看，Q1/Q2/Q3单季度收入1.77/6.93/5.5亿元（-48.1%/+48.6%/-6.2%），单季度归母净利润分别为0.02/2.57/1.73亿元（-97.6%/+62.4%/+0.5%），四联苗换标工作以及费用增加影响了Q3单季度的业绩表现。从盈利能看，前三季度毛利率92.9%（+1pp），四费率58%（+1.1pp），其中销售费用40.5%（+1pp），管理费用率8.5%（+0.6pp），研发费用率10%（+1pp），主要因新品疫苗项目的开发投入增加，财务费用率-1%（-1.5pp），主要因偿还长期借款利息支出减少及现金管理增加利息收入所致；归母净利率30.5%（-0.4pp），基本保持稳定。核心产品有望量价齐升，Q4经营值得期待。1）1~9月四联苗批签发量466万支（+86%），预灌封装四联苗全国换标于Q3集中完成，受此影响预计前三季度四联苗销售280万支左右，目前升级产品已经27省份完成中标，因此Q4销售有望量价齐升；2）2020年全国乙肝疫苗供不应求，公司乙肝疫苗新产能6月份恢复生产，预计11月份恢复供应销售，未来公司乙肝疫苗也将呈量价齐升趋势；3）前三季度23价肺炎疫苗批签发244万支（+173%），受新冠疫情影响，该产品销售超预期，预计前三季度季销售180万支左右，Q4有望延续三季度的表现。预期上述核心产品有望在Q4表现强势，全年业绩高增长可期。新冠疫苗研发市场预期差大，多路线高效推进。1）公司与阿斯利康合作开发腺病毒疫苗AZD1222虽经历波折，但目前全球临床全部重启，总体进度仍然是全球第一梯队，有望年底获得欧美紧急使用，后续公司有望通过临床桥接完成国内的引进，为该品种国内上市节省整个III期临床研究的时间和成本，并有望供应全球市场。2）公司自研灭活疫苗临床高效推进，预计即将进入II期临床，有望年底前完成II期临床，2021年初有望进入III期临床。3）重组VSV病毒载体疫苗处于临床前研发。产品管线有望逐渐进入收获期。2021-2022年预计有4-5个新品种获批，奠定公司未来多年成长的基础。13价肺炎疫苗审评进展正常，预计2021H1获批；人二倍体狂苗有望年底前报产，预计2021年底获批；冻干水痘、冻干hib、IPV均已进入临床研究后期；5联苗已获批临床。随着上述产品有望逐渐上市并放量，我们预计公司未来几年业绩将进入加速成长期。盈利预测与投资建议。不考虑新冠疫苗的贡献，预计2020-2022年归母净利润分别为7.9、14.2、23.3亿元，对应EPS1.17、2.08、3.42元，维持“买入”评级。风险提示：疫苗安全事件、核心疫苗销售不及预期、研发进度不及预期、新冠疫苗不良反应风险。,,西南证券,买入,[None],2020-10-30,,买入,4364676,pdf_downloads/2020/2020-10-30/300601-康泰生物（300601）：换标工作和费用影响Q3业绩表现，核心产品有望驱动后续高增长.pdf,300601,康泰生物,康泰生物（300601）：换标工作和费用影响Q3业绩表现，核心产品有望驱动后续高增长,"{
    ""forecasts"": [
        {
            ""year"": 2020,
            ""net_profit"": 7.9,
            ""eps"": 1.17,
            ""pe"": null
        },
        {
            ""year"": 2021,
            ""net_profit"": 14.2,
            ""eps"": 2.08,
            ""pe"": null
        },
        {
            ""year"": 2022,
            ""net_profit"": 23.3,
            ""eps"": 3.42,
            ""pe"": null
        }
    ]
}",,,,,,,,,1.17,2.08,3.42,
"周平,崔文亮,蔡承霖",康泰生物(300601)四联苗包装升级后短期销量受招标进度影响，疫情推动23价肺炎多糖疫苗高速放量。公司发布2020年三季报，实现收入14.20亿元（+2%）、归母净利润4.33亿元（+1%）、扣非归母净利润4.25亿元（+2%）；2020Q3单季度实现收入5.50亿（-6%）、归母净利润1.74亿元（持平）、扣非归母净利润1.70亿元（持平）。核心产品四联苗换包装，从西林瓶（280元/支）升级为预灌封（360元/支），截止到3季度预灌封规格仅在不到20个省中标，准入问题影响产品销售。随着更多省份中标，四联苗销量将恢复快速增长。23价肺炎疫苗在部分省市供不应求，公司产品实现高速放量。乙肝疫苗由于厂房搬迁，库存消耗导致收入大幅度减少，前三季度母公司（主要是乙肝疫苗）实现收入仅1.26亿元，同比下降67%。乙肝疫苗已恢复正常生产，预计2021年收入将大幅度提升。新冠疫苗将于2021年获批，有望显著增厚业绩。公司与阿斯利康签订新冠疫苗合作协议。阿斯利康的腺病毒载体新冠疫苗是全球进展最快的新冠疫苗之一，预计11月有望完成3期临床。公司负责该疫苗在国内的生产和销售。从进度来看，公司预计将在年底启动1/2期临床试验，2021H1获批上市。保守按照2亿支产能、每支净利润分成10元测算，新冠疫苗有望贡献年化20亿元净利润，显著增厚公司业绩。研发梯队丰富，重磅产品陆续获批。公司有超过20个品种处于研发阶段。13价肺炎疫苗处于优先审评阶段，预计2021年初将获批上市。人二倍体狂犬疫苗即将申报生产，预计2021年底或2022年初获批。五联苗已获批临床。投资建议维持盈利预测不变，预计2020-2022年归母净利润分别为8.22/12.93/22.03亿元，PE分别为142/91/54倍，维持“买入”评级。风险提示核心产品销售低于预期；新产品研发低于预期。,,华西证券,买入,[None],2020-10-30,,增持,4364040,pdf_downloads/2020/2020-10-30/300601-康泰生物（300601）：四联苗包装升级，重磅产品陆续获批.pdf,300601,康泰生物,康泰生物（300601）：四联苗包装升级，重磅产品陆续获批,"{
    ""forecasts"": [
        {
            ""year"": 2020,
            ""net_profit"": 8.22,
            ""eps"": null,
            ""pe"": 142
        },
        {
            ""year"": 2021,
            ""net_profit"": 12.93,
            ""eps"": null,
            ""pe"": 91
        },
        {
            ""year"": 2022,
            ""net_profit"": 22.03,
            ""eps"": null,
            ""pe"": 54
        }
    ]
}",,,142.0,91.0,54.0,,,,,,,
朱国广,康泰生物(300601)投资要点事件：公司发布2020年三季报，前三季度实现营业收入14.2亿元，同比增长1.9%；实现归母净利润4.3亿元，同比增长0.6%；实现扣非后归母净利润4.2亿元，同比增长2.1%。业绩基本符合预期，预计Q4核心品种销售恢复强劲：2020Q3单季度，公司实现营收5.5亿元，同比下滑6.2%，实现归母净利润1.7亿元，同比增长0.5%，业绩基本符合预期。核心产品方面：1）四联苗方面，2020前三季度批签发466万支（+85%），预灌封剂型目前已完成绝大部分省份招标，预计Q4将快速放量，我们预计全年销售有望达到500万支；2）23价肺炎疫苗：目前处于快速放量阶段，我们预计Q3销售140万支左右，前三季度累计销售180万支左右，Q4有望持续快速放量态势，我们预计全年销售有望达300万支，我们预计2020Q4公司的四联苗、23价肺炎疫苗等核心品种将快速放量，乙肝疫苗或将于近期恢复批签发，将带动公司2020Q4业绩恢复高增长。研发管线国内最强，即将进入兑现期：通过自研+对外合作，公司目前已构建国内最丰富的疫苗产品梯队。1）13价肺炎疫苗：目已纳入优先审批资格，预计2021年上半年有望获批，公司进度国内仅次于沃森生物。2）冻干人二倍体狂犬疫苗：已获得临床研究总结报告，目前准备申请药品注册批件，预计将于2021年获得生产批件；3）冻干水痘减毒活疫苗：目前已完成Ⅲ期临床研究现场工作；4）麻腮风-水痘：有望成为重磅品种，目前处于临床前阶段。我们认为随着公司研发进度的不断推进，以及后续众多重磅在研品种陆续上市，公司即将进入兑现期。盈利预测与投资评级：考虑到20Q4将恢复高增长态势，我们预计2020-2022年公司业绩分别为7.6/13.5/20.6亿元，对应当前估值为160/90/59倍，考虑到公司在研产品管线丰富，多个重磅产品持续推进，维持“买入”评级风险提示：研发速度或不及预期；四联苗放量不及预期的风险；再次出现行业安全事件影响消费者信心的风险。,,东吴证券,买入,[None],2020-10-30,,买入,4363874,pdf_downloads/2020/2020-10-30/300601-康泰生物（300601）：业绩符合预期，核心产品20Q4有望加速放量.pdf,300601,康泰生物,康泰生物（300601）：业绩符合预期，核心产品20Q4有望加速放量,"{
    ""forecasts"": [
        {
            ""year"": 2020,
            ""net_profit"": 7.6,
            ""eps"": null,
            ""pe"": 160
        },
        {
            ""year"": 2021,
            ""net_profit"": 13.5,
            ""eps"": null,
            ""pe"": 90
        },
        {
            ""year"": 2022,
            ""net_profit"": 20.6,
            ""eps"": null,
            ""pe"": 59
        }
    ]
}",,,160.0,90.0,59.0,,,,,,,
杜向阳,事件：公司公告与阿斯利康签署《约束性交易条款清单》，根据清单内容，公司将获得阿斯利康与牛津大学合作开发的AZD1222腺病毒载体新冠疫苗在中国内地独家开发的权利。AZD1222新冠疫苗临床数据较好，目前已在多国进入III期临床。2020年7月20日，阿斯利康与牛津大学合作研发的ChAdOx1腺病毒载体新冠疫苗在《柳叶刀》上公布Ⅰ/Ⅱ期初期数据，该疫苗在所有受试者安全耐受，未报告严重不良反应，并且受试者接种后快速产生体液免疫和T细胞免疫，其中中和抗体GMT与恢复期患者相当，T细胞免疫反应在接种56天后仍保持较高水平，显示出对SARS-CoV-2病毒稳健的免疫应答。目前该疫苗已在英国、巴西和南非等国进行II/III期临床试验（编号ISRCTN89951424），美国区也即将开始临床，同时阿斯利康已与英国、美国、欧洲IVA、CEPI、GAVI、印度等国家及组织达成供应20亿剂疫苗的承诺，后续该疫苗在全球疫情防控中的作用值得期待。公司与阿斯利康全面战略合作引入国内，全力保障国内新冠疫情防治。公司将获得AZD1222在国内（不包括港澳台地区）进行独家开发的权利，负责中国内地市场的研发、生产、供应和商业化。根据研发进展，若顺利，预计AZD1222将于年底供应全球和国内市场；康泰生物作为技术受让方将确保在2020年底前达到至少1亿剂新冠疫苗AZD1222的年产能，并在2021年底前将该疫苗设计产能扩大至年产至少2亿剂，以满足中国市场的需求。公司多路线布局新冠疫苗，管线产品逐步进入收获期。根据《关于投资实施百旺信应急工程建设项目的公告》，公司拟投资10亿元建设新冠肺炎疫苗等新型疫苗生产车间和生命科学研究院及相关配套设施，预计公司自主开发的灭活疫苗处于临床前阶段，同时公司和艾棣维欣合作的DNA疫苗已经进入I期临床，多路线新冠疫苗研发有序推进。13价肺炎球菌结合疫苗、冻干人用狂犬病疫苗（人二倍体细胞）有望明年获批，五联疫苗、口服五价重配轮状病毒减毒活疫苗、麻腮风水痘四联苗等新型疫苗管线支撑长期发展。盈利预测与投资建议。不考虑新冠疫苗的贡献，预计2020-2022年归母净利润分别为8.9、15.4、22.8亿元，对应EPS1.32、2.29、3.40元，维持“买入”评级。风险提示：合作进展不及预期、研发失败风险、疫苗安全事故风险。,,西南证券,买入,[None],2020-08-09,,买入,4302212,pdf_downloads/2020/2020-08-09/300601-康泰生物（300601）：疫苗License in，全力保障国内新冠疫情防治.pdf,300601,康泰生物,康泰生物（300601）：疫苗License in，全力保障国内新冠疫情防治,"{
    ""forecasts"": [
        {
            ""year"": 2020,
            ""net_profit"": 8.9,
            ""eps"": 1.32,
            ""pe"": null
        },
        {
            ""year"": 2021,
            ""net_profit"": 15.4,
            ""eps"": 2.29,
            ""pe"": null
        },
        {
            ""year"": 2022,
            ""net_profit"": 22.8,
            ""eps"": 3.40,
            ""pe"": null
        }
    ]
}",,,,,,,,,1.32,2.29,3.4,
"江琦,赵磊",康泰生物(300601)事件： 2020 年 8 月 6 日， 公司公告与 AstraZeneca UK Limited（阿斯利康）签署《约束性交易条款清单》， 其独家授权公司在中国内地， 不包括中国香港、 中国澳门及中国台湾地区， 对 ChAdOx1 腺病毒载体新冠疫苗（AZD1222）进行研发、生产及商业化。引进海外领先新冠病毒疫苗产品，加速进入国内新冠疫苗开发第一梯队。阿 斯 利 康 和 牛 津 大 学 合 作 开 发 的 ChAdOx1 腺 病 毒 载 体 新 冠 疫 苗（AZD1222） 是全球领先的新冠病毒疫苗， 采用腺病毒载体技术路线，目前已在海外英国、巴西、南美等地进入大型的临床Ⅱ/Ⅲ期试验，处于全球新冠病毒疫苗研发的领先梯队，预计有望在 2020 年下半年取得临床Ⅲ期的初步结果。 公司和阿斯利康合作独家引进 AZD1222， 将快速补充公司自身的新冠病毒疫苗研发储备， 多条技术路线并行， 加速进入国内新冠疫苗研发的第一梯队，有望为国内甚至全球疫情防控贡献力量。AZD1222 临床Ⅰ期/Ⅱ期中期数据表现良好， 后续临床进展值得期待。 在顶级医学期刊《柳叶刀》上公布的Ⅰ期/Ⅱ期 COV001 临床试验的中期结果显示，该疫苗可以耐受并产生针对 SARS-CoV-2 病毒的稳健的免疫应答。1077 例年龄在 18-55 岁的健康成人受试者参与试验，（1）安全性可耐受。试验组大约 67%有发烧、肌肉酸痛、头痛等症状，对照组有 38%，所有短暂的局部和全身反应是常见的并且与以前的试验和其他腺病毒载体疫苗相当，没有报道严重的不良事件。（2） 免疫应答较强。 在接种 14 天后， T 细胞水平应答达到峰值，在接种后的 28 天内，抗体滴度持续上升，并在第二次加强接种后继续上升，就在 28 天内达到峰值。其中 35 名受试者进行血清中和检测。 不同方法学下， 有 32 名（91%） 或 100%在单次接种后具有血清中和反应； 在加强接种后，所有被检测的受试者均有血清中和反应。加速产业化生产能力，公司确保在 2020 年年底前能够拥有至少每年生产 1亿剂 AZD1222 的充足产能，并在 2021 年年底前拥有至少每年生产 2 亿剂的产能。13 价肺炎结合疫苗、人狂犬病疫苗（人二倍体细胞）有望在 2020 年后逐步兑现。（1） 13 价肺炎球菌疫苗：我们预计 13 价肺炎球菌疫苗市场空间有望达到 71 亿元（15%渗透率）。康泰生物 13 价肺炎球菌疫苗已申报生产进入优先审评，有望在 2021 年获批。（2）人二倍体狂犬疫苗：已处于临床研究总结阶段，预计有望于 2020 年下半年申报生产，市场空间在 18亿元左右。盈利预测与投资建议： 我们预计 2020-2022 年公司营业收入为 24.56、41.05、 63.01 亿元，同比增长 26.37%、 67.16%、 53.49%，归母净利润为 8.20、 14.53 和 23.56 亿元，同比增长 42.79%、 77.13%、 62.13%，对应 EPS 为 1.21、 2.09、 3.31 元。 公司作为在研产品管线最为丰富的疫苗公司之一，未来三年 13 价肺炎结合疫苗、人狂犬病疫苗（人二倍体细胞）等重磅产品有望陆续上市，维持“买入”评级。风险提示： 核心产品四联苗销售不及预期、竞争加剧的风险，研发进展不及预期的风险，预测前提不及预期导致市场容量测算出现偏差的风险，监管政策趋严的风险。,,中泰证券,买入,[None],2020-08-07,,买入,4301394,pdf_downloads/2020/2020-08-07/300601-康泰生物（300601）：引进海外领先新冠病毒疫苗，加速进入国内第一梯队.pdf,300601,康泰生物,康泰生物（300601）：引进海外领先新冠病毒疫苗，加速进入国内第一梯队,"{
    ""forecasts"": [
        {
            ""year"": 2020,
            ""net_profit"": 8.20,
            ""eps"": 1.21,
            ""pe"": null
        },
        {
            ""year"": 2021,
            ""net_profit"": 14.53,
            ""eps"": 2.09,
            ""pe"": null
        },
        {
            ""year"": 2022,
            ""net_profit"": 23.56,
            ""eps"": 3.31,
            ""pe"": null
        }
    ]
}",,,,,,,,,1.21,2.09,3.31,
"魏赟,黄施齐","公司发布2020年半年度业绩报告。事项点评Q2 营收恢复快速增长，毛利率持续提升2020H1，公司实现营收8.70亿元，同比增长7.71%；实现归母净利润2.60亿元，同比增长0.63%；实现扣非归母净利润2.54亿元，同比增长3.53%，利润端增速较低主要是由于公司股权激励确认0.69亿元摊销额所致。公司Q2实现营收6.93亿元，同比增长48.63%；实现归母净利润2.57亿元，同比增长62.44%；实现扣非归母净利润2.52亿元，同比增长68.80%，二季度业绩实现较快增长主要是由于疫情平稳后疫苗补种需求放量导致。2020H1，公司整体毛利率为92.88%，同比提升1.59pct。期间费用率方面，公司的销售费用率和管理费用率为39.64%和9.21%，分别同比增长1.76pct和0.38pct，主要与股权激励摊销费用确认相关。报告期内，公司经营活动产生的现金流净额为0.26亿元，同比下降79.15%，主要是受新型冠状病毒肺炎疫情影响，上半年销售回款减少所致。核心品种批签发保持增长，在研产品逐步迎来收获期截至2020H1，公司的核心品种批签发情况良好，四联苗批签发数
量达到312.19万支，实现销售收入6.18亿元，同比增长30.66%。23价
肺炎球菌多糖疫苗与2019年8月获得批签发证明，2020H1批签发数量
为167.63万支，实现销售收入0.77亿元。Hib疫苗批签发数量为122.88
万支。乙肝疫苗由于生产线搬迁停止生产，2020H1无批签发，目前乙
肝疫苗生产场地变更已与6月获得批准，预计下半年将恢复生产。研发
管线方面，公司逐步迎来收获期，重磅品种13价肺炎球菌结合疫苗目
前已被纳入优先审评；冻干人用狂犬病疫苗（人二倍体细胞）已拿到
临床总结报告，准备递交药品生产注册申请；吸附无细胞百白破联合
疫苗已获得药品注册批件；ACYW135群脑膜炎球菌多糖疫苗已递交
注册申请目前处于审评中。伴随上市品种的持续放量以及研发管线的
逐步推进，公司业绩未来有望得到进一步增厚。新冠项目丰富研发技术，产能持续拓展由于目前疫情仍在全球肆虐，且国内仍存在局部爆发的情况，为
控制疫情加速疫苗研发，公司于2月与艾棣维欣签署了战略合作协议，
共同推动新冠DNA疫苗研发，此次合作有望助力公司布局DNA疫苗研发，丰富公司研发技术，保持壁垒。此外，为加快新冠疫苗上市，公
司于7月发布公告，宣布投资10亿元实施百旺信应急工程建设项目，目
的是建设新冠肺炎疫苗等新型疫苗生产车间和生命科学研究院及相关
配套设施。除新冠疫苗外，公司此前非公开募集约30亿元用于建设民
海生物新型疫苗国际化产业基地，持续提升产能规模。风险提示行业监管政策变化风险；产品推广不及预期风险；产品研发不及预期风险；市场竞争加剧风险；产品质量风险。投资建议维持“谨慎增持”评级预计公司20、21年EPS至1.12、1.80元，以7月21日收盘价204.56
元计算，动态PE分别为182.4倍和113.4倍。我们认为，伴随公司产品
的不断放量以及在研产品的陆续上市，公司业绩有望持续增长，我们
看好公司未来发展，维持“谨慎增持”评级。",,上海证券,谨慎增持,[None],2020-07-22,,增持,4289885,pdf_downloads/2020/2020-07-22/300601-康泰生物（300601）：二季度业绩恢复快速增长，在研产品逐步迎来收获期.pdf,300601,康泰生物,康泰生物（300601）：二季度业绩恢复快速增长，在研产品逐步迎来收获期,"{
    ""forecasts"": [
        {
            ""year"": 2020,
            ""net_profit"": null,
            ""eps"": 1.12,
            ""pe"": 182.4
        },
        {
            ""year"": 2021,
            ""net_profit"": null,
            ""eps"": 1.80,
            ""pe"": 113.4
        }
    ]
}",,,182.4,113.4,,,,,1.12,1.8,,
刘建宏,"康泰生物(300601)事件描述公司发布半年度报告，2020上半年实现营业收入8.70亿元，同比增长7.71%，实现归属于上市公司股东的净利润2.60亿元，同比增长0.63%。事件点评二季度业绩高速增长，高毛利产品推动毛利率提升。一季度受疫情防控影响，公司业绩出现大幅下滑，二季度单季度业绩实现高速增长，逆转整体业绩下滑趋势。上半年，受高毛利产品推动，毛利率同比提升1.59个百分点；期间费用率整体提升1.47个百分点，其中销售费用率提升1.76个百分点，管理费用率提升1.29个百分点，研发费用率提升0.92个百分点；受费用率提升影响，净利率同比下降2.10个百分点；经营活动产生的现金流量净额同比下降79.15%，主要是受疫情影响，公司上半年销售回款减少所致。四联苗实现快速放量，23价肺炎疫苗表现不俗。上半年四联苗快速放量，批签发312.19万支，同比增长245.08%，实现销售收入6.12亿元，同比增长30.66%；23价肺炎疫苗批签发167.63万支，国内批签发占比高达31.27%，排名第二，实现销售收入7,701.84万元。13价肺炎有望明年年初上市，多个重磅品种进展顺利。上半年公司研发投入9,374.66万元，同比增长13.56%。公司研发实力领先，通过持续的研发创新，现已形成产品线丰富、产品结构优良且具有良好市场前景的疫苗产品梯队。目前公司拥有在研项目30余项，多个品种进展顺利：13价肺炎疫苗已纳入国家药品监督管理局药品审评中心优先审评，有望明年年初上市；狂犬病疫苗（人二倍体细胞）已获得临床试验总结报告，即将申报生产；IPV即将开展III期临床；EV71II期临床试验进行中；五联苗、五价轮状病毒疫苗、麻腮风水痘四联苗等重磅新型疫苗正在开展临床前研究。顺利再融资，助力公司发展。上半年，公司非公开发行股票2727.27万股，募集资金约30亿元，本次再融资将促进公司新型疫苗的研发及产业化，填补国内相关疫苗领域的空白，打破由国外技术垄断市场的被动局面，满足市场需求，切实增强公司核心竞争力和可持续发展能力。投资建议预计公司2020-2022年EPS分别为1.21\2.04\3.18元，对应公司7月21日收盘价204.56元，2020-2022年PE分别为168.4\100.2\64.4倍，维持“增持”评级。存在风险药品安全风险；行业政策风险；市场竞争风险；研发不达预期的风险，新冠肺炎疫情风险。",,山西证券,增持,[None],2020-07-22,,增持,4289895,pdf_downloads/2020/2020-07-22/300601-康泰生物（300601）：二季度业绩高速增长，四联苗实现快速放量.pdf,300601,康泰生物,康泰生物（300601）：二季度业绩高速增长，四联苗实现快速放量,"{
    ""forecasts"": [
        {
            ""year"": 2020,
            ""net_profit"": null,
            ""eps"": 1.21,
            ""pe"": 168.4
        },
        {
            ""year"": 2021,
            ""net_profit"": null,
            ""eps"": 2.04,
            ""pe"": 100.2
        },
        {
            ""year"": 2022,
            ""net_profit"": null,
            ""eps"": 3.18,
            ""pe"": 64.4
        }
    ]
}",,,168.4,100.2,64.4,,,,1.21,2.04,3.18,
朱国广,康泰生物(300601)事件：公司发布2020半年报，上半年实现营业收入8.70亿元，同比增长7.71%；实现归母净利润2.60亿元，同比增长0.63%；实现扣非后归母净利润2.54亿元，同比增长3.53%。收入端符合预期，Q2四联苗销售恢复强劲：2020Q2单季度，公司实现营收6.93亿元，同比增长48.63%，归母净利润2.57亿元，同比增长62.44%，随着疫情逐步好转，公司Q2恢复快速增长态势。2020H1公司经营性现金流净额下滑，我们预计主要系产品销售集中在Q2季度，导致回款延后所致。核心产品方面：1）四联苗，2020H1实现销售6.18亿元，同比增长30.66%，我们预计上半年销量增速约220-230万支。批签发方面，2020H1四联苗批签发312.2万支，同比增长245%，考虑到四联苗需求端依然强劲，全年有望持续快速放量态势；2）23价肺炎疫苗：2020H1销售7702万元，符合预期，全年销售有望实现百万支量级；3）乙肝疫苗：近期获得补充申请批件，下半年恢复批签发。费用端方面：2020H1销售费用率为39.64%，管理费用率为9.21%，研发费用率为9.76%。研发管线国内最强，即将进入兑现期：通过自研+对外合作，公司目前已构建国内最丰富的疫苗产品梯队。1）13价肺炎疫苗：目已纳入优先审批资格，预计2021年上半年有望获批，公司进度国内仅次于沃森生物。2）冻干人二倍体狂犬：已获得临床研究总结报告，目前准备申请药品注册批件，预计将于2021年获得生产批件；3）冻干水痘减毒活疫苗：目前已完成Ⅲ期临床研究现场工作；4）麻腮风-水痘：有望成为重磅品种，目前处于临床前阶段。我们认为随着公司研发进度的不断推进，以及后续众多重磅在研品种陆续上市，公司即将进入兑现期。盈利预测与投资评级：考虑到20Q2恢复高增长态势，公司全年高增长趋势不改，我们预计2020-2022年公司业绩分别为8.3/13.5/20.9亿元，对应当前估值为165/102/66倍，考虑到公司在研产品管线丰富，多个重磅产品持续推进，维持“买入”评级风险提示：研发速度或不及预期；四联苗放量不及预期的风险；再次出现行业安全事件影响消费者信心的风险。,,东吴证券,买入,[None],2020-07-22,,买入,4289549,pdf_downloads/2020/2020-07-22/300601-康泰生物（300601）：Q2恢复强劲，全年有望持续高增长.pdf,300601,康泰生物,康泰生物（300601）：Q2恢复强劲，全年有望持续高增长,"{
    ""forecasts"": [
        {
            ""year"": 2020,
            ""net_profit"": 8.3,
            ""eps"": null,
            ""pe"": 165
        },
        {
            ""year"": 2021,
            ""net_profit"": 13.5,
            ""eps"": null,
            ""pe"": 102
        },
        {
            ""year"": 2022,
            ""net_profit"": 20.9,
            ""eps"": null,
            ""pe"": 66
        }
    ]
}",,,165.0,102.0,66.0,,,,,,,
"周平,崔文亮,蔡承霖",康泰生物(300601)疫情结束后接种恢复推动 2020Q2 业绩高增长。公司发布 2020 年中报，实现收入 8.70 亿元（+8%）、归母净利润2.60 亿元（+1%）、扣非后归母净利润 2.54 亿元（+4%）；2020Q2单季度实现收入 6.93 亿元（+49%）、归母净利润 2.57 亿元（+62%）、扣非后归母净利润 2.52 亿元（+69%）。四联苗实现收入 6.2 亿（+31%），对应销量估计约 220 万支，单月销量爬坡至超过 70 万支。23 价肺炎疫苗收入 0.8 亿元，对应销量约 40 万支。从批签发来看，上半年四联苗批签发 312 万支（+245%），23价肺炎疫苗批签发 84 万支。从价格来看，四联苗预充式已在 10多个省市中标，随着更多省市中标，四联苗将从 280 元的西林瓶转为 360 元的预充式为主，单支净利润有望进一步提升。四联苗持续高速放量。我国新生儿 Hib 疫苗接种率仅 1/3 左右，预计未来接种率有望提升至 50%。2019 年 Hib 多联苗的渗透率达到 65%，预计未来将提升到 80%以上。按照每年 1500 万新生儿测算，Hib 多联苗年销量有望达到 2400 万支，还有 75%的成长空间。康泰生物四联苗未来市占率有望达到 40%，对应年销量 960 万支和销售收入 26 亿元。2019 年公司四联苗销量约 435 万支，还有翻倍的成长空间。研发梯队丰富，重磅产品陆续获批。公司有超过 20 个品种处于研发阶段。13 价肺炎疫苗处于优先审评阶段，预计 2020 年底或 2021 年初有望获批上市。人二倍体狂犬疫苗即将申报生产，预计 2021 年获批。ACYW135 流脑结合疫苗+水痘疫苗+甲肝灭活疫苗已完成 3 期临床，脊灰灭活疫苗处于 3期临床准备中，EV71 疫苗处于 2 期临床中，百白破-脊灰-Hib 五联苗、HPV 疫苗、五价轮状疫苗处于临床前研究阶段。投资建议预计 2020-2022 年归母净利润为 8.22/12.93/22.03 亿元，PE分别为 155/99/58 倍，维持“买入”评级。风险提示核心产品销售低于预期；新产品研发低于预期。,,华西证券,买入,[None],2020-07-22,,增持,4289390,pdf_downloads/2020/2020-07-22/300601-康泰生物（300601）：四联苗高速放量，研发管线持续推进.pdf,300601,康泰生物,康泰生物（300601）：四联苗高速放量，研发管线持续推进,"{
    ""forecasts"": [
        {
            ""year"": 2020,
            ""net_profit"": 8.22,
            ""eps"": null,
            ""pe"": 155
        },
        {
            ""year"": 2021,
            ""net_profit"": 12.93,
            ""eps"": null,
            ""pe"": 99
        },
        {
            ""year"": 2022,
            ""net_profit"": 22.03,
            ""eps"": null,
            ""pe"": 58
        }
    ]
}",,,155.0,99.0,58.0,,,,,,,
谢长雁,康泰生物(300601)疫情后疫苗接种逐渐恢复，二季度高增长2020H1 康泰生物实现营收 8.70 亿元（+7.7%），归母净利润 2.60 亿元（+0.6%）； Q2 单季度营收 6.93 亿元（+48.6%），归母净利润 2.57亿元（+62.4%）， 由于二季度疫苗接种逐渐恢复， 单季度实现大幅增长。上半年销售费用率 39.6%（+1.8pp），管理费用率 9.2%（+0.4pp），研发费用率 9.8%（+0.9pp）；毛利率提升 1.6pp 至 92.9%，由于费用率上升，净利率下滑至 29.9%（-2.1pp）。四联苗批签发与中标价双双提升公司的核心产品四联苗上半年批签发 78 万人份（+245%），同时预充式的中标价由 285 提升至 368 元/支， 为下半年的业绩增长提供有力的保障。 上半年四价苗实现销售 6.18 亿元（+30.7%）， 23 价肺炎疫苗销售 0.77 亿元；随着乙肝疫苗恢复生产，公司下半年的业绩将实现快速增长。研发管线值得期待，重磅品种 2021 年登陆市场公司的 13 价肺炎结合苗已提交上市申请并纳入优先审评，预计将在明年初上市；人二倍体狂苗已获得临床试验总结报告，预计将在下半年申报上市。冻干 Hib 和四价流脑多糖苗已经报产。另有大单品百白破-IPV-Hib 五联苗和麻腮风-水痘四联苗处于临床前阶段。公司在研管线丰富，且对标海外，重磅品种上市后，公司将在 2021 年迎来爆发。 公司还积极进行新冠疫苗的研发，布局生产车间的建设。风险提示：创新品种临床、注册进度不及预期， 行业安全性事件投资建议： 维持“ 增持”评级公司二季度疫苗恢复接种后实现高增长，预计下半年将实现快速增长。公司在研管线丰富且对标海外，随着重磅品种的上市业绩将实现跃升。我们维持盈利预测，预计 2020~2022 年公司净利润 8.03/13.94/20.42亿元，同比增长 39.7%/73.6%/46.5%，对应当前股价 PE为 153/88/60x，维持“增持”评级。,,国信证券,增持,[None],2020-07-21,,增持,4289199,pdf_downloads/2020/2020-07-21/300601-康泰生物（300601）2020年半年报点评：二季度高增长，管线值得期待.pdf,300601,康泰生物,康泰生物（300601）2020年半年报点评：二季度高增长，管线值得期待,"{
    ""forecasts"": [
        {
            ""year"": 2020,
            ""net_profit"": 8.03,
            ""eps"": null,
            ""pe"": 153
        },
        {
            ""year"": 2021,
            ""net_profit"": 13.94,
            ""eps"": null,
            ""pe"": 88
        },
        {
            ""year"": 2022,
            ""net_profit"": 20.42,
            ""eps"": null,
            ""pe"": 60
        }
    ]
}",,,153.0,88.0,60.0,,,,,,,
杜向阳,康泰生物(300601)事件： 公司公布 2020 半年报， 上半年实现收入 8.7 亿元（ +7.7%），归母净利润 2.6 亿元（ +0.6%），扣非净利润 2.54 亿元（ +3.5%）。归母净利润符合此前预告 0~10%的区间。二季度业绩大幅增长，盈利能力较为稳定。分季度看， Q1/Q2 单季度收入分别为 1.77/6.93 亿元，同比去年同期增速分别为-48.1%/+48.6%， Q1/Q2 单季度归母净利润分别为 0.02/2.57 亿，同比分别为-97.6%/62.4%， Q2 收入和净利润增速大幅增长，环比 Q1 大幅改善。从盈利能力看，上半年公司毛利率 92.9%，同比提升 1.6pp，四费率合计 57.7%，同比提升 1.5pp，具体来看，销售费用率 39.6%（ +1.7pp），管理费用率 9.2%（ +0.4pp），研发费用率 9.8%（ +1pp），财务费用-0.9%（ -1.5pp)，财务费用下降主要由于偿还长期借款导致利息费用减少及收到非公开发行股票投资款用于现金管理产生利息收入增加。上半年归母净利率为 29.9%，保持稳定较高的水平。四联苗和 23 价肺炎疫苗贡献上半年增量，乙肝、 Hib、麻风二联苗等品种对业绩有所拖累。 上半年四联苗批签发量 312 万支（ +245%），我们预计销量超过200 万支，贡献收入超 6 亿，比去年同期增长 10-15%，考虑到竞品供应问题和多联苗替代单苗趋势，预计需求持续向好，全年有望超 600 万支； 23 价肺炎疫苗上半年批签发 168 万支，预计销售约 40 万支，贡献约 7500 万，随着准入省份的开拓，预计全年销量有望突破 200 万支。一类苗销售 1715 万（ -50.6%），母公司报表收入 8759 万（ -62.2%），我们判断乙肝疫苗受厂房搬迁未有批签发以及疫情影响终端接种双重影响，下滑较多，同时我们预计上半年 Hib、麻风二联苗合计收入约 0.9~1 亿，下滑 30%~35%。下半年继续看好四联苗和 23 价肺炎疫苗放量贡献的弹性，同时预计其他品种会逐渐改善。在研产品逐渐步入收获期。 13 价肺炎疫苗目前处于优先审评中，预计 2021 年初有望获批上市，公司作为国产第二家将分享百亿市场；冻干人用狂犬病疫苗（人二倍体细胞） 完成临床试验总结报告，预计下半年报产；水痘疫苗、 IPV、ACYW135 群脑膜炎球菌结合疫苗也有望明年逐步报产；更长远看， EV71、麻腮风水痘四联苗、五联苗研发持续推进，公司的管线价值凸显。盈利预测与投资建议。 考虑到明后年 13 价肺炎疫苗和三代狂犬疫苗放量， 预计2020-2022 年归母净利润分别为 8.8、 15.4、 22.9 亿元，对应 EPS 1.31、 2.29、3.40 元， 对应 PE 为 145、 83、 56 倍， 维持“买入”评级。风险提示： 疫苗安全事件、 核心疫苗销售不及预期、研发进度不及预期,,西南证券,买入,[None],2020-07-21,,买入,4289171,pdf_downloads/2020/2020-07-21/300601-康泰生物（300601）：四联苗和23价肺炎疫苗贡献增量，全年业绩增长可期.pdf,300601,康泰生物,康泰生物（300601）：四联苗和23价肺炎疫苗贡献增量，全年业绩增长可期,"{
    ""forecasts"": [
        {
            ""year"": 2020,
            ""net_profit"": 8.8,
            ""eps"": 1.31,
            ""pe"": 145
        },
        {
            ""year"": 2021,
            ""net_profit"": 15.4,
            ""eps"": 2.29,
            ""pe"": 83
        },
        {
            ""year"": 2022,
            ""net_profit"": 22.9,
            ""eps"": 3.40,
            ""pe"": 56
        }
    ]
}",,,145.0,83.0,56.0,,,,1.31,2.29,3.4,
王睿,康泰生物(300601)事件：公司公布半年报，2020年上半年实现营业收入8.7亿元，同比增长7.71%；归母净利润2.6亿元，同比增长0.63%；扣非后归母净利润2.54亿元，同比增长3.53%；基本每股收益0.40元。疫苗接种恢复推动公司Q2业绩恢复高速增长：分季度看，Q2公司实现营收6.93亿元，同比增长48.63%；归母净利润2.52亿元，同比增长62.44%；扣非后归母净利润2.52亿元，同比增长68.8%。Q1受疫情影响疫苗销量有所下滑，Q2疫苗接种快速恢复，销量逐步恢复快速增长。分品种看，核心产品四联苗实现销售收入6.18亿元，同比增长30.66%；23价肺炎疫苗实现销售收入7701.84万元。根据中检院数据，公司核心产品四联苗批签发共计312万支，同比大幅增长245%；23价肺炎疫苗批签发167.6万支全部在Q2，去年同期无批签发；乙肝疫苗受厂房搬迁影响上半年无批签发，但凭借存货和下半年批签发的恢复，预计全年销售量受影响不大。核心产品的充足供应为下半年的放量销售提供基础。国内疫苗研发管线最为丰富的企业之一，未来2—3年新品种集中上市：作为国内疫苗管线最为丰富的企业之一，公司拥有在研项目30余项，其中进入注册程序的在研项目12项，2021年开始重磅品种有望逐步收获。重磅产品13价肺炎疫苗处于优先审评阶段，预计2020年底或2021年初获批上市；人二倍体狂犬疫苗已于去年8月完成III期临床试验总结报告，即将申报生产，预计2021年获批。目前国内狂犬疫苗供应紧张，公司产品上市后有望形成市场替代快速放量。此外，公司IPV已纳入优先审评，ACYW135群脑膜炎结合疫苗处于临床数据总结中，EV71疫苗处于临床试验阶段，五联苗、五价轮状疫苗等重磅产品正在开展临床前研究。随着在研品种的陆续上市，公司业绩有望迎来高速增长。拟实施百旺信应急工程建设项目，为新冠疫苗研发生产奠定基础：公司公告将投资实施百旺信应急工程建设项目，建设新冠肺炎疫苗等新型疫苗生产车间和生命科学研究院及相关配套设施等，预计项目投资总额约人民币10亿元。：公司与艾棣维欣Inovio共同研发新冠DNA疫苗，此外公司也在灭活、mRNA、DNA、重组VLP四条技术途径同步推进，该项目着力于新冠肺炎等新型疫苗研究生产，为公司新冠疫苗产品提供充足产能，也有助于公司未来持续开展病毒相关疫苗研究。公司也于4月定增募集不超过30亿元资金用于建设民海生物新型疫苗国际化产业基地建设项目（一期）和补充流动资金，为公司的五联苗、肺炎球菌结合疫苗等新型疫苗的研制和产业化提供基础保障，进一步增强公司核心竞争力。投资建议：公司目前在研项目无论是梯队深度还是商业化价值均处于业内领先位置，尤其在联苗领域先发优势明显，随着四联苗渗透率的不断提升及重磅产品的逐步上市，公司业绩有望持续增长。我们公司预测2020年至2022年每股收益分别为1.15元、1.87元和3.13元，维持公司增持-A建议。风险提示：疫情变化的风险，核心产品四联苗销售不及预期、竞争加剧的风险，研发进展不及预期的风险，政策风险,,华金证券,增持-A,[None],2020-07-21,,增持,4288296,pdf_downloads/2020/2020-07-21/300601-康泰生物（300601）：Q2业绩恢复高速增长，四联苗持续放量.pdf,300601,康泰生物,康泰生物（300601）：Q2业绩恢复高速增长，四联苗持续放量,"{
    ""forecasts"": [
        {
            ""year"": 2020,
            ""net_profit"": null,
            ""eps"": 1.15,
            ""pe"": null
        },
        {
            ""year"": 2021,
            ""net_profit"": null,
            ""eps"": 1.87,
            ""pe"": null
        },
        {
            ""year"": 2022,
            ""net_profit"": null,
            ""eps"": 3.13,
            ""pe"": null
        }
    ]
}",,,,,,,,,1.15,1.87,3.13,
常启辉,康泰生物(300601)事件：公司公告 2020 半年报，报告期内实现营业收入 8.70 亿元，同比增长7.71%，归母净利润 2.60 元，同比增长 0.63%，扣非归母净利润为 2.54亿元，同比增长 3.53%。报告要点：受益于居民接种意愿提升，Q2 收入和利润实现高速增长公司 2020Q2 实现收入 6.92 亿元（+48.63%） ，毛利率 92.88%（+1.58pct），归母净利润 2.57 亿元（+62.44%） ，二季度收入和利润均实现高速增长。收入端上：由于疫情刺激下居民疫苗接种意愿提升，上半年实现四联苗销售 6.20 亿元，同比增长 30.66%，新产品 23 价肺炎球菌疫苗收入 0.77 亿元。费用端上：公司销售费用率 39.64%，管理费用率 9.21%，研发投入 0.85 亿元，同比增长18.85%，费用率总体保持较为合理水平。四联苗全年有望实现量价齐升，23 价肺炎球菌提供增量收入截止 2020/7/12，公司四联苗累计批签发 367.49 万支，23 价肺炎球菌结合疫苗 167.63 万，Hib 疫苗 122.88 万，其中四联苗上半年批签发 312.19 万，同比增长 245.09%，放量迅速。此外，公司乙肝疫苗已获得《药品补充申请批件》，有望下半年恢复供应。2019H1 疫苗行业整体处于承压状态，批签发量较低，而随着行业的逐步恢复以及国民对于疫苗重要性的认知在疫情下进一步提升，2020 年上半年疫苗行业景气度快速提升，预计公司产品全年高增长可期。 同时公司针对产品进行包装更替，通过预灌封替代西林瓶，四联苗产品定价提高至368 元，产品有望实现量价齐升。新冠疫苗项目即将开展，后续在研疫苗有序推进针对疫情，公司公告将投入 10 亿元实施百旺信应急工程建设项目，建设新冠肺炎疫苗等新型疫苗生产车间和相关配套设施等。目前海外疫情未见消退，全面接种疫苗可能性不断增长，公司提前建设土建项目为后续疫苗生产提供基础。此外，受疫情影响，目前 CDE 对于新冠疫苗重点关注，公司新冠疫苗项目也有望快速开始。公司后续重点产品 13 价肺炎结合疫苗有望 2021 年获批上市，冻干人用狂犬疫苗（2BS）预计下半年提交 BLA，有望 2021 年底获批，在研管线梯队丰富，疫苗研发周期较长，公司研发进程处于行业领先地位，龙头优势将不断显现。投资建议与盈利预测康泰生物是国产疫苗龙头企业，不考虑新冠疫苗收入，受益于疫情刺激下居民自费疫苗接种意识提升，我们提高对公司盈利预期，预计公司 20-22 年营业收入分别为 25.83/40.48/66.42 亿元，归母净利润 8.37/13.04/21.86 亿元，EPS分别为 1.24/1.94/3.25 元/股，对应 PE 为 153/98/58 倍。考虑公司在研管线丰富，未来潜力较大，维持增持评级。风险提示疫苗研发失败风险、新建工程进程存在不确定性、疫苗上市进程存在不确定性、疫苗行业政策风险。,,国元证券,增持,[None],2020-07-21,,增持,4288383,pdf_downloads/2020/2020-07-21/300601-康泰生物（300601）半年报点评：行业景气度提升，二季度收入高速增长.pdf,300601,康泰生物,康泰生物（300601）半年报点评：行业景气度提升，二季度收入高速增长,"{
    ""forecasts"": [
        {
            ""year"": 2020,
            ""net_profit"": 8.37,
            ""eps"": 1.24,
            ""pe"": 153
        },
        {
            ""year"": 2021,
            ""net_profit"": 13.04,
            ""eps"": 1.94,
            ""pe"": 98
        },
        {
            ""year"": 2022,
            ""net_profit"": 21.86,
            ""eps"": 3.25,
            ""pe"": 58
        }
    ]
}",,,153.0,98.0,58.0,,,,1.24,1.94,3.25,
"江琦,赵磊","康泰生物(300601)事件：2020年7月20日，公司发布2020年半年报。2020年上半年公司实现营业收入8.70亿元，同比增长7.7%；实现归母净利润2.60亿元，同比增长0.6%；实现扣非归母净利润2.54亿元，同比增长3.5%。同时，公司公告投资10亿元实施百旺信应急工程建设项目，建设新冠肺炎疫苗等新型疫苗生产车间和生命科学研究院及相关配套设施等。快速恢复至增长，上半年四联苗实现收入6.18亿元、同比增长30.66%。第二季度国内新冠疫情基本得到控制，公司收入和利润快速恢复增长。第二季度单季度实现营业收入6.93亿元、同比增长49%、环比增长291%，归母净利润2.57亿元、同比大幅增长62%。分产品看，2020年上半年公司以四联苗为主的二类苗合计收入8.52亿元（10.36%+），占收入比重达到98%；以乙肝疫苗、麻风疫苗为主的一类苗收入1714.6万元（-50.60%），占收入比重下降至2%。其中，无细胞百白破b型流感嗜血杆菌联合疫苗（四联苗）实现销售收入6.18亿元，同比增长30.66%，23价肺炎疫苗实现销售收入7,701.84万元。上半年生产基本没有受到影响，2020年上半年公司独家四联苗批签发312.19万支，23价肺炎球菌多糖疫苗批签发167.63万支，乙肝疫苗批签发0万支。重组乙型肝炎疫苗（酿酒酵母）变更场地已获批药品补充申请批件，预计下半年有望逐步正常批签发。销售费用率40%左右，存货和应收账款逐步恢复至正常水平。（1）存货占比基本保持稳定，应收账款相比2019Q1有所下降。2020年上半年公司存货2.99亿元、占资产比重为4.02%，占比和2020Q1相比小幅快速下降3.4个百分点；应收账款占收入比重153.8%，和2020Q1相比大幅下降430%。预计主要是疫情得到控制后销售工作快速恢复，回款逐步恢复。（2）2020年上半年公司销售费用3.45亿元、费用率小幅同比提升约2个百分点至39.64%，我们预计主要是疫情后加强销售工作导致。管理费用率和研发费用率分别是9.21%和9.76%。13价肺炎结合疫苗、人狂犬病疫苗（人二倍体细胞）有望在2020年后逐步兑现。（1）13价肺炎球菌疫苗：我们预计13价肺炎球菌疫苗市场空间有望达到71亿元（15%渗透率）。康泰生物13价肺炎球菌疫苗已申报生产进入优先审评，有望在2021年获批。（2）人二倍体狂犬疫苗：公司全套引进赛诺菲·巴斯德技术，升级品种冻干人用狂犬病疫苗（人二倍体细胞）目前已处于临床研究总结阶段，预计有望于2020年下半年申报生产，市场空间在18亿元左右。盈利预测与投资建议：我们预计2020-2022年公司营业收入为24.56、41.05、63.01亿元，同比增长26.37%、67.16%、53.49%，归母净利润为8.20、14.53和23.56亿元，同比增长42.79%、77.13%、62.13%，对应EPS为1.21、2.09、3.31元。公司作为在研产品管线最为丰富的疫苗公司之一，未来三年13价肺炎结合疫苗、人狂犬病疫苗（人二倍体细胞）等重磅产品有望陆续上市，维持“买入”评级。风险提示：核心产品四联苗销售不及预期、竞争加剧的风险，研发进展不及预期的风险，预测前提不及预期导致市场容量测算出现偏差的风险，监管政策趋严的风险。",,中泰证券,买入,[None],2020-07-21,,买入,4288308,pdf_downloads/2020/2020-07-21/300601-康泰生物（300601）：快速恢复，上半年四联苗收入同比增长30.66%.pdf,300601,康泰生物,康泰生物（300601）：快速恢复，上半年四联苗收入同比增长30.66%,"{
    ""forecasts"": [
        {
            ""year"": 2020,
            ""net_profit"": 8.20,
            ""eps"": 1.21,
            ""pe"": null
        },
        {
            ""year"": 2021,
            ""net_profit"": 14.53,
            ""eps"": 2.09,
            ""pe"": null
        },
        {
            ""year"": 2022,
            ""net_profit"": 23.56,
            ""eps"": 3.31,
            ""pe"": null
        }
    ]
}",,,,,,,,,1.21,2.09,3.31,
杜向阳,康泰生物(300601)事件：近日，公司预告2020年上半年归母净利润2.58~2.84亿，同比增长0~10%。疫苗接种恢复带动二季度业绩恢复高增长，四联苗和增量品种支撑全年业绩。分季度，Q2单季度净利润2.56~2.82亿，同比61.4%~77.7%，比一季度净利润水平大幅改善，主要原因是Q2疫苗接种逐渐恢复，相关产品销量逐步增长。上半年四联苗批签发量312万支，大幅增长245%，我们预计销量超过200万支，贡献收入超6亿，比去年同期有所增长，考虑到竞品供应问题和多联苗替代单苗趋势，预计需求持续向好，全年有望超600万支，同比增长40%+；23价肺炎疫苗从去年Q3开始批签发贡献增量，今年上半年批签发168万支，受疫情影响预计上半年销售约40万支，贡献约7500万，随着准入省份的开拓，预计全年销量有望突破200万支。乙肝疫苗受厂房搬迁影响，上半年无批签发，但凭借存货和下半年批签发的恢复，我们预计全年销售量受到的影响很小。核心产品提价贡献利润增量。上半年，公司对主要产品进行了提价，其中四联苗（预充式）中报价上调80元到368元/支，其他产品价格在某些省份也有不同程度的上调，整个提价会在未来几年随着不同省份招标的推进逐渐实施，带动主要品种中标均价的稳步提升。结合量的增加和销售费用率的控制，未来利润端增速将持续快于收入端。在研产品有序推进，2021年开始重磅产品将逐步获批。13价肺炎疫苗目前处于优先审评中，预计2021年初有望获批上市，公司作为国产第二家将分享百亿市场；冻干人用狂犬病疫苗（人二倍体细胞）完成临床试验总结报告，预计下半年有望报产；水痘疫苗、IPV、ACYW135群脑膜炎球菌结合疫苗也有望明年逐步报产；更长远看，EV71、麻腮风水痘四联苗、五联苗研发持续推进，公司的管线价值凸显。盈利预测与投资建议。考虑到明后年13价肺炎疫苗和三代狂犬疫苗放量，预计2020-2022年EPS1.30、2.24、3.35元，维持“买入”评级。风险提示：疫苗安全事件、核心疫苗销售不及预期、研发进度不及预期。,,西南证券,买入,[None],2020-07-13,,买入,4281911,pdf_downloads/2020/2020-07-13/300601-康泰生物（300601）：Q2业绩恢复高增长，在研管线价值持续凸显.pdf,300601,康泰生物,康泰生物（300601）：Q2业绩恢复高增长，在研管线价值持续凸显,"{
    ""forecasts"": [
        {
            ""year"": 2020,
            ""net_profit"": null,
            ""eps"": 1.30,
            ""pe"": null
        },
        {
            ""year"": 2021,
            ""net_profit"": null,
            ""eps"": 2.24,
            ""pe"": null
        },
        {
            ""year"": 2022,
            ""net_profit"": null,
            ""eps"": 3.35,
            ""pe"": null
        }
    ]
}",,,,,,,,,1.3,2.24,3.35,
"周平,崔文亮,蔡承霖",疫情结束后接种恢复推动2020Q2业绩高增长。公司发布2020上半年业绩预告，实现归母净利润2.58-2.84亿元，同比增长0-10%；扣非后归母净利润2.52-2.78亿元，同比增长3-13%。2020Q2单季度实现归母净利润2.56-2.82亿元，同比增长61-78%；扣非后归母净利润2.50-2.76亿元，同比增长68-85%。国内新冠疫情结束后，疫苗接种快速恢复。公司核心产品四联苗和23价肺炎疫苗都迎来了大量的市场需求，预计Q2单季度四联苗销量增长50%左右。从批签发数据来看，上半年四联苗批签发312万支（+245%），23价肺炎疫苗批签发84万支，充足的产能供应有助于推动产品在下半年持续放量销售。四联苗持续高速放量。我国新生儿Hib疫苗接种率仅1/3左右，预计未来接种率有望提升至50%。2019年Hib多联苗的渗透率达到65%，预计未来将提升到80%以上。按照每年1500万新生儿测算，Hib多联苗年销量有望达到2400万支，还有75%的成长空间。康泰生物四联苗未来市占率有望达到40%，对应年销量960万支和销售收入26亿元。2019年公司四联苗销量约435万支，还有翻倍的成长空间。研发梯队丰富，重磅产品陆续获批。在研项目众多，产品梯队齐全。公司有超过20个品种处于研发阶段。13价肺炎疫苗处于优先审评阶段，预计2020年底或2021年初有望获批上市。人二倍体狂犬疫苗即将申报生产，预计2021年获批。ACYW135群脑膜炎结合疫苗处于临床数据总结中，霍乱疫苗和EV71疫苗处于临床试验阶段，百白破-脊灰-Hib五联苗、HPV疫苗、五价轮状疫苗处于临床前研究阶段。投资建议预计2020-2022年归母净利润为8.22/12.93/22.03亿元，PE分别为149/94/55倍，维持“买入”评级。风险提示核心产品销售低于预期；新产品研发低于预期。,,华西证券,买入,[None],2020-07-13,,增持,4281347,pdf_downloads/2020/2020-07-13/300601-康泰生物（300601）：疫情后接种恢复，推动业绩高增长.pdf,300601,康泰生物,康泰生物（300601）：疫情后接种恢复，推动业绩高增长,"{
    ""forecasts"": [
        {
            ""year"": 2020,
            ""net_profit"": 8.22,
            ""eps"": null,
            ""pe"": 149
        },
        {
            ""year"": 2021,
            ""net_profit"": 12.93,
            ""eps"": null,
            ""pe"": 94
        },
        {
            ""year"": 2022,
            ""net_profit"": 22.03,
            ""eps"": null,
            ""pe"": 55
        }
    ]
}",,,149.0,94.0,55.0,,,,,,,
谢长雁,康泰生物(300601)费用管控优秀，盈利能力提升2019年康泰生物实现营收19.43亿元（-3.65%），归母净利润5.75亿元（+31.86%），经营性现金流净额5.06亿元（+50.29%），业绩快速增长得益于公司优秀的费用管控。19年全年销售费用率大幅下降至40.4%（-9.4pp），管理费用率19.0%（+2.5pp）。受到新冠疫情和股权激励摊销成本增加的影响，2020年一季度营收1.77亿元（-48.12%），归母净利润242万元（-97.57%）。四联苗批签发正常，疫情影响逐渐消除公司的核心产品四联苗2019年全年共批签发477万支（-7.4%），2020年一季度批签发155万支（+136.2%），占去年批签发的32%，主力产品的批签发并未受到影响。随着疫情逐步得到控制，接种点恢复预约接种，预计二季度业绩有恢复性的增长，疫情对全年业绩影响有限。此次疫情大幅提升民众对疫苗的认知，利好行业的长期发展。最强研发管线，重磅品种2021年登陆市场公司的两大重磅在研品种均取得进展：13价肺炎结合苗已提交上市申请并纳入优先审评，预计将在今年底或明年初上市；人二倍体狂苗临床研究阶段工作顺利完成并获得临床试验总结报告。另有大单品百白破-IPV-Hib五联苗和麻腮风-水痘四联苗处于临床前阶段。公司在研管线丰富，且对标海外，重磅品种上市后，公司将在2021年迎来爆发。风险提示：创新品种临床进度不及预期，疫情影响产品销售，行业安全性事件投资建议：维持“增持”评级由于公司费用管理优秀，且疫情过后疫苗接种需求有望提升，我们上调2020~21年盈利预测（原值6.54/12.14亿元），新增2022年盈利预测，预计2020~22年归母净利润为8.03/13.94/20.42亿元，同比增长39.7%/73.6%/46.5%，对应当前股价PE为108/62/42x，维持“增持”评级。,,国信证券,增持,[None],2020-05-06,,增持,4233913,pdf_downloads/2020/2020-05-06/300601-康泰生物（300601）2019年年报及2020年一季报点评：一季度波动不影响全年高增长.pdf,300601,康泰生物,康泰生物（300601）2019年年报及2020年一季报点评：一季度波动不影响全年高增长,"{
    ""forecasts"": [
        {
            ""year"": 2020,
            ""net_profit"": 8.03,
            ""eps"": null,
            ""pe"": 108
        },
        {
            ""year"": 2021,
            ""net_profit"": 13.94,
            ""eps"": null,
            ""pe"": 62
        },
        {
            ""year"": 2022,
            ""net_profit"": 20.42,
            ""eps"": null,
            ""pe"": 42
        }
    ]
}",,,108.0,62.0,42.0,,,,,,,
"孙建,盛丽华",康泰生物(300601)一、事件概述公司公布 2019 年报以及 2020 年一季报， 2019 年公司实现营业总收入 19.43 亿元（ -3.65%） ;归母净利润为 5.75 亿元（ +31.9%）， 处在业绩预告范围内。 2020 年 1 季度营业收入 1.77 亿元（ -48.1%），归母净利润 242 万（ -97.6%），扣非 256 万（ -97.4%），经营性活动净现金流-7.6 亿元（ -587%）。二、分析与判断2019 年销售费用率下降，利润端快速增长。2019 年销售收入下滑预计与老厂搬迁， 导致部分品种销售下滑有关。分品种来看， 四联苗销售收入 11.8 亿元（ +1.69%）， 60μg 乙肝疫苗销售收入 1.8 亿元（ +23.9%） ;销售费用率为 40.4%，同比下降 94.4pp， 主要是营销调整以及公司在四联苗议价权能力提升的原因。 管理费用率 8.8%， 提升 1.1PCT。Q1 受疫情影响业绩大幅下滑。Q1 受疫情影响预防接种工作暂停， 根据草根调研情况， 3 月中旬二类苗开始恢复预约接种，随着疫苗补种接种逐渐恢复，公司的经营业绩也将逐步改善。 预计 2020 年四联苗需求仍强劲， 23 价肺炎成为有望成为新的收入和利润增长点，截至 2019 年底，招标准入省份达 17 个，市场前景良好。在研产品进入收获期。13 价肺炎球菌结合疫苗已申报生产，有望于 2020 年底或 2021 年获批， 冻干人用狂犬病疫苗(人二倍体细胞)已获得临床总结报告，准备申请注册批件，有望于 2021 年获批生产。四价流脑结合疫苗处于临床总结阶段， IPV 疫苗处于临床 III 期。此外，在研品种还包括五联苗、 组分百白破疫苗、带状疱疹疫苗、麻腮风水痘疫苗、五价轮状疫苗等。三、 投资建议：我们预计公司 2020-2022 年归母净利润同比增速分别为 43.8%/64.4%/57.9%，对应EPS 分别为 1.28/2.11/3.33 元，当前股价对应 21 年 PE 估值 65X 左右，近两年估值中枢在 80 倍以上。 四联苗销售形势良好； 公司销售费用进一步下降，盈利能力提升； 大品种 13 价肺炎结合疫苗和二倍体狂犬有望很快上市， 驱动业绩高速增长；公司作为国内研发管线最为丰富的疫苗企业， 且即将进入收获期， 发展空间广阔，给予“推荐”评级。四、风险提示：四联苗销售不及预期， 研发进展不及预期， 疫情对全年业绩影响超预期,,民生证券,推荐,[None],2020-04-30,上调评级,增持,4230368,pdf_downloads/2020/2020-04-30/300601-康泰生物（300601）2019年报及2020年1季报点评：销售费用增加影响利润，血制品将处于景气度持续上升趋势.pdf,300601,康泰生物,康泰生物（300601）2019年报及2020年1季报点评：销售费用增加影响利润，血制品将处于景气度持续上升趋势,"{
    ""forecasts"": [
        {
            ""year"": 2020,
            ""net_profit"": null,
            ""eps"": 1.28,
            ""pe"": 65
        },
        {
            ""year"": 2021,
            ""net_profit"": null,
            ""eps"": 2.11,
            ""pe"": null
        },
        {
            ""year"": 2022,
            ""net_profit"": null,
            ""eps"": 3.33,
            ""pe"": null
        }
    ]
}",,,65.0,,,,,,1.28,2.11,3.33,
刘建宏,"康泰生物(300601)事件描述公司发布2019年度及2020年一季度报告，2019年公司实现营业收入19.43亿元，同比下降3.65%，实现归属于上市公司股东的净利润5.75亿元，同比增长31.86%。2020年一季度公司实现营业收入1.77亿元，同比下降48.12%，实现归属于上市公司股东的净利润242.42万元，同比下降97.57%。事件点评2019年核心产品销售均有不同增长，疫情与激励摊销拖累2020Q1业绩。2019年公司独家产品60μg乙型疫苗实现收入1.82亿元，同比增长23.93%，百白破-Hib四联苗实现收入117,962.84万元，同比增长1.69%，核心产品销售均有不同增长。费用方面，通过积极控制，公司销售费用率明显下降，同比减少9.47个百分点。2020Q1公司业绩出现下滑，主要由于：受疫情防控措施影响，公司疫苗产品销量下降；公司股票期权激励摊销成本较去年同期增加。目前随着国内疫情得到控制，疫苗接种已逐渐恢复，2020Q1公司百白破-Hib四联苗批签发155万支，已超2019年H1批签发量，23价肺炎疫苗已上市成为公司新的收入与利润增长点，预计公司业绩有望快速恢复增长。研发投入持续加大，多个重磅品种进展顺利。2019年公司研发投入2.15亿元，同比增长21.88%。公司研发实力领先，通过持续的研发创新，现已形成产品线丰富、产品结构优良且具有良好市场前景的疫苗产品梯队。目前公司拥有在研项目30余项，多个品种进展顺利：13价肺炎疫苗已纳入国家药品监督管理局药品审评中心优先审评，上市在望；狂犬病疫苗（人二倍体细胞）临床研究阶段工作顺利完成并获得临床试验总结报告，即将申报生产；IPV即将开展III期临床；EV71II期临床试验进行中；五联苗、五价轮状病毒疫苗、麻腮风水痘四联苗等重磅新型疫苗正在开展临床前研究。实施再融资项目，助力公司发展。2019年，为实现公司整体业务的持续发展，公司拟非公开发行股票募集资金不超过30亿元，用于民海生物新型疫苗国际化产业基地建设项目（一期）和补充流动资金。本次非公开发行股票申请已于2019年12月获得中国证监会的核准批复，目前在实施过程中。投资建议预计公司2020-2022年EPS分别为1.27\2.13\3.31元，对应公司4月28日收盘价137.20元，2020-2022年PE分别为108.4\64.5\41.4倍，维持“增持”评级。存在风险药品安全风险；行业政策风险；市场竞争风险；研发不达预期的风险，新冠肺炎疫情风险。",,山西证券,增持,[None],2020-04-29,,增持,4229952,pdf_downloads/2020/2020-04-29/300601-康泰生物（300601）：业绩有望快速恢复增长，研发产品值得期待.pdf,300601,康泰生物,康泰生物（300601）：业绩有望快速恢复增长，研发产品值得期待,"{
    ""forecasts"": [
        {
            ""year"": 2020,
            ""net_profit"": null,
            ""eps"": 1.27,
            ""pe"": 108.4
        },
        {
            ""year"": 2021,
            ""net_profit"": null,
            ""eps"": 2.13,
            ""pe"": 64.5
        },
        {
            ""year"": 2022,
            ""net_profit"": null,
            ""eps"": 3.31,
            ""pe"": 41.4
        }
    ]
}",,,108.4,64.5,41.4,,,,1.27,2.13,3.31,
"朱国广,杜向阳",康泰生物(300601)事件：公司发布2019年年报和2020年一季报，2019年公司实现营收19.4亿元，同比下滑3.6%，实现归母净利润5.7亿元，同比增长31.9%；2020Q1，公司实现营收1.77亿元，同比下滑48.1%，实现归母净利润242万元，同比下滑97.6%。疫情不改全年高增长趋势，定增奠定中长期发展基础。2019年，我们预计四联苗销售接近450万支，60ug乙肝销售预计超80万支，公司核心品种销售依然强劲。在销售费用率方面，2019年销售费用率为40.4%，同比减少9.5个百分点。2020Q1，受新冠疫情影响，全国各地疫苗接种门诊也先后采取多种方式防控疫情，公司产品接种受到影响，此外，股票期权激励摊销成本较去年同期也有所增加，从而影响公司2020Q1业绩，随着4月份接种点逐步恢复，预计公司Q2开始有望恢复较快增长。公司与12名认购对象签订非公开发行股票认购协议，拟发行2727万股，发行价为110元/股，拟募集30亿资金用于民海生物新型疫苗国际化产业基地建设项目及补充流动资金，利好公司中长期发展。疫苗产品管线国内最强，即将进入兑现期。通过自研+对外合作，公司目前已构建国内最丰富的疫苗产品梯队。1）13价肺炎疫苗：目已纳入优先审批资格，预计2020年底或2021年初有望获批。2）冻干人二倍体狂犬：已获得临床研究总结报告，目前准备申请药品注册批件，预计将于2021年获得生产批件；3）冻干水痘减毒活疫苗：目前已完成Ⅲ期临床研究现场工作；4）麻腮风-水痘：有望成为重磅品种，目前处于临床前阶段。我们认为随着公司研发进度的不断推进，以及后续众多重磅在研品种陆续上市，公司即将进入兑现期。盈利预测与评级。考虑到Q2疫苗接种全面恢复，公司全年高增长趋势不改，我们预计2020-2022年公司业绩分别为8.3/15.3/21.3亿元，对应当前估值为107/58/42倍，考虑到公司在研产品管线丰富，多个重磅产品持续推进，维持“买入”评级。风险提示：研发速度或不及预期；四联苗放量不及预期的风险；再次出现行业安全事件影响消费者信心的风险。,,西南证券,买入,[None],2020-04-29,,买入,4229489,pdf_downloads/2020/2020-04-29/300601-康泰生物（300601）：疫情不改全年高增长趋势，定增奠定中长期发展基础.pdf,300601,康泰生物,康泰生物（300601）：疫情不改全年高增长趋势，定增奠定中长期发展基础,"{
    ""forecasts"": [
        {
            ""year"": 2020,
            ""net_profit"": 8.3,
            ""eps"": null,
            ""pe"": 107
        },
        {
            ""year"": 2021,
            ""net_profit"": 15.3,
            ""eps"": null,
            ""pe"": 58
        },
        {
            ""year"": 2022,
            ""net_profit"": 21.3,
            ""eps"": null,
            ""pe"": 42
        }
    ]
}",,,107.0,58.0,42.0,,,,,,,
"周新明,王睿","康泰生物(300601)事件：公司公告2019年年报，全年实现营业收入19.43亿元，同比减少3.65%；归母净利润5.75亿元，同比增长31.86%；经营性现金流5.06亿元，同比增长50.29%。同时公司披露2020年第一季报，2020Q1公司实现营业收入1.77亿元，同比下降48.12%；归母净利润242.42万元，同比下降97.57%；经营性现金流-7552.77万元，同比下降587.17%2019年收入端有所下滑，利润端仍保持较快增长：2019年公司核心四联苗产品上半年批签发数量下滑，仅批签发90万支，下半年批签发387万支，同比增长22%。全年四联苗批签发477万支，同比下滑7.3%。全年实现销售收入11.8亿元，同比增长4.7%，销量430万支左右。四联苗恢复正常批签发后预计今年将持续增长。公司23价肺炎疫苗批签发89万只，新冠疫情下居民接种意识有望提升，预计今年23价有望持续贡献业绩。乙肝疫苗受到厂房搬迁影响批签发有所下滑，2019年批签发2141万支，同比下滑41.9%，对收入端下滑影响直接。公司收入端虽有下滑，但利润端仍保持较快增长，主要因为销售费用下滑所致；公司2019年全年销售费用率为40.37%，同比下降9.48个百分点；随着公司大品种产品的陆续获批销售规模提升，销售费用率有望持续下降。Q1业绩受疫情影响下滑，预计全年受疫情影响有限。2020Q1业绩下滑主要是受到疫情影响，国内疫苗接种短期停滞，公司产品销量下降。公司四联苗Q1实现收入1.77亿元，同比下滑48.12%。同时公司实施股权激励项目，股权激励摊销较去年同期增加近3000万。随着国内疫情逐步得到控制，全国各地也出台免疫规划疫苗接种相关指导意见，疫苗接种逐渐恢复，Q2公司或将迎来集中补种潮。需求刚性、竞争优势明显的四联苗品种销售有望出现明显反弹，公司业绩有望逐步回升，预计全年受疫情影响有限。国内疫苗研发管线最为丰富的企业之一，未来2—3年新品种集中上市：公司在研品种超20个，重磅产品研发进度推进顺利，13价肺炎疫苗已报产处于优先审评阶段，预计2020年底或2021年初获批上市。人二倍体狂犬疫苗已于去年8月完成III期临床试验总结报告，即将申报生产，预计2021年初获批，为国内第二家上市。目前国内狂犬疫苗供应紧张，公司产品上市后有望形成市场替代快速放量。此外，公司IPV已纳入优先审评，ACYW135群脑膜炎结合疫苗处于临床数据总结中，EV71疫苗处于临床试验阶段，五联苗、五价轮状疫苗等重磅产品正在开展临床前研究。随着在研品种的陆续上市，公司业绩有望迎来高速增长。战略合作研发新冠DNA疫苗：公司与艾棣维欣（苏州）生物制药有限公司签署了《战略合作协议书》，共同致力于研发新冠DNA疫苗。艾棣维欣已与美国Inovio疫苗合作开发新冠DNA疫苗，Inovio是首家将针对相关冠状病毒MERS-CoV的疫苗(INO-4800)用于人体试验的公司之一。Inovio是全球DNA治疗性疫苗研究进度最靠前的公司,已将精准设计的DNA药物推向市场,用于治疗、护理和/或预防HPV、癌症和传染疾病。目前INO-4800已于4月3日开始临床试验,预计能在夏末之前得出初步数据。康泰与艾棣维欣合作，有利于加快新冠DNA疫苗研发上市进程，也有利于加强公司创新疫苗的研发实力。此外此次新冠疫情短期内会导致部分疫苗接种推迟，长期看人们对于疫苗接种意识将有所提高，预计13价肺炎、23价肺炎、流感疫苗等疫苗接种率有所提升。投资建议：公司目前在研项目无论是梯队深度还是商业化价值均处于业内领先位置，尤其在联苗领域先发优势明显，随着四联苗渗透率的不断提升及重磅产品的逐步上市，公司业绩有望持续增长。我们公司预测2020年至2022年每股收益分别为1.2元、1.95元和3.26元，维持公司增持-A建议。风险提示：疫情变化的风险，核心产品四联苗销售不及预期、竞争加剧的风险，研发进展不及预期的风险，政策风险",,华金证券,增持-A,[None],2020-04-29,,增持,4229409,pdf_downloads/2020/2020-04-29/300601-康泰生物（300601）：一季度短期受疫情影响较大，全年业绩依然可期.pdf,300601,康泰生物,康泰生物（300601）：一季度短期受疫情影响较大，全年业绩依然可期,"{
    ""forecasts"": [
        {
            ""year"": 2020,
            ""net_profit"": null,
            ""eps"": 1.2,
            ""pe"": null
        },
        {
            ""year"": 2021,
            ""net_profit"": null,
            ""eps"": 1.95,
            ""pe"": null
        },
        {
            ""year"": 2022,
            ""net_profit"": null,
            ""eps"": 3.26,
            ""pe"": null
        }
    ]
}",,,,,,,,,1.2,1.95,3.26,
"周平,崔文亮,蔡承霖",康泰生物(300601)2019年业绩快速增长，2020Q1受疫情影响下滑。2019年报实现收入19.43亿元（-4%）、归母净利润5.75亿元（+32%）、扣非后归母净利润5.29亿元（+28%）。2020年一季报实现收入1.77亿元（-48%）、归母净利润242万元（-98%）、扣非后归母净利润256万元（-97%）。非公开发行价格为110元/股，发行2727万股，募集资金总额30亿元。2019年核心产品四联苗实现收入11.80亿元（+2%），对应销量约400-450万支。Q1业绩下滑，主要是因为新冠疫情导致疫苗销售和接种受到影响。Q2以来疫苗接种逐步恢复正常，疫苗接种率有望进一步提升。四联苗持续高速放量。我国新生儿Hib疫苗接种率仅1/3左右，预计未来接种率有望提升至50%。2019年Hib多联苗的渗透率达到65%，预计未来将提升到80%以上。按照每年1500万新生儿测算，Hib多联苗年销量有望达到2400万支，还有75%的成长空间。康泰生物四联苗未来市占率有望达到40%，对应年销量960万支和销售收入26亿元。2019年公司四联苗销量约435万支，还有翻倍的成长空间。研发梯队丰富，重磅产品陆续获批。在研项目众多，产品梯队齐全。公司有超过20个品种处于研发阶段。13价肺炎疫苗处于优先审评阶段，预计2020年底或2021年初有望获批上市。人二倍体狂犬疫苗即将申报生产，预计2021年获批。ACYW135群脑膜炎结合疫苗处于临床数据总结中，霍乱疫苗和EV71疫苗处于临床试验阶段，百白破-脊灰-Hib五联苗、HPV疫苗、五价轮状疫苗处于临床前研究阶段。投资建议根据年报进行调整，预计2020-2022年归母净利润为8.22/12.93/22.03亿元（2020-2021原预测值为8.36/12.57亿元），PE分别为107/68/40倍，维持“买入”评级。风险提示核心产品销售低于预期；新产品研发低于预期。,,华西证券,买入,[None],2020-04-29,,增持,4228567,pdf_downloads/2020/2020-04-29/300601-康泰生物（300601）：四联苗高速放量，研发管线持续推进.pdf,300601,康泰生物,康泰生物（300601）：四联苗高速放量，研发管线持续推进,"{
    ""forecasts"": [
        {
            ""year"": 2020,
            ""net_profit"": 8.22,
            ""eps"": null,
            ""pe"": 107
        },
        {
            ""year"": 2021,
            ""net_profit"": 12.93,
            ""eps"": null,
            ""pe"": 68
        },
        {
            ""year"": 2022,
            ""net_profit"": 22.03,
            ""eps"": null,
            ""pe"": 40
        }
    ]
}",,,107.0,68.0,40.0,,,,,,,
"江琦,赵磊",康泰生物(300601)事件：2020 年 4 月 28 日，公司发布 2019 年年报及 2020 年一季报。2019年公司实现营业收入 19.43 亿元，同比下滑 3.65%；实现归母净利润 5.75亿元，同比增长 31.86%；扣非归母净利润 5.29 亿元，同比增长 27.87%。2020 年第一季度实现营业收入 1.77 亿元，同比减少 48.12%；实现归母净利润为 242.42 万元，同比减少 97.57%；实现扣非归母净利润 256.41万元，同比减少 97.34%。四联苗平稳增长、下半年快速恢复，全年实现 11.80 亿元。以四联苗为主的二类苗合计收入18.47 亿元（-3%），占收入比重达到95%，毛利率93.7%、保持稳定。以乙肝疫苗、麻风疫苗为主的一类苗实现收入 9557.6 万元（-12.2%），占收入比重下降至 5%，毛利率 50.88%、提升 4.7 个百分点。核心产品四联苗实现收入 11.80 亿元、同比增长 1.7%，占收入比重进一步提升至 61%。我们预计贡献净利润水平超过 70%。分季度看，2019 年第四季度收入和利润分别为 5.49 亿元（6.22%+）、1.44 亿元（141.49%+）。2019 年下半年公司四联苗生产量和批签发量快速上升，销量实现较快增长；同时由于 2018 年下半年狂苗事件导致同期基数较低，2019 年下半年同比实现大幅增长。2020 年第一季度受新冠疫情影响，四联苗销售及发货受到较大影响。同时，受《2019 年股票期权激励计划》在 2019 年下半年开始产生费用摊销，影响 2020Q1 利润增长。我们预计 3 月份以来四联苗销售逐步恢复，需求刚性、全年四联苗有望逐步恢复。收入规模扩大及优化销售模式，2019 年销售费用率下降至 40.37%。2019年公司期末存货余额 2.29 亿元、占资产比重为 5.79%，和 2018 年末相比基本保持稳定。应收账款及票据占收入比重和 2018 年末相比上升 8 个百分点至 54.1%，期末余额 10.29 亿元、随收入保持增长。2019 年公司销售费用率进一步下降至 40.37%，下降超过 9 个百分点；销售费用 7.84 亿元，同比下降 21.96%，销售模式逐步优化后控费提效显著。管理费用率 2019年 8.79%、提升 1 个百分点，研发费用率 10.20%、提升 1.4 个百分点。13 价肺炎结合疫苗、人狂犬病疫苗（人二倍体细胞）有望在 2020 年后逐步兑现。 （1）13 价肺炎球菌疫苗：我们预计 13 价肺炎球菌疫苗市场空间有望达到 71 亿元（15%渗透率）。康泰生物 13 价肺炎球菌疫苗已申报生产进入优先审评。 （2）人二倍体狂犬疫苗：公司全套引进赛诺菲·巴斯德技术，升级品种冻干人用狂犬病疫苗（人二倍体细胞）目前已处于临床研究总结阶段，预计有望于 2020 年申报生产，市场空间在 18 亿元左右。盈利预测与投资建议：我们预计 2020-2022 年公司营业收入为 26.19、43.30、65.71 亿元，同比增长 34.75%、65.36%、51.75%，归母净利润为 8.32、14.34 和 23.59 亿元，同比增长 44.89%、72.28%、64.49%，对应 EPS 为 1.28、2.15、3.45 元。公司作为在研产品管线最为丰富的疫苗公司之一，未来三年 13 价肺炎结合疫苗、人狂犬病疫苗（人二倍体细胞）等重磅产品有望陆续上市，维持“买入”评级。风险提示：核心产品四联苗销售不及预期、竞争加剧的风险，研发进展不及预期的风险，预测前提不及预期导致市场容量测算出现偏差的风险，监管政策趋严的风险,,中泰证券,买入,[None],2020-04-29,,买入,4228315,pdf_downloads/2020/2020-04-29/300601-康泰生物（300601）：净利润增长32%，13价肺炎疫苗等大品种进入上市倒计时.pdf,300601,康泰生物,康泰生物（300601）：净利润增长32%，13价肺炎疫苗等大品种进入上市倒计时,"{
    ""forecasts"": [
        {
            ""year"": 2020,
            ""net_profit"": 8.32,
            ""eps"": 1.28,
            ""pe"": null
        },
        {
            ""year"": 2021,
            ""net_profit"": 14.34,
            ""eps"": 2.15,
            ""pe"": null
        },
        {
            ""year"": 2022,
            ""net_profit"": 23.59,
            ""eps"": 3.45,
            ""pe"": null
        }
    ]
}",,,,,,,,,1.28,2.15,3.45,
常启辉,事件：公司公告2019年年报，报告期内实现营业收入19.43亿元，同比下降3.65%，归母净利润5.75亿元，同比增长31.86%，扣非归母净利润为3.29亿元，同比增长27.87%。公司公告2020Q1季报，报告期内实现营业收入1.77亿元，同比下降48.12%，归母净利润242.42万元，同比下降97.57%，扣非归母净利润为256.41万元，同比下降97.34%。疫情影响二类苗接种，收入端短期受限公司2019年Q1-Q4分别实现收入3.42亿元（+26.74%），4.66亿元（+15.29%），5.87亿元（+14.49%），5.49亿元（+11.69%），主要产品四联苗实现收入11.80亿元（+1.69%），2020Q1实现收入1.77亿元（-48.12%），主要由于疫情期间二类苗接种受限，导致公司收入端出现下滑，预计随着疫苗接种活动的恢复以及公司产品线的拓宽，全年销售额有望恢复正常水平。一季度公司经营活动现金流量净额-0.76亿元，同比下降587.17%，主要原因为疫情影响公司回款速度。2019年销售费用率显著下降，2020Q1受股权激励影响利润下降2019/2020Q1公司毛利率分别为91.58%/91.61%，销售费用率40.37%（-9.47pct）/47.52%，管理费用率8.79%/20.40%，研发投入1.98/0.35亿元，同比增长11.49%/29.42%。2019年实现净利率29.56%（+7.96pct），费用改善显著，销售费用率明显下降，从而提高盈利能力。2020Q1由于管理费用受股权激励摊销影响，导致净利润呈现较大幅度下降趋势。四联苗全年有望恢复增长，在研疫苗进展顺利2019年公司四联苗批签发477.29万（-7.35%），乙肝疫苗2140.69万（-33.44%），PPV2389.26万，Hib疫苗89.26万，而赛诺菲的五联苗2019年批签发为459.54万。2020Q1公司已获四联苗批签发155万，竞品五联苗批签发104.74万，公司产品进一步放量，随着疫情影响逐渐消失，疫苗接种恢复正常秩序，公司产品有望进一步提高市占率。此外，公司百白破联合疫苗获批上市，PCV13已提交上市并纳入优先审评，冻干人用狂犬疫苗、水痘减毒活疫苗等已完成III期临床，产品线将进一步丰富。投资建议与盈利预测康泰生物是国产疫苗龙头企业，预计公司20-22年营业收入分别为22.98/40.36/64.85亿元，归母净利润6.67/12.45/20.65亿元，EPS分别为1.03/1.93/3.20元/股，对应PE为132/71/43倍。考虑公司PCV13有望年底获批，21年开始贡献收入，维持“增持”评级。风险提示疫苗研发存在风险、疫苗上市进程存在不确定性；疫苗监管政策风险。,,国元证券,增持,[None],2020-04-28,,增持,4227687,pdf_downloads/2020/2020-04-28/300601-康泰生物（300601）2019年报、2020Q1季报点评：一季度疫情影响较大，静待后续重磅品种面世.pdf,300601,康泰生物,康泰生物（300601）2019年报、2020Q1季报点评：一季度疫情影响较大，静待后续重磅品种面世,"{
    ""forecasts"": [
        {
            ""year"": 2020,
            ""net_profit"": 6.67,
            ""eps"": 1.03,
            ""pe"": 132
        },
        {
            ""year"": 2021,
            ""net_profit"": 12.45,
            ""eps"": 1.93,
            ""pe"": 71
        },
        {
            ""year"": 2022,
            ""net_profit"": 20.65,
            ""eps"": 3.20,
            ""pe"": 43
        }
    ]
}",,,132.0,71.0,43.0,,,,1.03,1.93,3.2,
"周平,崔文亮,蔡承霖",康泰生物(300601)四联苗持续高速放量，23价肺炎疫苗增厚业绩。我国新生儿Hib疫苗接种率仅1/3左右，随着家长健康意识提升和各企业加大学术推广，预计未来接种率有望提升至50%。2019年Hib多联苗的渗透率达到65%，预计未来将提升到80%以上。按照每年1500万新生儿测算，Hib多联苗年销量有望达到2400万支，还有75%的成长空间。康泰生物四联苗未来市占率有望达到40%，对应年销量960万支和销售收入26亿元。2019年公司四联苗销量约435万支，还有翻倍的成长空间。23价肺炎多糖疫苗主要接种人群为2岁以上儿童和老年人，接种率还有巨大的提升空间。康泰23价肺炎多糖疫苗于2019年开始上市销售，未来峰值有望达到400万支，贡献收入超过7亿元。研发梯队丰富，重磅产品陆续获批。重磅产品陆续获批显著增厚业绩。13价肺炎疫苗处于优先审评阶段，预计2020年底或2021年初有望获批上市，为国内第三家上市，峰值销售额有望达到32亿元。人二倍体狂犬疫苗即将申报生产，预计2021年初获批，为国内第二家上市，峰值销售额有望达到19亿元。在研项目众多，产品梯队齐全。公司有超过20个品种处于研发阶段，重磅品种包括ACYW135群脑膜炎结合疫苗处于临床数据总结中，霍乱疫苗和EV71疫苗处于临床试验阶段，百白破-脊灰-Hib五联苗、HPV疫苗、五价轮状疫苗处于临床前研究阶段。公司研发项目持续推进，提升公司长期业绩和估值空间。持续看好公司发展前景，维持买入评级。预计2010-2021年归母净利润分别为8.36/12.57亿元，分别增长46%/50%，PE分别为100/67倍。公司业绩持续高增长，重磅产品陆续获批。维持“买入”评级。风险提示产品销售低于预期；疫苗研发进度低于预期。,,华西证券,买入,[None],2020-04-21,,增持,4218874,pdf_downloads/2020/2020-04-21/300601-康泰生物（300601）：四联苗持续放量，重磅品种进入收获期.pdf,300601,康泰生物,康泰生物（300601）：四联苗持续放量，重磅品种进入收获期,"{
    ""forecasts"": [
        {
            ""year"": 2021,
            ""net_profit"": 12.57,
            ""eps"": null,
            ""pe"": 67
        }
    ]
}",,,,67.0,,,,,,,,
"江琦,赵磊","事件：2020年3月25日，公司发布2020年第一季度业绩预告。2020年预计实现归母净利润0万元-1,495.81万元，同比下滑100%-85%。新冠疫情冲击叠加股权激励费用同比大幅增长影响一季度表现，全年有望恢复。2020年第一季度受新冠疫情影响，2月份以来各地采取交通管制等措施，四联苗销售及发货受到较大影响。同时，受《2019年股票期权激励计划》在2019年4月首次授予、下半年开始产生费用摊销，2020年第一季度股权激励摊销同比大幅增加（全年预计1.17亿元左右）。3月份随着国内新冠疫情逐步得到控制，同时各地相继出台免疫规划疫苗接种相关指导意见，社区卫生服务中心采用预约制有序恢复接种工作。我们预计3月份以来四联苗销售逐步恢复，需求刚性、全年四联苗有望逐步恢复。展望2020年，受益于竞争格局优化、联苗替代率上升、产品升级等四联苗有望继续实现稳定增长。战略合作开发新型冠状病毒核酸疫苗，助力攻克疫情。公司与艾棣维欣（苏州）生物制药有限公司签署《战略合作协议书》，拟发挥各自优势共同致力于研发新冠状病毒DNA疫苗（核酸疫苗）。艾棣维欣此前已与InovioPharmaceuticals合作推进在中国开发针对新冠病毒的INO-4800疫苗，具备一定的研发实力和基础。作为新型疫苗研发技术的，核酸疫苗临床前研究周期相对较短、产业化难度低，在应对突发传染病上有一定优势。该项目的推进有望为疫情防控积极贡献力量。在研重磅产品顺利推进研发进度，13价肺炎疫苗已报产正式进入优先审评，冻干人用狂犬病疫苗（人二倍体细胞）获得临床试验总结报告，预计2020年-2021年有望逐步上市，2021年起大品种有望逐步贡献收入。盈利预测与投资建议：我们预计2019-2021年公司营业收入为19.43、27.58、43.59亿元，同比下滑3.66%、增长41.93%和增长58.07%，归母净利润为5.73、7.88、13.50亿元，同比增长31.42%、37.68%、71.21%，对应EPS为0.89、1.19、1.99元。公司作为在研产品管线最为丰富的疫苗公司之一，未来二年13价肺炎疫苗、人二倍体狂苗等重磅产品有望陆续上市，维持“买入”评级。风险提示：疫情变化的风险，核心产品四联苗销售不及预期、竞争加剧的风险，研发进展不及预期的风险，预测前提不及预期导致市场容量测算出现偏差的风险，监管政策趋严的风险。",,中泰证券,买入,[None],2020-03-26,,买入,4197039,pdf_downloads/2020/2020-03-26/300601-康泰生物（300601）：新冠疫情冲击导致一季度下滑，全年有望逐步恢复.pdf,300601,康泰生物,康泰生物（300601）：新冠疫情冲击导致一季度下滑，全年有望逐步恢复,"{
    ""forecasts"": [
        {
            ""year"": 2019,
            ""net_profit"": 5.73,
            ""eps"": 0.89,
            ""pe"": null
        },
        {
            ""year"": 2020,
            ""net_profit"": 7.88,
            ""eps"": 1.19,
            ""pe"": null
        },
        {
            ""year"": 2021,
            ""net_profit"": 13.50,
            ""eps"": 1.99,
            ""pe"": null
        }
    ]
}",,,,,,,,0.89,1.19,1.99,,
"周平,崔文亮,蔡承霖",四联苗高速放量，有望实现量价齐升。公司发布2019年业绩快报，实现收入19.43亿元（-4%）；归母净利润5.73亿元（+32%）。Q4单季度实现归母净利润1.42亿元，同比增长141%，Q1-Q4单季度利润增速明显加快。公司核心产品为百白破-Hib四联苗，2019年批签发477万支，同比下降约7%，上半年由于疫苗行业负面影响，批签发数量下滑，下半年恢复正常。估计2019年四联苗销量400-450万支，贡献收入约11-12亿元。四联苗有望实现量价齐升。从量来看，Hib疫苗接种率有望提升至50%，多联苗占比80%，其中康泰市占率不低于30%，按照每年1500万新生儿测算，康泰峰值销量有望超过720万支。从价来看，预灌封产品推出市场，将逐步替代现有产品，中标价高15-20%。据此测算，四联苗峰值收入有望达到23亿元。重磅产品陆续获批，研发梯队丰富。重磅产品陆续获批显著增厚业绩。13价肺炎疫苗处于优先审评阶段，预计2020年底有望获批，为国产第二家上市，峰值收入有望达到32亿元。人二倍体狂犬疫苗即将申报生产，预计2021年初获批，为国内第二家上市，峰值收入有望达到14亿元。在研项目众多，产品梯队齐全。研发梯队中包括五联苗、五价轮状疫苗、百白破组分疫苗、ACYW135流脑结合疫苗、脊灰疫苗等众多大品种。研发持续推进，提升业绩成长空间和估值水平。投资建议预计公司2020-2021年归母净利润分别为8.36亿元/12.57亿元，分别增长46%/50%，PE分别为86/57倍。考虑到公司四联苗高速放量，13价肺炎疫苗和人二倍体狂犬疫苗等重磅产品陆续获批，首次覆盖，给予“买入”评级。风险提示产品销售低于预期；疫苗研发进度低于预期。,,华西证券,买入,[None],2020-03-02,,增持,4174813,pdf_downloads/2020/2020-03-02/300601-康泰生物（300601）：四联苗高速放量，有望实现量价齐升.pdf,300601,康泰生物,康泰生物（300601）：四联苗高速放量，有望实现量价齐升,"{
    ""forecasts"": [
        {
            ""year"": 2020,
            ""net_profit"": 8.36,
            ""eps"": null,
            ""pe"": 86
        },
        {
            ""year"": 2021,
            ""net_profit"": 12.57,
            ""eps"": null,
            ""pe"": 57
        }
    ]
}",,,86.0,57.0,,,,,,,,
"杜佐远,苑建",康泰生物(300601)事件：2019年业绩快报，实现营业收入29亿元，同比增长18.6%，归母净利润亿元，同比增31.6%，EPS为0.90元，业绩符合预期。点评：四季度业绩高增长，全年符合预期。19年收入19.4亿元，同比略有下滑，净利润5.7亿，同比增长31.6%。分产品看：四联苗销量预计450万支，同比小幅增长，销售费用率降低单支利润提升，预计贡献5亿以上净利润。收入端下滑主要原因老厂搬迁导致部分规格乙肝销售下滑。新冠肺疫情短期影响疫苗接种，3月份有望逐步恢复，预计疫情对全年疫苗销售影响不大，维持四联苗持续放量预期不变。19年批签发数据：四联苗477万支、hib200万支、23价肺炎89万支、10μg乙肝1910万支、20μg乙肝202万支、60μg乙肝29万支。研发顺利推进，重磅品种进入收获阶段。公司研发顺利推进，产品管线储备上堪比全球疫苗巨头。13价肺炎、二倍体狂苗有望在20-21年获批，公司业绩有望在21年迎来爆发式增长，中长期疫苗业务有望贡献60亿净利润：独家品种百白破+Hib四联苗受益于逐步替代Hib、百白破，而自研的五联苗预计20年报临床，未来打造最强“百白破、Hib、脊灰”联苗，有望贡献超10亿净利润；13价肺炎报产在审评中，预计20-21年获批，3-4年内最多3家企业与其竞争（包括外资），有望贡献10亿以上净利润；二倍体狂苗报产在即，21年有望获批，3-4年内最多1家企业与其竞争，有望贡献20亿净利润。若考虑临床前阶段的“麻腮风+水痘四联苗”等品种，未来疫苗业务净利润或将超60亿元。盈利预测与投资建议。四联苗稳步放量，盈利能力持续提升，23价肺炎20年有望放量，预计20-22年净利润8.8/15.6/26.6亿元，同比增速54%/77%/70%，对应PE81X/46X/27X，维持“买入”评级。风险提示：销售低预期；新品获批进展不及预期；行业黑天鹅事件等。,,太平洋证券,买入,[None],2020-03-02,,买入,4174983,pdf_downloads/2020/2020-03-02/300601-康泰生物（300601）：业绩符合预期，研发顺利推进.pdf,300601,康泰生物,康泰生物（300601）：业绩符合预期，研发顺利推进,"{
    ""forecasts"": [
        {
            ""year"": 2020,
            ""net_profit"": 8.8,
            ""eps"": null,
            ""pe"": 81
        },
        {
            ""year"": 2021,
            ""net_profit"": 15.6,
            ""eps"": null,
            ""pe"": 46
        },
        {
            ""year"": 2022,
            ""net_profit"": 26.6,
            ""eps"": null,
            ""pe"": 27
        }
    ]
}",,,81.0,46.0,27.0,,,,,,,
"江琦,赵磊",投资要点事件：2020年2月28日，公司发布2019年业绩快报。2019年预计实现营业收入19.43亿元，同比减少3.65%；实现归母净利润5.73亿元，同比增长31.62%。四联苗销售情况良好、费用管控优化，带动全年利润增长。2019年全年预计实现归母净利润5.73亿元（31.62%+），同2018年相比稳健增长。我们预计和四联苗同比恢复、23价肺炎疫苗新品上市、费用管控优化等有关。分季度看，2019年第四季度实现营业收入5.49亿元（6.22%+），归母净利润1.43亿元（139.68%+），我们预计和23价肺炎疫苗新品上市、费用管控优化等有关。第四季度单季度净利率25.97%，和前三季度相比小幅下降4个百分点左右，预计与费用集中确认有关。2019年预计四联苗实现销售400万支左右。2019年全年批签发数据显示，公司四联苗批签发477.29万瓶，其中下半年批签发385万瓶左右；23价肺炎疫苗批签发89.26万瓶，占整体23价肺炎疫苗签发市场的9.43%，为2019年新获批签发；乙肝疫苗批签发约2141万支，占2019年签发的30%左右。我们预计2019年四联苗实现销售400万支左右，下半年逐步恢复增长。2020年受益于竞争格局优化、联苗替代率上升、产品升级等四联苗有望继续实现稳定增长。在研重磅产品顺利推进研发进度，13价肺炎疫苗已报产获得受理，冻干人用狂犬病疫苗（人二倍体细胞）获得临床试验总结报告，预计2020年-2021年有望逐步上市，2021年起大品种有望逐步贡献收入。盈利预测与投资建议：参考2019年业绩快报，我们小幅调整2019-2021年公司营业收入为19.43、27.58、43.59亿元，同比下滑3.66%、增长41.93%和增长58.07%，归母净利润为5.73、7.88、13.50亿元，同比增长31.42%、37.68%、71.21%，对应EPS为0.89、1.19、1.99元。公司作为在研产品管线最为丰富的疫苗公司之一，未来二年13价肺炎疫苗、人二倍体狂苗等重磅产品有望陆续上市，维持“买入”评级。风险提示：核心产品四联苗销售不及预期、竞争加剧的风险，研发进展不及预期的风险，预测前提不及预期导致市场容量测算出现偏差的风险，监管政策趋严的风险。,,中泰证券,买入,[None],2020-03-02,,买入,4174649,pdf_downloads/2020/2020-03-02/300601-康泰生物（300601）：四联苗销售良好、费用管控优化，带动全年利润增长.pdf,300601,康泰生物,康泰生物（300601）：四联苗销售良好、费用管控优化，带动全年利润增长,"{
    ""forecasts"": [
        {
            ""year"": 2020,
            ""net_profit"": 7.88,
            ""eps"": 1.19,
            ""pe"": null
        },
        {
            ""year"": 2021,
            ""net_profit"": 13.50,
            ""eps"": 1.99,
            ""pe"": null
        }
    ]
}",,,,,,,,,1.19,1.99,,
"全铭,李颖睿",康泰生物(300601)投资要点事件：2020年2月29日，公司发布2019年度业绩快报，2019营业收入19.4亿元（-3.65%），归母净利润5.73亿元（+31.62%）。预计四联苗下半年销量大幅提升，公司销售费用率或有所下降。公司2019年业绩驱动的核心因素是四联苗高速增长。四联苗上半年由于批签发原因影响销售，三季度逐步恢复，公司2019年下半年三联苗批签发387万支（上半年仅90万只），同比增长22%。全年四联苗批签发477万支，我们预计全年销量在450-500万支左右，2020年仍有望持续增长。此外公司23价肺炎疫苗批签发89万只，有望持续贡献业绩增量。而公司的乙肝疫苗批签发有所下滑，2019年全年批签发2141万支（-41.9%），我们认为乙肝疫苗销量的下滑或为公司收入端下滑的主要原因。公司2019年收入端虽有小幅下滑，但利润端实现快速增长，我们认为主要原因为销售费用下滑带来。从三季度的数据可以看出：2019前三季度销售费用率为39.50%，相比去年全年下降10.35个百分点，考虑到Q3每个月激励费用预计约2000万元，实际销售费用率随着公司产品体量增大及预期大品种陆续获批，终端销售推广费用有所下降。13价肺炎疫苗申报在即，三代狂苗持续推进。公司13价肺炎疫苗完成申报前沟通，预计于近期申报上市，并且有望于2020年下半年或2021年上半年获批上市，公司进度位于国内第二。狂犬疫苗（人二倍体）国内领先，该产品有望于今年年底申报上市。公司IPV疫苗处于临床III期，位居行业领先水平，OPV后遗症及II型脊髓灰质炎病例出现，IPV需求大幅提升，多城市开展2IPV+2OPV的免疫接种计划将进一步提升品种空间。此外，公司百白破-IPV-Hib（新型五联苗）、麻腮风水痘四联苗均快速推进，进一步提升公司产品市场空间。盈利预测与投资评级：我们预计公司2019-2021年营业收入为19.43/22.26/32.53亿元，归母净利润为5.73/7.86/13.64亿元，对应PE为125X/91X/53X，13价肺炎疫苗、三代狂苗等重磅产品上市为带来销售增长，丰富的研发管线为公司未来发展提供持续推动力。公司作为行业龙头，受益于行业集中度提升，因此我们维持“买入”评级。风险提示：研发进度低于预期的风险；疫苗销售低于预期的风险；疫苗行业事件风险。,,东吴证券,买入,[None],2020-03-01,,买入,4174376,pdf_downloads/2020/2020-03-01/300601-康泰生物（300601）：公司业绩符合预期，四联苗下半年快速增长.pdf,300601,康泰生物,康泰生物（300601）：公司业绩符合预期，四联苗下半年快速增长,"{
    ""forecasts"": [
        {
            ""year"": 2019,
            ""net_profit"": 5.73,
            ""eps"": null,
            ""pe"": 125
        },
        {
            ""year"": 2020,
            ""net_profit"": 7.86,
            ""eps"": null,
            ""pe"": 91
        },
        {
            ""year"": 2021,
            ""net_profit"": 13.64,
            ""eps"": null,
            ""pe"": 53
        }
    ]
}",,125.0,91.0,53.0,,,,,,,,
"江琦,赵磊",康泰生物(300601)事件： 2020 年 2 月 9 日，公司公告与艾棣维欣（苏州）生物制药有限公司签署《战略合作协议书》， 发挥各自优势共同致力于研发新冠状病毒（2019-nCoV） DNA 疫苗。战略合作开发新型冠状病毒疫苗，助力攻克疫情！ 2019 年底新型冠状病毒（2019-nCoV）疫情在武汉爆发并蔓延至全国，公司与艾棣维欣（苏州）生物制药有限公司签署《战略合作协议书》拟发挥各自优势共同致力于研发 新 冠 状 病 毒 （2019-nCoV ） DNA 疫 苗 。 艾 棣 维 欣 （AdvaccineBiotechnology Co.） 是一家创新型疫苗研发企业，主要基于“免疫耐受”和“免疫激活” 等疫苗开发技术平台设计开发精准、有效的预防性及治疗性疫苗，由复旦大学荣誉教授、中国知名的 DNA 疫苗专家王宾先生等人联合创办。 艾棣维欣此前已与 Inovio Pharmaceuticals 合作推进在中国开发针对新冠状病毒的 INO-4800 疫苗，具备一定的研发实力和基础。 该项目的推进有利于加快新冠 DNA 疫苗的研发，为疫情防控积极贡献科研力量疫苗研发具备战略意义，新型冠状病毒疫苗不会缺席，但可能会迟到。 疫苗研制是一个复杂、科学而严谨的过程，从制备疫苗株、审批、动物实验到临床试验尚需一定时日，时效性方面有一定挑战。但研制疫苗对抗击疫情战略意义重大，是防治疫情的有效措施之一。2020 年我们预计受益于竞争格局优化、 联苗替代率上升、 产品升级等四联苗有望继续实现稳定增长。此外， 在研重磅产品顺利推进研发进度， 13 价肺炎疫苗已申报生产，冻干人用狂犬病疫苗（人二倍体细胞）获得临床试验总结报告， 预计 2020 年后有望逐步上市， 2021 年起大品种有望逐步贡献收入。盈利预测与投资建议： 我们预计 2019-2021 年公司营业收入为 23.13、29.36、 45.84 亿元，同比增长 14.70%、 26.91%、 56.14%， 归母净利润为 5.78、 8.15、 13.72 亿元，同比增长 32.60%、 41.02%、 68.36%，对应EPS 为 0.90、 1.23、 2.03 元。 公司作为在研产品管线最为丰富的疫苗公司之一，未来二年 13 价肺炎疫苗、人二倍体狂苗等重磅产品有望陆续上市，维持“买入”评级。风险提示： 核心产品四联苗销售不及预期、竞争加剧的风险，研发进展不及预期的风险，预测前提不及预期导致市场容量测算出现偏差的风险，监管政策趋严的风险,,中泰证券,买入,[None],2020-02-10,,买入,4154209,pdf_downloads/2020/2020-02-10/300601-康泰生物（300601）：战略合作开发新型冠状病毒疫苗，助力攻克疫情.pdf,300601,康泰生物,康泰生物（300601）：战略合作开发新型冠状病毒疫苗，助力攻克疫情,"{
    ""forecasts"": [
        {
            ""year"": 2019,
            ""net_profit"": 5.78,
            ""eps"": 0.90,
            ""pe"": null
        },
        {
            ""year"": 2020,
            ""net_profit"": 8.15,
            ""eps"": 1.23,
            ""pe"": null
        },
        {
            ""year"": 2021,
            ""net_profit"": 13.72,
            ""eps"": 2.03,
            ""pe"": null
        }
    ]
}",,,,,,,,0.9,1.23,2.03,,
"江琦,赵磊","康泰生物(300601)事件：2020年1月9日，公司发布2019年年度业绩预告。2019年预计实现归母净利润5.5亿元-5.9亿元，同比增长26.24%-35.42%；其中预计非经常性损益的金额约为4,579.98万元，去年同期为2,221.55万元。四联苗销售情况良好，带动业绩恢复增长。2019年全年预计实现归母净利润中值约5.7亿元（30.83%+），扣除非经常性损益后归母净利润约为5.24亿元（26.78%+），同2018年相比恢复稳健增长。我们预计和四联苗同比恢复增长、23价肺炎疫苗新品上市、费用管控优化等有关。分季度看，2019年第四季度实现归母净利润1.19亿元-1.59亿元，同比大幅增长100%-167.5%，我们预计和四联苗同比恢复增长、23价肺炎疫苗新品上市、2018Q4受行业狂苗事件影响基数较小等有关。2019年预计四联苗实现销售400-450万支，恢复小幅增长。2019年全年批签发数据显示，公司四联苗批签发477.29万瓶，其中下半年批签发385万瓶左右；23价肺炎疫苗批签发89.26万瓶，占整体23价肺炎疫苗签发市场的9.43%，为2019年新获批签发；乙肝疫苗批签发约2141万支，占2019年签发的30%左右。我们预计2019年四联苗实现销售400-450万支，下半年逐步恢复增长。2020年受益于竞争格局优化、联苗替代率上升、产品升级等四联苗有望继续实现稳定增长。在研重磅产品顺利推进研发进度，13价肺炎疫苗已进入预申报生产流程，冻干人用狂犬病疫苗（人二倍体细胞）获得临床试验总结报告，预计2020年-2021年有望逐步上市，2021年起大品种有望逐步贡献收入。盈利预测与投资建议：参考2019年业绩预告，我们预计2019-2021年公司营业收入为23.13、29.36、45.84亿元，同比增长14.70%、26.91%、56.14%，归母净利润为5.78、8.15、13.72亿元，同比增长32.60%、41.02%、68.36%，对应EPS为0.90、1.23、2.03元。公司作为在研产品管线最为丰富的疫苗公司之一，未来二年13价肺炎疫苗、人二倍体狂苗等重磅产品有望陆续上市，维持“买入”评级。风险提示：核心产品四联苗销售不及预期、竞争加剧的风险，研发进展不及预期的风险，预测前提不及预期导致市场容量测算出现偏差的风险，监管政策趋严的风险。",,中泰证券,买入,[None],2020-01-10,,买入,4137070,pdf_downloads/2020/2020-01-10/300601-康泰生物（300601）：四联苗销售良好，期待2020年重磅产品上市.pdf,300601,康泰生物,康泰生物（300601）：四联苗销售良好，期待2020年重磅产品上市,"{
    ""forecasts"": [
        {
            ""year"": 2020,
            ""net_profit"": 8.15,
            ""eps"": 1.23,
            ""pe"": null
        },
        {
            ""year"": 2021,
            ""net_profit"": 13.72,
            ""eps"": 2.03,
            ""pe"": null
        }
    ]
}",,,,,,,,,1.23,2.03,,
"孙建,盛丽华","康泰生物(300601)一、事件概述公司公布2019业绩预告，2019年实现归母净利润5.5-5.9亿元，同比增长26%-35%。二、分析与判断业绩略超预期，四联苗销售良好驱动业绩增长。Q4单季度实现净利润1.2-1.6亿元。主要核心品种四联苗销售良好增长，驱动业绩增长。中检院批签数据显示，四联苗2019年批签发409万支（其中Q4批签发157万支）。19年百白破供不应求，多地区缺货，四联苗销售形势良好，我们预计公司全年实现销售450万支左右，预计2020年百白破供给缺口持续存在，公司四联苗销售有望达到550万支以上（产能500万支+部分存货），中检院批签数据显示，乙肝疫苗批签发合计约2210万支，23价肺炎疫苗批签发约89万瓶，23价肺炎正式放量增长预计从2020年开始。研发迈入收获期。13价肺炎球菌疫苗已申报上市，有望于2020年底2021年初获批上市。13价肺炎进度上仅次于沃森生物，沃森生物13价肺炎近期已获批上市；预计康泰13价肺炎有望于2020年底2021年初获批上市。二倍体狂犬病疫苗有望很快申报上市，也有望与2020年底或2021年初获批上市。IPV疫苗处于临床III期，IPV疫苗将替代OPV。此外，在研重要品种还包括HPV疫苗、组分百白破疫苗、带状疱疹疫苗、五价轮状疫苗等。三、投资建议暂不调整盈利预测，我们预计公司2019-2021年归母净利润同比增速分别为27.3%/46.2%/83.1%，对应EPS分别为0.87/1.27/2.33元，当前股价对应2019-2021年PE分别为101/69/38倍，目前处于估值中枢上部。预计2020年百白破供给缺口持续存在，公司四联苗销售形势良好,四联苗销售20年有望超预期，中长期来看，大品种13价肺炎结合疫苗和二倍体狂犬有望于2020年底或2021年初获批，公司作为国内研发管线最为丰富的疫苗企业，即将进入收获期，发展空间广阔，可以享有一定的估值溢价。维持“谨慎推荐”评级。四、风险提示：四联苗销售不及预期，研发进展不及预期的，监管政策趋严。",,民生证券,谨慎推荐,[None],2020-01-10,,增持,4136832,pdf_downloads/2020/2020-01-10/300601-康泰生物（300601）业绩预告点评：业绩略超预期，四联苗驱动业绩增长，研发即将进入收获期.pdf,300601,康泰生物,康泰生物（300601）业绩预告点评：业绩略超预期，四联苗驱动业绩增长，研发即将进入收获期,"{
    ""forecasts"": [
        {
            ""year"": 2020,
            ""net_profit"": null,
            ""eps"": null,
            ""pe"": null
        },
        {
            ""year"": 2021,
            ""net_profit"": null,
            ""eps"": 2.33,
            ""pe"": 38
        }
    ]
}",,,,38.0,,,,,,2.33,,
黄卓,业绩略高于预期， 费用水平优化， 利润端保障增长根据业绩预告， 2019 年归母净利润中值 5.7 亿，同比增长 30.83%，略超市场预期。 预计扣非归母净利润 5.04-5.44 亿，同比增长 21.94%-31.62%。2019Q4 实现归母净利润 1.19-1.59 亿元，同比增长 100.31%-167.55%，2018 年受到疫苗案影响，业绩先高后低（ 2018Q1/Q2/Q3/Q4 归母净利分别为 1.10/1.76/0.90/0.59 亿），随着行业负面事件的逐步消化， 2019 年公司业绩改善，费用水平优化， 利润端实现较高增长，（ 2019Q1/Q2/Q3/Q4 归母净利分别为 1.00/1.58/1.73/1.19-1.59 亿）。四联苗批签发进一步放量， 2020 年增长可期公司 2019 年合计批签发 3134.46 万，同比下降 26.05%。 其中乙肝疫苗2140.69 万（ -31.50%），麻风减毒疫苗 210.59 万（ -3.31%），Hib 疫苗 216.62万（ -43.09%），四联苗 477.29 万（ -7.35%）， 23 价肺炎多糖疫苗 89.26 万。公司主力产品四联苗 2019 年下半年恢复高基数， 2019 年预计实现 450 万支收入，收入贡献约 12 亿， 11/12 月的 224.95 万份批签发为 2020 年的进一步增长奠定基础。后续新品陆续上市， 13 价肺炎球菌结合疫苗进度领先公司 13 价肺炎球菌结合疫苗目前处于上市申请阶段，有望 2020 年底获批，2021 年实现上市放量；冻干人用狂犬疫苗（人二倍体细胞）预计 2021 年获批；公司 13 价肺炎球菌疫苗和人二倍体狂苗产能设计充分，均属于重磅产品。此外，公司水痘减毒疫苗、 IPV、 EV71、组分百白破、麻腮风-水痘四联苗等后续重磅品种也将进一步支撑公司长期发展。投资建议与盈利预测考虑公司业绩优化以及 13 价肺炎球菌结合疫苗有望 2021 年实现销售，我们上调业绩， 预计公司 2019-2021 年营业收入为 22.27/27.40/45.46 亿元，归 母 净 利 润 为 5.75/7.55/13.31 亿 元 ， 2019-2021 年 EPS 分 别 为0.90/1.18/2.08 元， 公司后续在研管线丰富， 基于 2020 年给予 80 倍 PE，上调目标价 94.4，维持增持评级。风险提示疫苗研发存在风险、疫苗上市进程存在不确定性、 疫苗监管政策风险,,国元证券,增持,[None],2020-01-10,,增持,4136537,pdf_downloads/2020/2020-01-10/300601-康泰生物（300601）2019业绩预告点评：利润端增速略超预期，期待后续新品上市.pdf,300601,康泰生物,康泰生物（300601）2019业绩预告点评：利润端增速略超预期，期待后续新品上市,"{
    ""forecasts"": [
        {
            ""year"": 2019,
            ""net_profit"": 5.75,
            ""eps"": 0.90,
            ""pe"": null
        },
        {
            ""year"": 2020,
            ""net_profit"": 7.55,
            ""eps"": 1.18,
            ""pe"": null
        },
        {
            ""year"": 2021,
            ""net_profit"": 13.31,
            ""eps"": 2.08,
            ""pe"": null
        }
    ]
}",,,,,,,,0.9,1.18,2.08,,
"杜佐远,苑建","康泰生物(300601)13 价肺炎报产获受理，进入技术审评流程。 公司 13 价肺炎 2004 年开始立项， 14 年获批临床， 16 年 9 月开启 PCV-13 临床 3 期，试验方案是与辉瑞的 PCV-13 进口品种头对头的临床研究， 19 年 1 月揭盲， 19年 6 月临床总结报告完成， 经过预沟通后 19 年 10 月申报生产， 19 年12 月获药监局受理，标志着 13 价肺炎开启技术审评流程。作为市场紧缺的儿童用疫苗品种，我们预测公司 13 价肺炎有望纳入优先审评，审评审批顺利话我们预计 20 年有望获批。国内百亿市场，康泰 PCV-13 收入规模有望突破 20 亿元。 康泰 13 价覆盖到 71 月龄（ 辉瑞 15 月龄以内， 2,4,6 月龄基础三剂次， 12-15月龄加强 1 次） ， 免疫程序也比辉瑞产品灵活： 2 月龄 4 剂次， 7-11月龄 3 剂次； 12-35 月龄 2 剂次， 2-5 周岁 1 剂次。 价格方面，辉瑞原研品种沛儿中标价为 698 元/支，我们预计公司定价 500 元/支。仅考虑新生儿增量市场， 参考国内 2 类疫苗 Hib 相关疫苗市场渗透率 30%左右，我们预计 PCV-13 渗透率有望达 30%，国内每年新生儿 1500 万计算，每年增量市场 450 万人份，每人份 2000 元， 国内新生儿市场90 亿元； 内共有 5 家企业产品进入临床阶段，其中进展最快的是沃森生物，康泰 13 价预计 20 年获批， 将成为第 3 家获批上市的企业（包括外资）。兰州所处在 3 期临床。预计 5 年内最多 3 家企业与康泰竞争（包括外资）。 假设康泰 13 价肺炎疫苗国内市场份额 25%左右， 预计销售收入将突破 20 亿，有望贡献 10 亿以上净利润。 公司一期产能1000 万剂次已建成，考虑到全球市场巨大需求，公司规划了二期产能2000-3000 万剂次，预计 2-3 年内建成。盈利预测与投资建议。 预计 19-21 年净利润 5.5/8.7/15.5 亿元，同比增速 27%/58%/78%，中长期观点不变。 19 开始重磅品种陆续报产，20 年有望进入获批阶段， 20 年合理估值 740 亿元（ 20PE 85X）， 21年合理估值 1000 亿元（ 21PE 65X），仅考虑疫苗， 中期看 1500 亿市值，若未来布局其他生物药，则打开长期成长天花板。维持“买入”评级。风险提示：销售低预期；新品获批进展不及预期；行业黑天鹅事件等",,太平洋证券,买入,[None],2019-12-11,,买入,4065196,pdf_downloads/2019/2019-12-11/300601-康泰生物（300601）：13价肺炎报产获受理，重磅品种陆续进入收获期.pdf,300601,康泰生物,康泰生物（300601）：13价肺炎报产获受理，重磅品种陆续进入收获期,"{
    ""forecasts"": [
        {
            ""year"": 2019,
            ""net_profit"": 5.5,
            ""eps"": null,
            ""pe"": null
        },
        {
            ""year"": 2020,
            ""net_profit"": 8.7,
            ""eps"": null,
            ""pe"": 85
        },
        {
            ""year"": 2021,
            ""net_profit"": 15.5,
            ""eps"": null,
            ""pe"": 65
        }
    ]
}",,,,85.0,65.0,,,,,,,
"江琦,赵磊",康泰生物(300601)事件：2019年12月9日，公司公告13价肺炎球菌结合疫苗申请新药生产注册获得受理，受理号CXSS1900046国。重磅爆款正式报产，有望于2020-2021年获批上市。肺炎链球菌是引起婴幼儿和老年人急性呼吸道感染的主要病原菌，是发病率最高的细菌性呼吸道传染病。据WHO估计，全球每年有160万人死于肺炎球菌感染，其中46万幼儿；我国每年大约有174万名儿童发生严重的肺炎球菌感染，其中3万名儿童夭折。肺炎球菌疫苗可用于血清型肺炎球菌引起的侵袭性疾病（包括败血症、脑膜炎、菌血症性肺炎、菌血症）以及肺炎等，预防效果明显。辉瑞的7价和13价疫苗沛儿系列是全球疫苗销量冠军，2018年合计销量达到58亿美元（3.6%+）。国内13价肺炎球菌疫苗供不应求，目前仅原研沛儿13在2018年批签发384.75万支。按照沛儿获批的6周龄至15月龄婴幼儿接种、4针常规免疫接种程序（2、4、6月龄进行基础免疫，12-15月龄加强免疫）、698元/针的价格计算，我们认为13价肺炎球菌疫苗市场空间有望达到71亿元（15%渗透率）。康泰生物13价肺炎球菌疫苗正式申报生产，我们预计进度顺利则有望于2020年获批上市、2021年开始销售贡献较大增量业绩，分享国内巨大的潜力市场。后续进度最快的竞争对手刚开始进入临床Ⅲ期，具备较大优势领先优势。我们梳理了目前多价肺炎球菌结合疫苗的研发情况，后续在研企业中兰州所2019年9月登记进入临床Ⅲ期，智飞生物、北京科兴等处于临床Ⅰ期阶段，预计第三家国产企业申报生产需要2年左右的时间，市场空间足够同时竞争格局良好。展望2020年，我们认为公司核心产品四联苗有望保持较快增长，23价肺炎球菌疫苗贡献一定增量，在研13价肺炎疫苗、人用二倍体狂苗（人二倍体细胞）等重磅产品有望陆续取得突破，长期成长性强。盈利预测与投资建议：我们预计2019-2021年公司营业收入为23.74、28.64、43.97亿元，同比增长17.73%、20.62%、53.52%；归母净利润为6.04、7.91、13.04亿元，同比增长38.66%、30.93%、64.81%，对应EPS为0.89、1.17、1.92元。公司作为在研产品管线最为丰富的疫苗公司之一，未来三年13价肺炎疫苗、人二倍体狂苗等重磅产品有望陆续上市，维持“买入”评级。风险提示：核心产品四联苗销售不及预期、竞争加剧的风险，研发进展不及预期的风险，预测前提不及预期导致市场容量测算出现偏差的风险，监管政策趋严的风险。,,中泰证券,买入,[None],2019-12-09,,买入,4061498,pdf_downloads/2019/2019-12-09/300601-康泰生物（300601）：重磅爆款13价肺炎疫苗正式报产，有望于2020年获批上市.pdf,300601,康泰生物,康泰生物（300601）：重磅爆款13价肺炎疫苗正式报产，有望于2020年获批上市,"{
    ""forecasts"": [
        {
            ""year"": 2019,
            ""net_profit"": 6.04,
            ""eps"": 0.89,
            ""pe"": null
        },
        {
            ""year"": 2020,
            ""net_profit"": 7.91,
            ""eps"": 1.17,
            ""pe"": null
        },
        {
            ""year"": 2021,
            ""net_profit"": 13.04,
            ""eps"": 1.92,
            ""pe"": null
        }
    ]
}",,,,,,,,,0.89,1.17,1.92,
谢长雁,康泰生物(300601)业绩持续回暖，三季度同比大增康泰生物前三季度实现营收13.94亿元（-7.05%），归母净利润4.31亿元（+14.53%），扣非净利润4.16亿元（+16.07%），业绩持续回暖。Q3单季度营收5.87亿元（+34.46%），归母净利润1.73亿元（+92.21%），扣非净利润1.71亿元（+98.99%），因去年同期低基数，单季度业绩同比大增。四联苗恢复增长，23价肺炎上市提供增量前三季度四联苗批签发63万人份（-36.2%），其中三季度批签发40万人份（+3.7%），恢复增长；虽然前三季度批签发显著下降，但叠加库存的消化，我们估计四价苗的销售与去年同期基本持平，预计全年的销售将有小幅增长。新上市的23价肺炎多糖苗在三季度首获批签发，共计89.3万人份，将为公司提供一定的利润增量。销售费用率下降，管理费用率上涨前三季度的销售费用率为39.5%（-10.5pct），比去年同期有大幅下滑，预计全年的销售费用率维持在40%左右。管理费用率（合并研发费用口径）为16.9%（+5.4pct），其中研发费用1.26亿（+48.6%），研发费用率为9.0%（+3.4pct），有较大幅度的增长。风险提示：研发进度不及预期、疫苗行业安全性事件。投资建议：管线储备深厚，看好长期布局，维持“增持”评级公司是研发能力领先的国内疫苗龙头，19/20年的业绩主要依靠现有产品的内生增长及新产品上市带来的增量。重磅品种13价肺炎结合苗和和人二倍体狂苗预计将于2021年上市，推动业绩大幅增长。长期来看，公司在多联苗的产品和研发布局上拥有巨大优势，五联苗、麻腮风水痘四联苗等大品种将会保障公司长期的成长。定增募资后公司具有并购整合能力。我们维持公司的盈利预测，2019~2021年的净利润为5.02/6.54/12.14亿，对应当前股价的PE为111.4/85.5/46.0x，维持“增持”评级。,,国信证券,增持,[None],2019-10-31,,增持,3964758,pdf_downloads/2019/2019-10-31/300601-康泰生物（300601）2019年三季报点评：业绩持续回暖，四价苗恢复增长.pdf,300601,康泰生物,康泰生物（300601）2019年三季报点评：业绩持续回暖，四价苗恢复增长,"{
    ""forecasts"": [
        {
            ""year"": 2019,
            ""net_profit"": 5.02,
            ""eps"": null,
            ""pe"": 111.4
        },
        {
            ""year"": 2020,
            ""net_profit"": 6.54,
            ""eps"": null,
            ""pe"": 85.5
        },
        {
            ""year"": 2021,
            ""net_profit"": 12.14,
            ""eps"": null,
            ""pe"": 46.0
        }
    ]
}",,,111.4,85.5,46.0,,,,,,,
"柴博,邓周宇",公司发布季报，前三季度收入13.94亿（yoy-7.05%）、归母扣非净利为4.16亿（yoy+16.07%）、经营活动净现金2.68亿（yoy+68.91%），其中Q3实现收入5.87亿（yoy+34.46%）、扣非归母净利1.71亿（yoy+98.99%）。支撑评级的要点百白破四联苗保持稳定增长。Q3实现收入5.87亿（yoy+34.46%）、扣非归母净利1.71亿（yoy+98.99%），主要原因之一是去年业绩基数较低，另外虽然前三季度四联苗批签发量252万支，同比下降了41%，但四联苗的销售量基本与去年同期持平（四联苗存在一定库存），同时由于销售模式的变更，销售费用率从去年前三季度的50%下降到今年同期的39.5%，因此整体净利率提升，净利润增速高于收入增速。我们预计全年四联疫苗的销量在430-450万支左右，即贡献收入12亿左右。公司是目前国内疫苗品种管线布局最全的企业，在研品种中，重组EV71疫苗处于临床II期；冻干人狂犬病疫苗（人二倍体细胞）、冻干Hib结合疫苗（新剂型）和甲肝灭活疫苗处于III期临床总结阶段；另外，冻干水痘减毒活疫苗、IPV（Vero细胞）也都处于III期临床阶段。两大新品种，13价肺炎结合疫苗有望年内报产，吸附无细胞DTaP（组分纯化）疫苗即将开展临床试验。此外HPV疫苗、60ug鼻喷乙肝疫苗、腮腺炎减毒活疫苗、单纯疱疹病毒基因工程疫苗、重组B群脑膜炎疫苗、DTaP-Hib/IPV五联疫苗和口服五价重配轮状病毒减毒活疫苗都在储备当中。预计2021年公司乙肝疫苗、百白破联苗、肺炎多糖及结合疫苗、IPV、狂犬病疫苗、Hib结合疫苗分别贡献收入7.8、17.1、11.1、0.7、1.2、3.3亿，收入合计41.2亿，按32%的净利率均值计算，对应净利润13.2亿左右。同理2023年上述品种合计贡献收入57.6亿、净利润18.4亿。叠加目前行业集中度提高的确定性趋势，公司在行业中的龙头地位稳固，业绩增长确定性较高，我们认为公司市值仍有增长空间。估值由于上半年四联苗批签发较慢，对全年业绩产生拖累，Q3批签发达到预期速度，因此略微下调19年业绩并上调20-21年业绩预测。预计2019-2021年公司收入分别为23.03、29.82、40.92亿，对应归母净利分别为5.48、8.35、14.14亿，对应PE96、63、37倍。目前行业集中度提升确定性高，龙头企业在品种获批、市场准入等方面存在显著的溢价优势，因此维持“增持”评级。评级面临的主要风险疫苗获批上市进度低于预期，业绩低于预期，行业负面事件。,,中银国际,增持,[None],2019-10-30,,增持,3962112,pdf_downloads/2019/2019-10-30/300601-康泰生物（300601）：四联苗恢复稳定增长，业绩增长略超预期.pdf,300601,康泰生物,康泰生物（300601）：四联苗恢复稳定增长，业绩增长略超预期,"{
    ""forecasts"": [
        {
            ""year"": 2021,
            ""net_profit"": 14.14,
            ""eps"": null,
            ""pe"": 37
        },
        {
            ""year"": 2023,
            ""net_profit"": 18.4,
            ""eps"": null,
            ""pe"": null
        }
    ]
}",,,,,37.0,,,,,,,
"魏赟,黄施齐",公司动态事项公司发布2019年第三季度报告。事项点评Q3营收增长快速，毛利率持续提升2019年前三季度，公司实现营收13.94亿元，同比下降7.05%；实现归母净利润4.31亿元，同比增长14.53%；实现扣非归母净利润4.16亿元，同比增长16.07%。其中公司第三季度实现营收5.87亿元，同比增长34.46%；实现归母净利润1.73亿元，同比增长92.21%；实现扣非归母净利润1.71亿元，同比增长98.99%，单季度增长较快的原因主要是去年基数较低所致。2019年前三季度，公司整体毛利率为91.89%，同比提升1.22pct。期间费用率方面，2019年前三季度，公司的销售费用率和管理费用率为39.50%和16.90%，分别同比下降10.50pct和提升5.36pct，销售费用率显著降低。报告期内，公司经营活动产生的现金流净额达到2.68亿元，同比增加68.91%，主要是本期销售回款增加所致，现金流好转。四联苗批签发恢复，在研产品稳步推进截至2019年前三季度，公司的核心品种批签发情况良好，四联苗批签发252万支，其中第三季度批签发达到162万支；23价肺炎疫苗于2019年8月获得批签发证明，批签发89万支。研发管线方面，公司的冻干人用狂犬病疫苗（人二倍体细胞）已完成临床试验，并已向NMPA递交药品生产注册申请。狂犬病疫苗在国内属于大品种，近两年年均批签发量约1300-1500万人份，具有较大市场空间。目前在售的大多为vero细胞狂犬病疫苗，其他多家公司也有研制人二倍体细胞狂犬病疫苗，公司的研发进度靠前，具备先发优势。此外，公司的13价肺炎球菌结合疫苗也已完成III期临床试验，上市后将进一步增厚公司业绩。风险提示行业监管政策变化风险；产品推广不及预期风险；产品研发不及预期风险；市场竞争加剧风险；产品质量风险。投资建议给予“谨慎增持”评级预计公司19、20年EPS至0.85、1.17元，以10月28日收盘价82.51元计算，动态PE分别为97.1倍和70.2倍。我们认为，伴随公司产品的不断放量以及在研产品的陆续上市，公司业绩有望持续增长，我们看好公司未来发展，给予“谨慎增持”评级。,,上海证券,谨慎增持,[None],2019-10-30,,增持,3960634,pdf_downloads/2019/2019-10-30/300601-康泰生物（300601）：四联苗销量提升在研产品稳步推进.pdf,300601,康泰生物,康泰生物（300601）：四联苗销量提升在研产品稳步推进,"{
    ""forecasts"": [
        {
            ""year"": 2019,
            ""net_profit"": null,
            ""eps"": 0.85,
            ""pe"": 97.1
        },
        {
            ""year"": 2020,
            ""net_profit"": null,
            ""eps"": 1.17,
            ""pe"": 70.2
        }
    ]
}",,,97.1,70.2,,,,,0.85,1.17,,
孙建,"一、事件概述公司公布 2019 年三季报，2019 年前三季度实现收入 13.94 亿元（同比-7.1%）， 归母净利润 4.31 亿元（同比+14.5%），扣非归母净利润 4.2 亿元（同比+16.1%），处 于业绩预告范围。经营现金净额 4.16 亿元（同比+68.9%）二、分析与判断四联苗销售恢复驱动业绩增长。Q3 单季度收入 5.87 亿元（同比+34.5%），归母净利润 1.73 亿元（同比+92.2%），扣 非归母净利润 1.71 亿元（同比+98.99%），剔除计提的 4000 万股权激励费用影响， 归母净利润达到 2.13 亿元。主要核心品种四联苗销售恢复增长，驱动业绩增长。三 联苗供应短缺，多地区缺货，四联苗销售形势良好，公司有望全年实现销售 450 万 支左右。前三季度销售费用率 39.5%，同比下降 10.5pp，主要是营销调整以及公司 在四联苗议价权能力提升的原因，销售费用率下降。中检院批签数据显示，四联苗 今年三季度批签发 252 万支（其中 3 单季度批签发 162 万支）。乙肝疫苗批签发合 计约 2140 万支，23 价肺炎疫苗批签发 89.26 万瓶（主要在 9 月份批签），我们预计 3 季度业绩贡献有限，正式放量增长预计从 2020 年开始。研发迈入收获期。大品种狂犬病疫苗（二倍体）和 13 价肺炎球菌疫苗预计年 内申报上市，有望于 2020 年底 2021 年初获批上市。13 价肺炎进度上国内排第二位， 属于第一梯队；二倍体狂犬病疫苗国内竞争格局良好，13 价肺炎球菌疫苗和二倍体 狂犬病疫苗市场空间 10 亿元以上。IPV 疫苗处于临床 III 期，IPV 疫苗将替代 OPV。 此外，在研品种还包括 HPV 疫苗、鼻喷乙肝疫苗、组分百白破疫苗、带状疱疹疫 苗、麻腮风水痘疫苗、五价轮状疫苗等。三、投资建议：我们预计公司 2019-2021 年归母净利润同比增速分别为 27.3%/46.2%/83.1%，对应 EPS 分别为 0.87/1.27/2.33 元，当前股价对应 19 年 PE 估值 95X 左右，目前处于估 值中枢上部。从短中期看，目前三联苗供应短缺，多地区缺货，四联苗销售形势良 好,四联苗销售明年有望超预期，公司销售费用进一步下降，盈利能力提升，驱动业 绩高速成长；中长期来看，大品种 13 价肺炎结合疫苗和二倍体狂犬有望年内报产， 两个品种市场空间都在 10 亿元以上，公司作为国内研发管线最为丰富的，的疫苗企业，且即将进入收获期，发展空间广阔，可以享有一定的估值溢价。首次覆盖，给予“谨慎推荐”评级。风险提示：四联苗销售不及预期，研发进展不及预期的，监管政策趋严。",,民生证券,谨慎推荐,[None],2019-10-29,,增持,3959194,pdf_downloads/2019/2019-10-29/300601-康泰生物（300601）三季报点评：四联苗销售恢复驱动业绩增长，研发迈入收获期.pdf,300601,康泰生物,康泰生物（300601）三季报点评：四联苗销售恢复驱动业绩增长，研发迈入收获期,"{
    ""forecasts"": [
        {
            ""year"": 2019,
            ""net_profit"": null,
            ""eps"": 0.87,
            ""pe"": 95
        },
        {
            ""year"": 2020,
            ""net_profit"": null,
            ""eps"": 1.27,
            ""pe"": null
        },
        {
            ""year"": 2021,
            ""net_profit"": null,
            ""eps"": 2.33,
            ""pe"": null
        }
    ]
}",,,95.0,,,,,,0.87,1.27,2.33,
"江琦,赵磊",事件：2019年10月28日，公司发布2019年三季报。2019年前三季度实现营业收入13.94亿元，同比减少7.05%；实现归母净利润4.31亿元，同比增长14.53%；实现扣非归母净利润4.16亿元，同比增长16.07%。四联苗销售情况良好，叠加新品23价肺炎疫苗上市，带动业绩恢复增长。2019年前三季度归母净利润增长14.53%，其中第三季度单季度实现营业收入5.87亿元（34.46%+）、归母净利润1.73亿元（92.22%+），实现快速增长。我们预计和四联苗同比恢复增长、23价肺炎疫苗新品上市、2018Q3受行业狂苗事件影响基数较小等有关。2019年前三季度批签发数据显示，公司四联苗批签发252.35万瓶（其中第三季度单季度批签发161.88万瓶、快速恢复），23价肺炎疫苗批签发89.26万瓶（新获批签发），乙肝疫苗批签发约2140万支。我们预计全年四联苗有望实现小幅稳定增长。第三季度毛利率92.71%，净利率29.44%，基本保持稳定。销售费用5.51亿元（-26.58%），费用率39.50%、同比下降10.5个百分点，公司今年以来优化渠道、推广费用压缩卓有成效。管理费用率合并研发费用率整体达到16.89%左右、同比提升超过5个百分点，其中研发费用1.26亿元（48.63%+）、占收入比重9%，我们预计主要原因是研发投入加大及股权激励成本摊销增加。经营性现金流净额2.68亿元、同比增长68.91%。应收账款及票据10.72亿元、占收入比重76.9%，同比提升超过12个百分点，我们预计是疫苗收入提升及直销CDC的收入占比提升导致；存货2.14亿元、占资产比重5.88%，和2019Q2相比基本稳定，终端动销情况良好。公司13价肺炎疫苗已进入预申报生产流程，冻干人用狂犬病疫苗（人二倍体细胞）获得临床试验总结报告，预计2020年后大品种有望逐步贡献收入。盈利预测与投资建议：考虑前三季度四联苗销售略超预期，我们小幅上调2019-2021年公司营业收入为23.74、28.64、43.97亿元，同比增长17.73%、20.62%、53.52%，归母净利润为6.04、7.91、13.04亿元，同比增长38.66%、30.93%、64.81%（调整前归母净利润为5.43、7.16、12.83亿元，同比增长24.67%、31.76%、79.26%），对应EPS为0.89、1.17、1.92元。公司作为在研产品管线最为丰富的疫苗公司之一，未来三年13价肺炎疫苗、人二倍体狂苗等重磅产品有望陆续上市，维持“买入”评级。风险提示：核心产品四联苗销售不及预期、竞争加剧的风险，研发进展不及预期的风险，预测前提不及预期导致市场容量测算出现偏差的风险，监管政策趋严的风险。,,中泰证券,买入,[None],2019-10-29,,买入,3956989,pdf_downloads/2019/2019-10-29/300601-康泰生物（300601）：四联苗销售放量良好，业绩恢复增长.pdf,300601,康泰生物,康泰生物（300601）：四联苗销售放量良好，业绩恢复增长,"{
    ""forecasts"": [
        {
            ""year"": 2019,
            ""net_profit"": 6.04,
            ""eps"": 0.89,
            ""pe"": null
        },
        {
            ""year"": 2020,
            ""net_profit"": 7.91,
            ""eps"": 1.17,
            ""pe"": null
        },
        {
            ""year"": 2021,
            ""net_profit"": 13.04,
            ""eps"": 1.92,
            ""pe"": null
        }
    ]
}",,,,,,,,,0.89,1.17,1.92,
"全铭,焦德智,许汪洋",事件：2019年10月29日，公司发布2019年三季报，2019Q1-Q3营业收入13.94亿元（-7.05%），归母净利润4.31亿元（+14.53%），扣非归母净利润4.16亿元（+16.07%）。2019Q3营收5.87亿元（+34.46%），归母净利润1.73亿元（92.21%），扣非归母净利润1.71亿元（+98.99%）业绩符合预期。四联苗销量大幅提升，公司销售费用有所下滑。公司2019Q3业绩驱动的核心因素是四联苗高速增长。四联苗上半年由于批签发原因影响销售，三季度逐步恢复，公司2019Q3单季度四联苗批签发161.88万只（上半年仅90万只），我们预计Q3单季度销量超100万支，全年预计450万只左右，2020年仍有望持续增长。此外公司23价肺炎疫苗批签发89万只，有望持续贡献业绩增量。公司前三季度毛利率91.89%，基本与去年持平，净利润率达30.90%，相比去年全年提升9.30个百分点，主要由于公司销售费用率大幅降低，2019前三季度销售费用率为39.50%，相比去年全年下降10.35个百分点，考虑到Q3每个月激励费用预计约2000万元，实际销售费用率随着公司产品体量增大及预期大品种陆续获批，终端销售推广费用有所下降。13价肺炎疫苗申报在即，三代狂苗持续推进。公司13价肺炎疫苗完成申报前沟通，预计于近期申报上市，并且有望于2020年下半年或2021年上半年获批上市，公司进度位于国内第二。狂犬疫苗（人二倍体）国内领先，该产品有望于今年年底申报上市。公司IPV疫苗处于临床III期，位居行业领先水平，OPV后遗症及II型脊髓灰质炎病例出现，IPV需求大幅提升，多城市开展2IPV+2OPV的免疫接种计划将进一步提升品种空间。此外，公司百白破-IPV-Hib（新型五联苗）、麻腮风水痘四联苗均快速推进，进一步提升公司产品市场空间。盈利预测与投资评级：我们预计公司2019-2021年营业收入为22.73/25.81/37.73亿元，归母净利润为5.69/8.02/14.10亿元，对应PE为94X/66X/38X，13价肺炎疫苗、三代狂苗等重磅产品上市为带来销售增长，丰富的研发管线为公司未来发展提供持续推动力。公司作为行业龙头，受益于行业集中度提升，因此我们维持“买入”评级。风险提示：研发进度低于预期的风险；疫苗销售低于预期的风险；疫苗行业事件风险。,,东吴证券,买入,[None],2019-10-29,,买入,3956680,pdf_downloads/2019/2019-10-29/300601-康泰生物（300601）：四联苗销量大幅提升，公司业绩符合预期.pdf,300601,康泰生物,康泰生物（300601）：四联苗销量大幅提升，公司业绩符合预期,"{
    ""forecasts"": [
        {
            ""year"": 2019,
            ""net_profit"": 5.69,
            ""eps"": null,
            ""pe"": 94
        },
        {
            ""year"": 2020,
            ""net_profit"": 8.02,
            ""eps"": null,
            ""pe"": 66
        },
        {
            ""year"": 2021,
            ""net_profit"": 14.10,
            ""eps"": null,
            ""pe"": 38
        }
    ]
}",,,94.0,66.0,38.0,,,,,,,
黄卓,事件：10月28日，公司公告2019年三季报，报告期内公司实现营业收入13.94亿元，同比下降7.05%；归母净利润4.31亿元，同比增长14.53%；扣非归母净利润4.16亿元，同比增长16.07%，基本每股收益0.68元。Q3业绩同比大幅增长，略超预期，销售费用率维持合理水平2019Q3公司实现营收5.87亿，同比增长34.46%，环比增长25.85%，收入增长主要动力来自于四联苗销售恢复，实现归母净利1.73亿元，同比增长92.21%，环比增长8.97%，主要原因为（1）公司业绩恢复；（2）2018Q3业绩受长生事件影响，利润基数较低。2019Q1-3，公司实现销售费用5.51亿，同比下降26.58%，销售费用率39.50%，研发费用1.25亿，同比增长48.63%，由于新品上市，公司销售费用率有所上扬，但总体维持合理水平。批签发逐步恢复，四联苗全年增长可期截止2019.10.28，公司批签发情况：四联苗252.35万（2018：515.14万），23价肺炎球菌结合疫苗89.26万，Hib疫苗177.95万，麻风减毒疫苗210.59万，重组乙肝疫苗2140.68万（10μg：1909.57万，20μg：201.67万，60μg：29.45万），目前公司批签发逐步恢复，四联苗6-7月份获批170.91万，23价肺炎球菌结合疫苗新品开始放量。13价肺炎球菌结合疫苗、人二倍体狂苗等重磅品种进度领先公司23价肺炎球菌结合疫苗于8月顺利获得批签发，已中标上海、广东和安徽三地；13价肺炎球菌结合疫苗处于上市前预沟通阶段，有望年底前提交上市申请，预计2021年初将获批上市；冻干人用狂犬疫苗（人二倍体细胞）有望年底提交上市申请，预计2021年获批；公司13价肺炎球菌疫苗和人二倍体狂苗产能设计充分，均属于重磅产品，未来单品收入贡献高。此外，水痘减毒疫苗、IPV、EV71、组分百白破、麻腮风-水痘四联苗等后续重磅品种也有望进一步支撑公司长期发展。投资建议与盈利预测考虑公司业绩恢复加快，我们上调公司盈利预测，预计公司2019-2021年营业收入为22.27/28.51/41.32亿元，归母净利润为5.52/7.32/11.39亿元，2019-2021年EPS分别为0.86（+0.06）/1.15（+0.13）/1.78（+0.22）元，公司后续在研管线丰富，基于2020年给予80倍PE，上调目标价92，维持增持评级。风险提示疫苗研发存在风险、疫苗上市进程存在不确定性、疫苗监管政策风险。,,国元证券,增持,[None],2019-10-28,,增持,3963012,pdf_downloads/2019/2019-10-28/300601-康泰生物（300601）三季报点评：四联苗恢复增长，后续品种储备丰富.pdf,300601,康泰生物,康泰生物（300601）三季报点评：四联苗恢复增长，后续品种储备丰富,"{
    ""forecasts"": [
        {
            ""year"": 2019,
            ""net_profit"": 5.52,
            ""eps"": 0.86,
            ""pe"": null
        },
        {
            ""year"": 2020,
            ""net_profit"": 7.32,
            ""eps"": 1.15,
            ""pe"": null
        },
        {
            ""year"": 2021,
            ""net_profit"": 11.39,
            ""eps"": 1.78,
            ""pe"": null
        }
    ]
}",,,,,,,,,0.86,1.15,1.78,
"杜佐远,苑建",事件： 三季报：收入 13.94 亿元，同比下滑 7.1%，净利润 4.31 亿元，同比增加 14.5%，经营性现金流净额 2.68 亿元，同比增加 68.6%，EPS 0.68 元；其中 19Q3 单季度收入 5.87 亿元（ +35%），净利润1.73 亿元（ +92%），四联苗销售强劲，业绩略超预期。点评:业绩略超预期， 四联苗销售维持强劲势头。 前三季度收入 13.94 亿元，同比下滑 7.1%，净利润 4.31 亿元，同比增加 14.5%， 19Q3 单季度收入 5.87 亿元（ +35%），净利润 1.73 亿元（ +92%）， Q3 单季度业绩大幅增加， 主要原因是去年低基数以及今年以来销售费用率大幅降低下四联苗销售仍保持强劲势头。 分产品看： 1）前三季度四联苗300 万支以上，收入 8.5-9 亿元，较去年同期基本持平，贡献 3.5-4亿净利润，同比增速 14%-18%，主要原因今年销售费用率大幅降低（ 19Q3 40%VS 18Q3 50%） ； 2） 23 价肺炎、 Hib、乙肝等品种前三季度实现收入 5-5.5 亿元，扣除激励费用等贡献 6000 万左右净利润（含政府补助等） 。研发管线堪比国际疫苗巨头，四联苗&amp;五联苗+三代狂苗+13 价肺炎+EV71+IPV，将演绎“50 亿净利润是如何炼成的”。 公司独家品种百白破+Hib 四联苗受益于逐步替代 Hib、百白破，四联苗相关多联疫苗3-4 年内无竞争对手上市，而自己研发的五联苗预计 21-22 年上市，届时将打造最强“百白破、 Hib、脊灰”联苗，有望贡献超 10 亿净利润；13 价肺炎正式报产在即， 20-21 年有望获批， 5 年内最多 3 家企业与其竞争（包括外资），有望贡献 10 亿净利润；二倍体狂苗临床总结报告已完成， 报产在即， 20-21 年有望获批， 5 年内最多 1 家企业与其竞争，有望贡献 20 亿净利润； EV71、 IPV 有望 21-22 年获批上市，预计贡献 10 亿级别净利润。四联苗&amp;五联苗+三代狂苗+13 价肺炎+EV71+IPV，将演绎“50 亿净利润是如何炼成的”，若考虑临床前阶段的“麻腮风+水痘四联苗”，未来疫苗业务净利润或将超 60 亿元。盈利预测与投资建议。 四联苗销售强劲， 全年销量有望创新高。预计19-21 年净利润 5.5/8.4/14.8 亿元，同比增速 27%/52%/76%，中长期观点不变。重磅品种报产在即， 20 年合理估值 710 亿元（ 20PE85X），仅考虑疫苗，三年看千亿市值（ 22 年 42 倍 PE），若未来布局其他生物药，则打开长期成长天花板。维持“买入”评级。风险提示：销售低预期；新品获批进展不及预期；行业黑天鹅事件等。,,太平洋证券,买入,[None],2019-10-28,,买入,3957715,pdf_downloads/2019/2019-10-28/300601-康泰生物（300601）：业绩略超预期，重磅品种报产在即.pdf,300601,康泰生物,康泰生物（300601）：业绩略超预期，重磅品种报产在即,"{
    ""forecasts"": [
        {
            ""year"": 2019,
            ""net_profit"": 5.5,
            ""eps"": null,
            ""pe"": null
        },
        {
            ""year"": 2020,
            ""net_profit"": 8.4,
            ""eps"": null,
            ""pe"": 85
        },
        {
            ""year"": 2021,
            ""net_profit"": 14.8,
            ""eps"": null,
            ""pe"": 42
        }
    ]
}",,,,85.0,42.0,,,,,,,
"全铭,焦德智,许汪洋",事件：2019年10月10日，公司发布2019年前三季度业绩预告，预计前三季度归母净利润为4.15亿-4.4亿，同比增长10.31%-16.96%，预计前三季度非经常性损益为1485.13万元，前三季度公司扣非归母净利润同比增长约4.00-4.25亿元，同比增长11.64%-18.62%，业绩超预期。公司2019Q3归母净利润为1.57-1.82亿元，同比增长74.58%-102.41%，业绩超预期。四联苗销量大幅提升，公司业绩超预期。公司2019Q3归母净利润为1.57-1.82亿元，同比增长74.58%-102.41%，剔除期权激励费用，2019年Q3归母净利润约2.17-2.42亿元。公司2019Q3业绩驱动的核心因素是四联苗高速增长。四联苗上半年由于批签发原因影响销售，三季度逐步恢复，公司2019Q3单季度四联苗批签发161.88万只（上半年仅90万只），我们预计Q3单季度销量超100万支，全年预计450万只左右，2020年仍有望持续增长。此外公司23价肺炎疫苗批签发89万只，有望持续贡献业绩增量。13价肺炎疫苗申报在即，三代狂苗持续推进。公司13价肺炎疫苗完成申报前沟通，预计于近期申报上市，并且有望于2020年下半年或2021年上半年获批上市，公司进度位于国内第二。狂犬疫苗（人二倍体）国内领先，该产品有望于今年年底申报上市。公司IPV疫苗处于临床III期，位居行业领先水平，OPV后遗症及II型脊髓灰质炎病例出现，IPV需求大幅提升，多城市开展2IPV+2OPV的免疫接种计划将进一步提升品种空间。此外，公司百白破-IPV-Hib（新型五联苗）、麻腮风水痘四联苗均快速推进，进一步提升公司产品市场空间。盈利预测与投资评级：我们预计公司2019-2021年营业收入为22.73/25.81/37.73亿元，归母净利润为5.69/8.02/14.10亿元，对应PE为82X/58X/33X，13价肺炎疫苗、三代狂苗等重磅产品上市为带来销售增长，丰富的研发管线为公司未来发展提供持续推动力。公司作为行业龙头，受益于行业集中度提升，因此我们维持“买入”评级。风险提示：研发进度低于预期的风险；疫苗销售低于预期的风险；疫苗行业事件风险。,,东吴证券,买入,[None],2019-10-10,,买入,3937919,pdf_downloads/2019/2019-10-10/300601-康泰生物（300601）：四联苗销量大幅提升，公司业绩超预期.pdf,300601,康泰生物,康泰生物（300601）：四联苗销量大幅提升，公司业绩超预期,"{
    ""forecasts"": [
        {
            ""year"": 2019,
            ""net_profit"": 5.69,
            ""eps"": null,
            ""pe"": 82
        },
        {
            ""year"": 2020,
            ""net_profit"": 8.02,
            ""eps"": null,
            ""pe"": 58
        },
        {
            ""year"": 2021,
            ""net_profit"": 14.10,
            ""eps"": null,
            ""pe"": 33
        }
    ]
}",,,82.0,58.0,33.0,,,,,,,
"江琦,赵磊",投资要点事件：2019年10月9日，公司发布2019年前三季度业绩预告。2019年前三季度预计实现归母净利润4.15-4.40亿元，同比增长10.31%-16.96%。其中第三季度预计实现归母净利润1.57-1.82亿元，同比增长74.58%-102.41%。四联苗销售同比逐步恢复增长，叠加新品23价肺炎疫苗上市，带动业绩恢复增长。2019年前三季度预计归母净利润小幅增长、表现略超预期，归母净利润绝对额中值在4.28亿元左右（13.64%+）。其中第三季度预计实现归母净利润1.57-1.82亿元，绝对额中值在1.70亿元左右（88.50%+），实现快速增长。我们预计和四联苗同比恢复增长、23价肺炎疫苗新品上市、2018Q3受狂苗事件影响基数较小等有关。2019年前三季度批签发数据显示，公司四联苗批签发252.35万瓶（其中第三季度单季度批签发161.88万瓶、快速恢复），23价肺炎疫苗批签发89.26万瓶（新获批签发），乙肝疫苗批签发约2140万支。此外，公司13价肺炎疫苗已进入预申报生产流程，冻干人用狂犬病疫苗（人二倍体细胞）获得临床试验总结报告，预计2020年后大品种有望逐步贡献收入。大单品人狂犬病疫苗（人二倍体细胞）和13价肺炎球菌疫苗有望于2020-2021年获批上市。（1）13价肺炎球菌疫苗：按照沛儿获批的6周龄至15月龄婴幼儿接种、4针常规免疫接种程序（2、4、6月龄进行基础免疫，12-15月龄加强免疫）、698元/针的价格计算，我们认为13价肺炎球菌疫苗市场空间有望达到71亿元（15%渗透率）。康泰生物13价肺炎球菌疫苗已进入预申报生产流程，我们预计有望在2020年获批上市，分享蓝海市场。（2）人二倍体狂犬疫苗：市场空间约1500万人份，过去受制于生产工艺、价格等因素高端人二倍体狂苗占比仅1%。公司全套引进赛诺菲•巴斯德技术，虽然撤回冻干人用狂犬病疫苗（MRC-5细胞）注册申请，但后续升级品种冻干人用狂犬病疫苗（人二倍体细胞）目前获得临床研究总结报告，预计有望于2020年获批上市，市场空间在18亿元左右。盈利预测与投资建议：我们预计2019-2021年公司营业收入为22.20、24.13、38.12亿元，同比增长10.09%、8.66%、57.98%，归属母公司净利润为5.43、7.16、12.83亿元，同比增长24.67%、31.76%、79.26%，对应EPS为0.80、1.06、1.89元。公司作为在研产品管线最为丰富的疫苗公司之一，未来三年13价肺炎疫苗、人二倍体狂犬病疫苗等重磅产品有望陆续上市，维持“买入”评级。风险提示：核心产品四联苗销售不及预期、竞争加剧的风险，研发进展不及预期的风险，预测前提不及预期导致市场容量测算出现偏差的风险，监管政策趋严的风险。,,中泰证券,买入,[None],2019-10-10,,买入,3937506,pdf_downloads/2019/2019-10-10/300601-康泰生物（300601）：四联苗和23价肺炎疫苗双轮驱动，业绩恢复增长.pdf,300601,康泰生物,康泰生物（300601）：四联苗和23价肺炎疫苗双轮驱动，业绩恢复增长,"{
    ""forecasts"": [
        {
            ""year"": 2021,
            ""net_profit"": 12.83,
            ""eps"": 1.89,
            ""pe"": null
        }
    ]
}",,,,,,,,,,,1.89,
"朱国广,陈铁林",投资要点事件：公司发布业绩预告，预计2019年前三季度实现归母净利润4.1-4.4亿元，同比增长10.3%-17.0%。销售端持续优化，业绩超市场预期。分单季度来看，公司2019Q3实现归母净利润1.6-1.8亿元，同比增长74.6%-102.4%，超市场预期。核心品种销售方面：1）四联苗：公司独家品种，2019Q1-3批签发量为252万支，Q3批签发量为162万支，预计公司前三季度销量在300万支左右，预计全年销量有望达到450万支，2020年销售有望达到600万支；2）60ug乙肝：独家品种，预计2019前三季度实现销售60万支左右，预计全年销售有望达到80万支，2020年销售有望达到100万支。期间费用方面：公司大力推进销售改革，包括从向医生推广转变为向C端推广等，销售费用率正在明显下降，预计全年可降低约10个百分点。疫苗产品管线国内最强，即将进入兑现期。通过自研+对外合作，公司目前已构建国内最丰富的疫苗产品梯队。1）13价肺炎疫苗：国内进度第二，目前处于Pre-NDA阶段，考虑到13价肺炎疫苗属于儿童用药，我们判断大概率将获优先审批资格。预计在2019年Q4内可见到其正式受理号，2020年底或2021年初有望获批。2）冻干人二倍体狂犬：目前国内进度第一，预计在2019年底前后可申报生产，预计将于2021年获得生产批件；3）麻腮风-水痘：有望成为重磅品种，目前处于临床前阶段。我们认为随着公司研发进度的不断推进，以及后续众多重磅在研品种陆续上市，公司即将进入兑现期。盈利预测与评级。考虑到公司销售端持续优化，销售费用进一步降低，带动公司业绩超预期，我们上调公司2019-2021年业绩至5.9/7.9/14.5亿元，对应估值为78/58/32倍，考虑到公司在研产品管线丰富，多个重磅产品持续推进，维持“买入”评级。风险提示：研发速度或不及预期；四联苗放量不及预期的风险；再次出现行业安全事件影响消费者信心的风险。,,西南证券,买入,[None],2019-10-09,,买入,3937690,pdf_downloads/2019/2019-10-09/300601-康泰生物（300601）：业绩超市场预期，长期稳定高增长可期.pdf,300601,康泰生物,康泰生物（300601）：业绩超市场预期，长期稳定高增长可期,"{
    ""forecasts"": [
        {
            ""year"": 2019,
            ""net_profit"": 5.9,
            ""eps"": null,
            ""pe"": 78
        },
        {
            ""year"": 2020,
            ""net_profit"": 7.9,
            ""eps"": null,
            ""pe"": 58
        },
        {
            ""year"": 2021,
            ""net_profit"": 14.5,
            ""eps"": null,
            ""pe"": 32
        }
    ]
}",,,78.0,58.0,32.0,,,,,,,
"杜佐远,苑建",事件：近日子公司民海生物收到冻干人用狂犬病疫苗（人二倍体细胞）临床试验总结报告，研究结果显示安全性好，免疫原性和免疫持久性良好，全面达到临床预设目标，预计年底前提交预申报，20年Q1正式申报生产，21年上半年有望获批。点评：人二倍体狂苗临床试验全面达到预设目标，预计年底前提交预申报。公司二倍体狂苗是在巴斯德引进的狂苗（MRC-5）基础上改进品种（全套设备和工艺引进巴斯德），但是相比巴斯德产品，康泰改良产品纯度高、安全性好，且收率更高。狂苗临床总结报告数据表明临床数据全面达到临床预设目标，标志着临床阶段顺利完成。后续需要连续试生产三批和产品检测（大约3个月左右），然后向国家药审中心提交预申报，明年一季度有望正式报产，审评审批顺利话我们预计21年上半年获批生产。公司二倍体狂苗为巴斯德技术的升级，生产工艺已经成熟，当前产能200万人份，此外公司在建的二期产能有300万人份。国内狂苗年均需求1500万人份，康泰产品峰值可贡献20亿净利润。目前国内获批上市的三代狂苗仅有成都康华一家，其产品定价1250元/人份，产品需求旺盛，但是受工艺和产能限制 ，2014年上市以来未实现放量，2018年批签发量约183万支，约37万人份。康泰产能约1000万支，约200万人份，二期产能达到300万人份，我们假设康泰产品上市后占据25%市场销量（375万人份），价格按照1200元/人份测算，则销售峰值约45亿元，考虑到按净销售额提成给巴斯德（5%左右），预计峰值净利润20亿元左右盈利预测与投资建议。预计19-21年净利润5.5/7.8/13.4亿元，同比增速27%/41%/72%，中长期观点不变。19年重磅品种报产在即，合理估值500亿元（19PE90X），20年合理估值700亿元（20PE90X），仅考虑疫苗，三年看千亿市值（22年42倍PE），若未来布局其他生物药，则打开长期成长天花板。维持“买入”评级。风险提示：销售低预期；新品获批进展不及预期；行业黑天鹅事件等。,,太平洋证券,买入,[None],2019-08-28,,买入,3887736,pdf_downloads/2019/2019-08-28/300601-康泰生物（300601）：二倍体狂苗临床总结报告完成，向新型疫苗龙头稳步迈进.pdf,300601,康泰生物,康泰生物（300601）：二倍体狂苗临床总结报告完成，向新型疫苗龙头稳步迈进,"{
    ""forecasts"": [
        {
            ""year"": 2019,
            ""net_profit"": 5.5,
            ""eps"": null,
            ""pe"": null
        },
        {
            ""year"": 2020,
            ""net_profit"": 7.8,
            ""eps"": null,
            ""pe"": null
        },
        {
            ""year"": 2021,
            ""net_profit"": 13.4,
            ""eps"": null,
            ""pe"": null
        }
    ]
}",,,,,,,,,,,,
"全铭,焦德智,许汪洋","疫苗法出台提高行业进入门槛，发展高质高价疫苗大势所趋。国内疫苗市场随着全民健康意识以及消费水平提升而增长迅速，当前市场规模接近200亿元，预计2017-2030年复合增速超过10%。优质创新的二类疫苗成为行业核心竞争力，疫苗研发、生产、商业化严要求高标准铸就行业高壁垒，竞争格局相对较为稳定，对标创新药，降价压力小。疫苗管理法出炉，监管进一步严格化，行业分化走向三极，三分市场各司其职，行业集中度提升大势所趋，我们预计以康泰生物为首的民营疫苗企业有望通过丰富的产品管线享受行业集中度提升的红利。    
    康泰生物疫苗产品线丰富，短中长期具备增长看点。    
    短期看在售产品持续放量，业绩增长有保障。四联苗批签发恢复正常，2019年至今批签发量达到206万支，联苗替代单苗已成为市场趋势，百白破供应紧张，四联苗有望替代维持今明两年稳定增长。23价肺炎球菌多糖疫苗预计下半年开始销售，中国老龄化提升市场空间。    
    中期关注13价肺炎苗、三代狂苗、IPV、EV71。重磅品种13价肺炎球菌结合疫苗临床试验结束，预计未来1年左右上市，公司进度位于国内第二，涵盖年龄广泛，预计产品进入成熟期后每年增量患者有望为公司带来47亿收入。狂犬疫苗（人二倍体）国内领先，目前处于临床III期总结阶段，预计公司产品峰值销售将达到23亿元。公司IPV疫苗即将进入临床III期，位居行业领先水平，OPV后遗症及II型脊髓灰质炎病例出现，IPV需求大幅提升，多城市开展2IPV+2OPV的免疫接种计划将进一步提升品种空间。EV71疫苗II期临床中，采用汉逊酵母工程菌种，在当前在研企业中进度靠前，通过成本优势和产能优势有望获得较高市占率。    
    长期看多价多联疫苗市场空间广阔。联合疫苗是未来疫苗行业发展的方向，我国多联疫苗种类数量占比仅为16.87％，替代空间广阔。公司作为国内联苗的领跑者，具有较强的联苗研发和生产能力。除了在售的四联苗，公司百白破-IPV-Hib（新型五联苗）、麻腮风水痘四联苗（全球仅默克、GSK有，但目前尚未进入中国市场）均已处于临床前研究中。    
    盈利预测与投资评级：我们预计公司2019-2021年营业收入为22.73/25.81/37.73亿元，归母净利润为5.74/8.08/14.18亿元，对应PE为75X/53X/30X，13价肺炎疫苗、三代狂苗等重磅产品上市带来销售增长，丰富的研发管线为公司未来发展提供持续推动力。公司作为行业龙头，受益于行业集中度提升，因此我们给予“买入”评级。    
    风险提示：研发进度低于预期的风险；疫苗销售低于预期的风险；疫苗行业事件风险。",,东吴证券,买入,[None],2019-08-09,,买入,3867510,pdf_downloads/2019/2019-08-09/300601-康泰生物（300601）：丰富管线铸就疫苗龙头，大品种上市带动业绩腾飞.pdf,300601,康泰生物,康泰生物（300601）：丰富管线铸就疫苗龙头，大品种上市带动业绩腾飞,"{
    ""forecasts"": [
        {
            ""year"": 2021,
            ""net_profit"": 14.18,
            ""eps"": null,
            ""pe"": 30
        }
    ]
}",,,,,30.0,,,,,,,
周新明,"事件：公司发布2019年半年度报告，实现营业收入8.08亿元，同比下降24.07%；归母净利润2.58亿元，同比下降9.84%；扣非净利润2.45亿元，同比下降10.00%。2018H1四联苗销售基数高，拖累表观业绩增长：从收入端来看，2019H1年公司营业收入同比下降明显，主要是公司的重点产品——四联苗销售下滑所致。2017年底，四联苗的主要竞品——五联苗因未通过批签发而断货，直至2018Q3才有所恢复，导致2018H1四联苗销售大幅提升。随着五联苗供应的逐步恢复，四联苗的销售也回归正常的增长水平。受到2018H1高基数的影响，2019H1四联苗销售同比下降较多。若剔除2018年的异常波动，2019H1四联苗批签发数量为90.47万支，较2017H1增长33.31%，复合年增长率为15.46%，整体呈现平稳增长的趋势，销量的增长会更快一些。此外，从终端使用的角度看，联苗相对单苗组合存在接种次数少等明显优势，随着家长对小孩疫苗接种重视程度的提高和支付能力的增强，联苗逐步取代传统单苗组合是大势所趋。作为公司目前的重点产品，四联苗的渗透率还非常低，还有较大的增长潜力，短期内仍会是推动公司业绩增长的重要动力。从费用端来看，2019H1销售费用较2018H1下降42.29%，主要由于“销售服务费及奖励”项减少所致，而研发投入继续稳定增长，较2018H1增长10.22%，达到8255.57万元。受益于费用端的控制，2019H1公司归母净利润的降幅小于营业收入。近年行业性事件频发，行业洗牌后强者恒强：近年来国内疫苗行业颇不平静，山东疫苗事件、长生生物疫苗事件以及《疫苗管理法》的出台都对行业发展产生了深刻的影响。6月底出台的《疫苗管理法》一方面通过疫苗全程电子追溯制度、疫苗生产严格准入制度、显著加大违法处罚力度等方式加强行业监管，淘汰生产、流通等环节存在质量缺陷的企业，对行业正本清源，以期降低“长生生物事件”再次发生的概率；另一方面通过支持多联、多价等新型疫苗的研制以及对疾病预防、控制急需的疫苗和创新疫苗予以优先审评等方式鼓励疫苗的研发创新，两个方面整体上均利好头部企业的长期发展。公司作为国内老牌疫苗研发生产企业，研发实力雄厚，尤其在联苗方面优势明显，有望在行业洗牌中受益。重磅疫苗有望接连上市，打开成长空间：（1）13价肺炎球菌多糖结合疫苗：该疫苗可用于预防常见的13种血清型肺炎链球菌感染引起的菌血症性肺炎、脑膜炎等多种疾病，适用于6周龄-5岁儿童，弥补了23价肺炎球菌多糖疫苗在使用人群上的限制（2岁及以上易感人群），因此成为目前全球最畅销的疫苗产品。2018年辉瑞的13价肺炎球菌结合疫苗全球销售额高达58亿美元，市场空间广阔。目前国内已上市的13价肺炎球菌结合疫苗仅辉瑞一家。在研的企业中沃森生物进展最快，其产品已处于上市申报阶段，并于今年4月进入优先审评程序，预计今年将获批上市。康泰生物紧随期后，已于今年6月完成III期临床试验。根据目前的研发进度推算，预计公司的产品有望于2020-2021年获批，成为国内第三家13价肺炎球菌结合疫苗供应商。（2）其他重要在研产品：除了13价肺炎球菌结合疫苗以外，公司还有包括脊髓灰质炎灭活疫苗、冻干人用狂犬病疫苗（人二倍体细胞）等在内的
多个重磅疫苗品种处于 III 期临床试验阶段，有望近年上市，助力公司业绩再上一
个台阶。",,华金证券,增持-A,[None],2019-08-07,,增持,3865364,pdf_downloads/2019/2019-08-07/300601-康泰生物（300601）：业绩符合预期，期待重磅产品上市.pdf,300601,康泰生物,康泰生物（300601）：业绩符合预期，期待重磅产品上市,"{
    ""forecasts"": [
        {
            ""year"": null,
            ""net_profit"": null,
            ""eps"": null,
            ""pe"": null
        }
    ]
}",,,,,,,,,,,,
金红,公司研究|医疗保健|制药、生物科技与生命科学 证券研究报告事件：8月2日，公司公告2019年半年报，报告期内公司实现营业收入8.08亿元，同比下降24.07%；归母净利润2.58亿元，同比下降9.84%；扣非归母净利润2.45亿元，同比下降10.00%，基本每股收益0.41元。公司上半年受政策和产能影响业绩下滑，目前已基本恢复受疫苗市场监管政策影响，公司上半年疫苗生产紧张，批签发数量受限，营业收入同比下降，公司一类苗实现收入0.35亿元，同比下降29.47%，二类苗实现收入7.72亿元，同比下降23.75%，其中四联苗上半年合计批签发90万支，结合前期市场存量，预计销售170余万支，实现收入近5亿元（2018H1 6.54亿）。目前公司产能已基本恢复，2019年7月实现四联苗批签发115.42万，Hib疫苗71.69万，预计下半年将恢复增长，全年利润有望保持稳定增长。销售费用率显著下降，公司费用提振显效2019年上半年，公司实现销售费用3.05亿，同比下降42.29%，销售费用率37.89%（2018H1 49.85%）；管理费用0.71亿元，同比增长26.18%，管理费用率8.83%（2018H1 9.87%）；研发投入0.37亿元，同比下降21.53%。公司费用率同比下降显著，其中销售费用率控制较好，控费增效成效突出，预计未来公司销售费用率将控制在合理水平。四联苗全年有望恢复增长，在研疫苗进展顺利在百白破疫苗短缺的背景下，公司四联苗产能恢复，7月份实现批签发115万支，未来将继续保持较好的生产供应节奏，全年四联苗销售有望实现超450万支，保障公司全年业绩增长。公司后续产品线丰富，吸附无细胞百白破疫苗预计年内获批；ACYW135脑膜炎球菌疫苗和冻干Hib结合疫苗处于审评中；13价肺炎结合疫苗已提交药品注册批件预申请，将根据CDE反馈准备上市申请，预计2020-2021年获批；冻干人用狂犬疫苗（人二倍体细胞）完成III期临床试验数据揭盲工作，年内有望提交上市申请，后续还有麻腮风-水痘等产品在研。投资建议与盈利预测康泰生物是国产疫苗龙头企业，预计公司19-21年营业收入分别为21.44/26.13/37.05亿元，归母净利润5.12/6.52/9.97亿元，EPS分别为0.80/1.02/1.56元/股，对应PE为78/61/40倍。考虑公司在研管线丰富，未来潜力较大，给予2019年85倍估值，对应目标价68元，维持增持评级。风险提示疫苗研发存在风险、疫苗上市进程存在不确定性；疫苗监管政策风险。,,国元证券,增持,[None],2019-08-05,,增持,3863273,pdf_downloads/2019/2019-08-05/300601-康泰生物（300601）2019H1点评：四联苗全年销售可期，后续产品线丰富.pdf,300601,康泰生物,康泰生物（300601）2019H1点评：四联苗全年销售可期，后续产品线丰富,"{
  ""forecasts"": [
    {
      ""year"": 2019,
      ""net_profit"": 5.12,
      ""eps"": 0.80,
      ""pe"": 78
    },
    {
      ""year"": 2020,
      ""net_profit"": 6.52,
      ""eps"": 1.02,
      ""pe"": 61
    },
    {
      ""year"": 2021,
      ""net_profit"": 9.97,
      ""eps"": 1.56,
      ""pe"": 40
    }
  ]
}",,,78.0,61.0,40.0,,,,0.8,1.02,1.56,
谢长雁,业绩符合预期，二季度环比改善2019年上半年康泰生物实现营收8.08亿元（-24.07%），归母净利润2.58亿元（-9.84%），扣非净利润2.45亿元（-10.00%），业绩符合预期。业绩下滑因受到疫苗行业监管收紧以及去年二季度高基数等因素的影响。从单季度来看，二季度营收4.66亿元（-29.4%），环比增长36.4%；净利润1.58亿元（-10.2%），环比增长58.9%，二季度数据环比明显改善。批签发：四联苗大幅减少，二季度有回暖迹象上半年四联苗仅批签发90万支（-62.2%），叠加存货的消化，我们估计上半年的销售在200万支左右，四联苗的销售并未出现大幅下滑。并且二季度四联苗的批签发较一季度已有明显的回暖，另外，百白破联苗缺货利好公司四联苗的销售，预计四联苗全年的销售将有一个小幅的增长。乙肝疫苗批签发2141万支（+30.5%），估计销售端与去年同期基本持平；Hib疫苗和麻风疫苗同比有不同程度的下滑。受到监管的影响，今年上半年疫苗行业的整体批签发出现萎缩，二季度开始已经逐渐恢复，预计下半年将会进一步回升。销售费用率大幅下降，管理费用率上涨上半年销售费用率为37.9%（-11.9pct），预计全年能保持在40%左右。长期来看，公司的销售费用率将逐渐下行到行业的平均水平（30%左右）。管理费用率（含研发费用）为17.7%，比去年同期增加7.8pct，主要是因为研发费用率的增长（+4.2pct）。因为销售费用率大幅下降，公司在毛利率基本不变的情况下净利率大幅提升。风险提示：研发进度不及预期、疫苗行业安全性事件。投资建议：管线储备深厚，看好长期布局，维持 “增持”评级公司是研发能力领先的国内疫苗龙头，19/20年的业绩主要依靠现有产品的内生增长及新产品上市带来的增量。重磅品种13价肺炎结合苗和和人二倍体狂苗预计将于2021年上市，推动业绩大幅增长。长期来看，公司在多联苗的产品和研发布局上拥有巨大优势，五联苗、麻腮风水痘四联苗等大品种将会保障公司长期的成长。定增募资后公司具有并购整合能力。预计公司2019~2021年的净利润为5.02/6.54/12.14亿，对应当前股价的PE为80.9/62.1/33.5x，维持“增持”评级。,,国信证券,增持,[None],2019-08-05,,增持,3862593,pdf_downloads/2019/2019-08-05/300601-康泰生物（300601）2019年中报点评：二季度环比改善，看好长期布局.pdf,300601,康泰生物,康泰生物（300601）2019年中报点评：二季度环比改善，看好长期布局,"{
    ""forecasts"": [
        {
            ""year"": 2021,
            ""net_profit"": 12.14,
            ""eps"": null,
            ""pe"": 33.5
        }
    ]
}",,,,,33.5,,,,,,,
"杜佐远,苑建","事件：近日发布2019年中报，实现营业收入8.08亿元，同比下滑24.1%，归母净利润2.58亿元，同比下滑9.8%，EPS 0.41元，经营性现金流净额1.25亿元。点评:业绩符合预期，二季度四联销售大幅改善。19年营收8.08亿元（-24.1%），净利润2.58亿元（-9.8%）。分产品看，上半年四联苗销量接近200万支，收入约5.5亿元，较去年同期下滑15%左右，主要受19Q1拖累，贡献净利润约2.4亿元，与去年同期基本持平，主要原因今年销售费用率大幅降低（19H1 38%VS 18H1 50%），预计全年四联销量450万支，贡献净利润5.4亿元左右。Hib、乙肝等品种实现收入2.6亿元，扣除3000万左右激励费用贡献净利润约1800万元。从批签发上看，截至7月底，今年以来四联苗批签发206万支，其中7月单月批签发115万支，批签发开始上量，全年四联苗批签发有望突破500万支。23价肺炎疫苗已送中检所批签发，预计三季度实现销售，有望在下半年贡献业绩弹性。详细的业绩拆分及预测，请见尾页。研发管线堪比国际疫苗巨头，四联苗&amp;五联苗+三代狂苗+13价肺炎+EV71+IPV，将演绎“50亿净利润是如何炼成的”。公司独家品种百白破+Hib四联苗受益于逐步替代Hib、百白破，四联苗相关多联疫苗3-4年内无竞争对手上市，而自己研发的五联苗预计21-22年上市，届时将打造最强“百白破、Hib、脊灰”联苗，有望贡献超10亿净利润；13价肺炎申报前沟通已提交申请，正式报产在即，20年有望获批，5年内最多3家企业与其竞争（包括外资），有望贡献10亿净利润；二倍体狂苗已完成揭盲，报产在即，预计20年中下旬获批，5年内最多1家企业与其竞争，有望贡献20亿净利润；EV71、IPV有望21-22年获批上市，预计贡献10亿级别净利润。四联苗&amp;五联苗+三代狂苗+13价肺炎+EV71+IPV，将演绎“50亿净利润是如何炼成的”，若考虑临床前阶段的“麻腮风+水痘四联苗”，未来疫苗业务净利润或将超60亿元。盈利预测与投资建议。四联苗二季度销售环比大幅提升，7月份批签发上量，下半年四联销售有望超预期。预计19-21年净利润5.5/7.8/13.4亿元，同比增速27%/41%/72%，中长期观点不变。19年重磅品种报产在即，合理估值500亿元（19PE90X），20年合理估值700亿元（20PE90X），仅考虑疫苗，三年看千亿市值（22年

42 倍 PE），若未来布局其他生物药，则打开长期成长天花板。维持“买
入”评级。   风险提示：销售低预期；新品获批进展不及预期；行业黑天鹅事件等。",,太平洋证券,买入,[None],2019-08-05,,买入,3862404,pdf_downloads/2019/2019-08-05/300601-康泰生物（300601）：Q2四联销售大幅改善，期待重磅品种报产.pdf,300601,康泰生物,康泰生物（300601）：Q2四联销售大幅改善，期待重磅品种报产,"{
    ""forecasts"": [
        {
            ""year"": 2019,
            ""net_profit"": 5.5,
            ""eps"": null,
            ""pe"": null
        },
        {
            ""year"": 2020,
            ""net_profit"": 7.8,
            ""eps"": null,
            ""pe"": null
        },
        {
            ""year"": 2021,
            ""net_profit"": 13.4,
            ""eps"": null,
            ""pe"": null
        }
    ]
}",,,,,,,,,,,,
"江琦,赵磊","事件：2019年4月25日，公司发布2019年半年报。2019年上半年公司实现营业收入8.08亿元，同比下降24.1%；归母净利润2.58亿元，同比下降9.8%；扣非归母净利润2.45亿元，同比下降10%。经营性现金流净额1.25亿元，同比增长68.15%。    
    符合预期，受2018年同期基数较大、竞品恢复上市影响导致上半年业绩小幅下滑。分季度看，2019年第二季度收入和利润分别为4.66亿元（-29%）、1.58亿元（-10%），同比均有所下滑。2018年第二季度受益于进口五联苗断货、联苗消费升级、销售逐步推进，四联苗实现较快增长。受2019Q2基数较高影响，2019Q2利润小幅下滑10%。分产品看，2019年上半年公司以四联苗为主的二类苗合计收入7.72亿元（-24%），占收入比重达到96%；以乙肝疫苗、麻风疫苗为主的一类苗收入3471万元（-29%），占收入比重下降至4%。2019年上半年，公司独家四联苗批签发90.47万支，乙肝疫苗批签发2,140.69万支（占行业比重42.22%），Hib疫苗批签发106.26万支（占行业比重27.76%），麻风二联苗批签发161.09万支（占行业比重72.79%）。我们预计随着下半年23价肺炎疫苗正式销售、四联苗销售持续推进业绩有望逐步恢复，全年实现小幅增长。    
    销售费用率下降至38%左右，存货和应收账款基本正常。2019年上半年公司存货2.12亿元、占资产比重为6.01%，占比和2019Q1相比小幅下降约0.6个百分点，预计主要是核心产品销售所致。应收账款占收入比重114%，和2019Q1相比大幅下降、基本正常。2019年上半年公司销售费用3.06亿元、费用率下降至37.88%，下降接近12个百分点，我们预计主要是销售收入减少导致费用下降等。管理费用率和研发费用率分别是8.83%和8.84%。    
    展望下半年，人狂犬病疫苗（人二倍体细胞）和13价肺炎球菌疫苗均有望申报生产。（1）人二倍体狂犬疫苗：市场空间约1500万人份，过去受制于生产工艺、价格等因素高端人二倍体狂苗占比仅1%。公司全套引进赛诺菲•巴斯德技术，升级品种冻干人用狂犬病疫苗（人二倍体细胞）目前已处于临床研究总结阶段，预计有望于2019年申报生产，市场空间在18亿元左右。（2）13价肺炎球菌疫苗：我们认为13价肺炎球菌疫苗市场空间有望达到71亿元（15%渗透率）。康泰生物13价肺炎球菌疫苗已提交药品注册批件预申请，有望在2020-2021年获批上市，分享潜力市场。（3）23价肺炎球菌多糖疫苗已经向中检院申请批签发，有望在下半年正式销售，形成新的收入和利润增长点。    
    盈利预测与投资建议：我们预计2019-2021年公司营业收入为22.20、24.13、38.12亿元，同比增长10.09%、8.66%、57.98%，归属母公司净利润为5.43、7.16、12.83亿元，同比增长24.67%、31.76%、79.26%，对应EPS为0.80、1.06、1.89元。公司作为在研产品管线最为丰富的疫苗公司之一，未来三年13价肺炎疫苗、人二倍体狂犬病疫苗等重磅产品有望陆续上市，维持“买入”评级。    
    风险提示：核心产品四联苗竞争加剧的风险，研发进展不及预期的风险，预测前提不及预期导致市场容量测算出现偏差的风险，监管政策趋严风险。",,中泰证券,买入,[None],2019-08-03,,买入,3864840,pdf_downloads/2019/2019-08-03/300601-康泰生物（300601）：符合预期，下半年随新品上市等业绩有望逐步恢复.pdf,300601,康泰生物,康泰生物（300601）：符合预期，下半年随新品上市等业绩有望逐步恢复,"{
    ""forecasts"": [
        {
            ""year"": 2019,
            ""net_profit"": 5.43,
            ""eps"": 0.80,
            ""pe"": null
        },
        {
            ""year"": 2020,
            ""net_profit"": 7.16,
            ""eps"": 1.06,
            ""pe"": null
        },
        {
            ""year"": 2021,
            ""net_profit"": 12.83,
            ""eps"": 1.89,
            ""pe"": null
        }
    ]
}",,,,,,,,,0.8,1.06,1.89,
"朱国广,陈铁林",投资要点事件：公司发布2019半年报，实现营业收入8.1亿元，同比下滑24.1%，实现归母净利润为2.6亿元，同比下降9.8%，实现扣非后归母净利润2.5亿元，同比下滑10%。分单季度来看，2018年Q2由于基数较高，2019Q2公司实现营业收入4.7亿元，同比下滑29.4%，实现归母净利润1.6亿元，同比下滑10%，符合市场预期。四联苗下半年显著恢复，销售费用持续改善。公司19H1业绩略有下降，主要受核心品种四联苗批签发受限所致。核心品种收入端方面：1）四联苗：独家品种，由于19H1批签发较少，四联苗上半年销售受限，我们预计上半年销量约为170-180万支，去年同期约为240万支左右。2019年7月份，四联苗新增批签发115万支，单月批签发高于19H1合计90万支的水平，我们预计随着2019年7月批签发量大幅增加，四联苗下半年销售将明显恢复，预计全年销量有望实现450万支；2）60ug乙肝：独家品种，预计2019年上半年实现销售35-40万支。3）23价肺炎疫苗：已经开始生产并申请批签发。期间费用方面：1）公司大力推进销售改革，包括从向医生推广转变为向C端推广等，销售费用率大幅下降，19H1公司销售费用率为37.9%，低于2018年约12个百分点；2）此外，公司新增股票期权激励费用，股票期权预计全年摊销1.3亿元。疫苗产品管线国内最强，即将进入兑现期。通过自研+对外合作，公司目前已构建国内最丰富的疫苗产品梯队。；1）13价肺炎疫苗：国内进度第二，目前处于Pre-NDA阶段，考虑到13价肺炎疫苗属于儿童用药，我们判断大概率将获优先审批资格。预计在2019年Q3内可见到其正式受理号，2020年底或2021年初有望获批，预计13价肺炎疫苗市场规模在100亿量级。2）冻干人二倍体狂犬：目前国内进度第一，预计在2019年Q3-4可申报生产，预计将于2021年初获批；3）EV71基因工程疫苗：产能国内第一，预计将于2019年下半年开始III期临床试验，2020年底或将报产，4）麻腮风-水痘：有望成为重磅品种，目前处于临床前阶段。我们认为随着公司研发进度的不断推进，以及后续众多重磅在研品种陆续上市，公司即将进入兑现期。盈利预测与评级。考虑到2018年业绩前高后低的基数和23价肺炎即将正式上市销售，我们维持2019-2021年业绩5.5/7.5/14.2亿元判断，对应估值为73/54/29倍，考虑到公司在研产品管线丰富，多个重磅产品持续推进，维持“买入”评级。风险提示：研发速度或不及预期；四联苗放量不及预期的风险；再次出现行业安全事件影响消费者信心的风险。,,西南证券,买入,[None],2019-08-03,,买入,3861778,pdf_downloads/2019/2019-08-03/300601-康泰生物（300601）：业绩符合预期，下半年有望恢复高增长.pdf,300601,康泰生物,康泰生物（300601）：业绩符合预期，下半年有望恢复高增长,"{
    ""forecasts"": [
        {
            ""year"": 2019,
            ""net_profit"": 5.5,
            ""eps"": null,
            ""pe"": 73
        },
        {
            ""year"": 2020,
            ""net_profit"": 7.5,
            ""eps"": null,
            ""pe"": 54
        },
        {
            ""year"": 2021,
            ""net_profit"": 14.2,
            ""eps"": null,
            ""pe"": 29
        }
    ]
}",,,73.0,54.0,29.0,,,,,,,
"柴博,邓周宇","积极引进赛诺菲/默克等疫苗菌种、工艺、设备和质控方法，公司已在基因重组乙肝疫苗、DTaP为基础多联疫苗、人二倍体狂犬病疫苗、肺炎球菌结合疫苗等领域掌握核心技术，在研品种丰富且上市品种齐全，根据测算2018-2030年公司的收入复合增速达到16.40%，给予“增持”评级。    
    支撑评级的要点    
    通过多年的研发积累，公司掌握了菌株构建、细胞/病毒培养、多糖和蛋白纯化、多糖与蛋白的结合等技术。公司积极引进吸收世卫组织、赛诺菲等前沿技术和质管理念，目前已经完成了相关疫苗技术的消化吸收及国产化。20世纪90年代从美国默克全套引进乙肝疫苗生产技术，包括生产菌种、生产工艺、工艺设备、制备标准、质控方法等，是公司对基因工程疫苗探索和把控的标杆项目。2010年从赛诺菲巴斯德全套引进冻干人用狂犬病（二倍体细胞）工艺并进行工艺优化。2010年从美国国立研究院引进人-牛轮状病毒疫苗专利用于生产。2014年从荷兰Interavacc引进IPV生产及与之相关联合疫苗的工艺。2018年1月向ImunaPharm引进腮腺炎毒种，为麻腮风三联疫苗奠定基础。2018年11月与DesmonsConsultingSprl签署合作协议，协助康泰研发新型DTP-Hib/IPV五联疫苗。    
    目前上市的品种有重组乙肝疫苗（10、20、60ug）、麻风减毒活疫苗、DTaP-Hib四联疫苗、Hib结合疫苗、23价肺炎球菌多糖疫苗。重组EV71疫苗处于II期、冻干人狂犬病疫苗（人二倍体细胞）、13价肺炎球菌结合疫苗、ACWY脑膜炎多糖及结合疫苗、吸附无细胞DTaP（组分纯化）疫苗、冻干Hib结合疫苗和甲肝灭活疫苗处于III期临床总结或审评阶段。还有冻干水痘减毒活疫苗、IPV（Vero细胞）也都处于III期临床阶段。此外HPV疫苗、60ug鼻喷乙肝疫苗、腮腺炎减毒活疫苗、单纯疱疹病毒基因工程疫苗、重组B群脑膜炎疫苗、DTaP-Hib/IPV五联疫苗和口服五价重配轮状病毒减毒活疫苗都在储备当中。    
    不考虑重组EV71疫苗、五价重配轮状病毒减毒活疫苗、B型脑膜炎基因工程疫苗、麻腮风水痘（MMRV）四联疫苗，以及正在储备阶段的HPV疫苗、单纯疱疹病毒基因工程疫苗，2019-2030年收入端复合增速为16.40%，由于公司在规模、技术和工艺方面的领先，良好的竞争格局决定了公司利润端的复合增速会远高于收入增速。    
    估值    
    由于13价肺炎疫苗有望明年初上市，我们略微调高公司盈利预测，预计2019-2021年公司归母利润为5.59、8.05、13.65亿，EPS分别为0.87、1.25、2.12元，对应PE74、51、30倍，由于股价短期涨幅较大，我们下调评级至“增持”。",,中银国际,增持,[None],2019-08-02,下调评级,增持,3861433,pdf_downloads/2019/2019-08-02/300601-康泰生物（300601）：技术引进加自主研发，有望成为行业创新龙头.pdf,300601,康泰生物,康泰生物（300601）：技术引进加自主研发，有望成为行业创新龙头,"{
    ""forecasts"": [
        {
            ""year"": 2021,
            ""net_profit"": 13.65,
            ""eps"": 2.12,
            ""pe"": 30
        }
    ]
}",,,,,30.0,,,,,,2.12,
"朱国广,陈铁林",投资要点事件：公司发布2019年半年报业绩预告，2019年上半年，实现归母净利润为2.4-2.7亿元，同比下降15%-5%。分单季度来看，2019年Q2实现归母净利润约为1.4-1.7亿元，在2018年Q2高基数的基础上，同比下滑约20%-3%，符合市场预期。四联苗下半年显著恢复，销售费用持续改善。公司上半年收入略有下降，主要受核心品种四联苗销售受限所致。核心品种收入端方面：1）四联苗：独家品种，2019年1-6月批签发量为52万支，由于2019上半年批签发的限制，四联苗上半年销售明显受限，预计上半年销量约为170-180万支，去年同期约为240万支左右，我们预计随着2019年7月批签发量的缓解，下半年销售将明显恢复，全年销量有望实现450万支；2）60ug乙肝：独家品种，预计2019年上半年实现销售35-40万支。期间费用方面：1）公司大力推进销售改革，包括从向医生推广转变为向C端推广等，销售费用率正在明显下降，预计2019全年可降低近10个百分点，接近行业平均水平；2）此外，公司新增股票期权激励费用，股票期权预计全年摊销1.3亿元。疫苗产品管线国内最强，即将进入兑现期。通过自研+对外合作，公司目前已构建国内最丰富的疫苗产品梯队。1）13价肺炎疫苗：国内进度第二，目前处于Pre-NDA阶段，考虑到13价肺炎疫苗属于儿童用药，我们判断大概率将获优先审批资格。预计在2019年Q3内可见到其正式受理号，2020年底或2021年初有望获批，预计13价肺炎疫苗市场规模在100亿量级。2）冻干人二倍体狂犬：目前国内进度第一，预计在2019年Q3-4可申报生产，预计将于2021年初获批；3）EV71基因工程疫苗：产能国内第一，预计将于2019年下半年开始III期临床试验，2020年底或将报产，4）麻腮风-水痘：有望成为重磅品种，目前处于临床前阶段。我们认为随着公司研发进度的不断推进，以及后续众多重磅在研品种陆续上市，公司即将进入兑现期。盈利预测与评级。考虑到2018年业绩前高后低的基数和23价肺炎即将正式上市销售，我们维持2019-2021年业绩5.5/7.5/14.2亿元判断，对应估值为67/49/26倍，考虑到公司在研产品管线丰富，多个重磅产品持续推进，维持“买入”评级。风险提示：研发速度或不及预期；四联苗放量不及预期的风险；再次出现行业安全事件影响消费者信心的风险。,,西南证券,买入,[None],2019-07-04,,买入,3799154,pdf_downloads/2019/2019-07-04/300601-康泰生物（300601）：业绩符合预期，下半年将显著恢复.pdf,300601,康泰生物,康泰生物（300601）：业绩符合预期，下半年将显著恢复,"{
    ""forecasts"": [
        {
            ""year"": 2019,
            ""net_profit"": 5.5,
            ""eps"": null,
            ""pe"": 67
        },
        {
            ""year"": 2020,
            ""net_profit"": 7.5,
            ""eps"": null,
            ""pe"": 49
        },
        {
            ""year"": 2021,
            ""net_profit"": 14.2,
            ""eps"": null,
            ""pe"": 26
        }
    ]
}",,,67.0,49.0,26.0,,,,,,,
"江琦,赵磊",投资要点事件：2019年7月4日，公司发布2019年半年度业绩预告。2019年上半年预计实现归母净利润2.43-2.72亿元，同比下降15%-5%。点评：符合预期，下半年预计四联苗销售有望同比逐步恢复增长。2019年上半年预计归母净利润同比下滑15%-5%，绝对额中值在2.58亿元左右。主要是公司研发费用、股权激励摊销同比增加，疫苗产品销量同比减少。其中第二季度预计实现归母净利润1.44-1.72亿元，同比下滑18.6%-2.4%。2018年第二季度受益于竞品五联苗断货，四联苗实现快速放量，基数相对较高，因此2019年第二季度下滑幅度略有扩大。我们认为，2018年三季度和四季度受狂苗事件和五联苗恢复导致四联苗销量有所回落，2019年下半年四联苗销售有望同比逐步恢复。2019年截止6月23日的批签发数据显示公司四联苗批签发52.05万瓶，2018年全年批签发515.14万瓶。长期看联苗逐步取代单苗趋势确定，我们预计四联苗市场空间可达19亿元。2020年起，公司13价肺炎疫苗和人狂犬病疫苗（人二倍体细胞）有望逐步获批上市，大品种逐步贡献收入。人狂犬病疫苗（人二倍体细胞）和13价肺炎球菌疫苗均有望于2020-2021年获批上市。（1）13价肺炎球菌疫苗：按照沛儿获批的6周龄至15月龄婴幼儿接种、4针常规免疫接种程序（2、4、6月龄进行基础免疫，12-15月龄加强免疫）、698元/针的价格计算，我们认为13价肺炎球菌疫苗市场空间有望达到71亿元（15%渗透率）。康泰生物13价肺炎球菌疫苗已经完成Ⅲ期临床试验并获得总结报告，我们预计有望在2020-2021年获批上市，分享蓝海市场。（2）人二倍体狂犬疫苗：市场空间约1500万人份，过去受制于生产工艺、价格等因素高端人二倍体狂苗占比仅1%。公司全套引进赛诺菲•巴斯德技术，虽然撤回冻干人用狂犬病疫苗（MRC-5细胞）注册申请，但后续升级品种冻干人用狂犬病疫苗（人二倍体细胞）目前已处于临床研究总结阶段，预计有望于2019年申报生产，市场空间在18亿元左右。盈利预测与投资建议：我们预计2019-2021年公司营业收入为22.20、24.13、38.12亿元，同比增长10.09%、8.66%、57.98%，归属母公司净利润为5.16、6.97、12.81亿元，同比增长18.34%、35.14%、83.88%，对应EPS为0.81、1.09、2.01元。公司作为在研产品管线最为丰富的疫苗公司之一，未来三年人狂犬病疫苗（人二倍体细胞）、13价肺炎疫苗等重磅产品有望陆续上市，维持“买入”评级。风险提示：核心产品四联苗销售不及预期、竞争加剧的风险，研发进展不及预期的风险，预测前提不及预期导致市场容量测算出现偏差的风险，监管政策趋严的风险。,,中泰证券,买入,[None],2019-07-04,,买入,3799263,pdf_downloads/2019/2019-07-04/300601-康泰生物（300601）：符合预期，下半年预计四联苗有望同比恢复增长.pdf,300601,康泰生物,康泰生物（300601）：符合预期，下半年预计四联苗有望同比恢复增长,"{
    ""forecasts"": [
        {
            ""year"": 2019,
            ""net_profit"": 5.16,
            ""eps"": 0.81,
            ""pe"": null
        },
        {
            ""year"": 2020,
            ""net_profit"": 6.97,
            ""eps"": 1.09,
            ""pe"": null
        },
        {
            ""year"": 2021,
            ""net_profit"": 12.81,
            ""eps"": 2.01,
            ""pe"": null
        }
    ]
}",,,,,,,,,0.81,1.09,2.01,
"柴博,邓周宇","公司目前已上市的疫苗品种有重组乙型肝炎疫苗（酿酒酵母）（10μg、20μg、60μg三种规格）、b型流感嗜血杆菌结合疫苗、麻疹风疹联合减毒活疫苗、无细胞百白破b型流感嗜血杆菌联合疫苗、23价肺炎球菌多糖疫苗（已获得GMP证书，目前正在生产），未来2年有望上市的品种包括狂犬病人二倍体疫苗、手足口EV71疫苗。预计2019-2021年净利润为5.48、7.72、13.09亿，首次覆盖给予买入评级。    
    支撑评级的要点    
    13价肺炎疫苗临床总结报告完成，明年下半年可期获批。公司13价肺炎疫苗是目前国产进度最快的两家之一，2016年开始临床三期与辉瑞13价肺炎疫苗进行头对头试验。目前小年龄组和大年龄组数据均已经揭盲，整体临床效果非劣效于辉瑞原研疫苗。目前公司的13价肺炎疫苗产能为1500万剂，预计明年产能还会扩大达到3000万剂以上。    
    2019年5月公布定增方案用以扩充新型疫苗产能。此次募集资金主要用于扩大各品种未来产能，13价肺炎结合疫苗产能预计新增2500万剂，五联疫苗新增2000万剂产能，麻腮风新增2000万剂产能，水痘疫苗新增1000万剂产能，麻腮风水痘联合疫苗新增500万剂产能。预计新增产能充分释放后可贡献近百亿的营收规模。    
    公司是目前在研疫苗管线最丰富的民企之一，团队激励充分有助进一步释放产品潜力。2018年公司四联苗收益于进口五联苗断货而实现快速增长，全年收入达到11.60亿，yoy182.3%；Hib疫苗实现收入3.00亿，yoy7.2%；乙肝疫苗收入5.20亿，yoy21.04%。在研管线方面，除了肺炎13价疫苗外，公司其他重磅品种还有狂犬病人二倍体疫苗，预计今年底可以报产；手足口EV71疫苗，预计明年底报产。2019年完成的股票期权激励计划覆盖548名员工，共授予3206.6万份，行权价为45.09元/股（摊销费用总计2.76亿），该激励计划将公司长期发展与员工利益深度绑定，有助后续新疫苗上市的放量增长。    
    估值    
    预计2019-2021年净利润为5.48、7.72、13.09亿，同比增长24.5%、41.0%、69.4%，对应市盈率65、46、27倍，由于后续上市的重磅产品较多，未来三年业绩高速增长确定性高，首次覆盖给予买入评级。    
    评级面临的主要风险    
    公司在研产品上市进度低于预期，疫苗上市后出现不良反应。",,中银国际,买入,[None],2019-07-02,,买入,3798392,pdf_downloads/2019/2019-07-02/300601-康泰生物（300601）：13价肺炎结合疫苗可期，在研管线丰富持续高增长可期.pdf,300601,康泰生物,康泰生物（300601）：13价肺炎结合疫苗可期，在研管线丰富持续高增长可期,"{
    ""forecasts"": [
        {
            ""year"": 2021,
            ""net_profit"": 13.09,
            ""eps"": null,
            ""pe"": 27
        }
    ]
}",,,,,27.0,,,,,,,
杜佐远,"事件：公司公告近日收到《13 价肺炎球菌结合疫苗Ⅲ期临床试验总结
报告》，标志着公司在肺炎结合疫苗领域取得重大进展，13 价肺炎球
菌结合疫苗对 2 月龄-5周岁婴幼儿和儿童具有良好的免疫原性和安全
性，预计 13 价肺炎申报生产在即。点评：13 价肺炎临床总结报告完成，申报生产在即。公司 13 价肺炎 2004 年
开始立项，14 年获批临床，16 年 9 月开启 PCV-13 临床 3 期，试验方
案是与辉瑞的 PCV-13 进口品种头对头的临床研究，19 年 1 月小年龄
组揭盲，19 年 6 月临床总结报告完成，标志着公司临床阶段顺利完成，
目前已经完成连续试生产三批，申报生产在即，审评审批顺利话我们
预计 20 年底或 21 年初获批生产。公司 13 价生产工艺已经成熟，目前
有两条产品线，产能 1000-1500 万剂次，此外公司还建了二期产能有
4 个生产线（2000-3000 万剂次）。国内百亿市场，康泰 PCV-13 收入规模有望突破 20 亿元。 参考国内 2
类疫苗 Hib 相关疫苗市场渗透率 30%左右，我们预计 PCV-13 渗透率有
望达 30%，国内每年新生儿 1500 万计算，每年增量市场 450 万人份。
价格方面，辉瑞原研品种沛儿中标价为 698 元/支，我们假设公司定价
500 元/支（2000 元/人份），国内新生儿市场 90 亿元；内共有 5 家企
业产品进入临床阶段，其中进展最快的是沃森生物，预计 19 年获批，
康泰 13 价预计 20 年底或 21 年初获批，将成为第 3 家获批上市的企业
（包括外资）。兰州所处在 2 期临床。预计 5 年内最多 3 家企业与康
泰竞争（包括外资）。假设康泰 13 价肺炎疫苗国内市场份额 25%左右，
预计销售收入将突破 20 亿，有望贡献 10 亿以上净利润。盈利预测与投资建议。预计 19-21 年净利润 5.5/7.8/13.4 亿元，同比
增速 27%/41%/72%，中长期观点不变。19 年重磅品种报产在即，合
理估值 500 亿元（19PE90X），20 年合理估值 700 亿元（20PE90X），
仅考虑疫苗，三年看千亿市值（22 年 42 倍 PE），若未来布局其他
生物药，则打开长期成长天花板。维持“买入”评级。风险提示：销售低预期；新品获批进展不及预期；行业黑天鹅事件等",,太平洋证券,买入,[None],2019-06-11,,买入,3781019,pdf_downloads/2019/2019-06-11/300601-康泰生物（300601）：13价肺炎临床总结报告完成，重磅品种陆续进入收获期.pdf,300601,康泰生物,康泰生物（300601）：13价肺炎临床总结报告完成，重磅品种陆续进入收获期,"{
    ""forecasts"": [
        {
            ""year"": 2019,
            ""net_profit"": 5.5,
            ""eps"": null,
            ""pe"": 90
        },
        {
            ""year"": 2020,
            ""net_profit"": 7.8,
            ""eps"": null,
            ""pe"": 90
        },
        {
            ""year"": 2021,
            ""net_profit"": 13.4,
            ""eps"": null,
            ""pe"": null
        }
    ]
}",,,90.0,90.0,,,,,,,,
"朱国广,陈铁林","事件：公司发布公告定增方案，拟向5名投资者募集不超过30亿元，用于新疫苗国际化产业基地和补充流资金。定价方式：竞价发行，不低于发行期首日前二十交易日均价的90%，锁定期1年。募投项目达产后预计年均营业收入63.4亿元（含税），投资回收期7.5年，内部收益率38.3%。
    
    定增助力公司全面发展，彰显公司发展信心。我们认为此次定增资金的补充，有利于扩大公司产能，缓解营运资金压力，提升盈利能力，战略意义重大。公司在疫苗事件后，先后推出了股权激励和定增项目，同时也彰显了公司发展信心。
    
    战略布局疫苗国际化，新增多个重磅疫苗产能。募投项目将新增产能肺炎结合疫苗2500万剂（进口价格近700元/剂）、五联苗2000万剂（进口价格近600元/剂）、麻腮风2000万剂（国产75元/剂左右）、麻腮风水痘500万剂（美国CDC采购价131美元/剂），水痘1000万剂（国产135元/剂左右），理论产值数百亿，即便按公司保守给予的63亿元收入算，假设按45%净利润率算，年均可贡献近30亿元净利润，即新增产能的释放后，公司业绩将高速爆发。
    
    国内在研疫苗产品最丰富的民营企业，2019年为管线兑现大年。公司持续推进研发管线，核心产品进度如下：1）13价肺炎疫苗：重磅品种，预计2019年5-6月可正式申报生产，考虑到13价肺炎疫苗属于儿童用药，判断大概率将获优先审批资格，目前国内申报进度仅次于沃森生物；2）狂犬人二倍体疫苗：纯化工艺版临床数据总结中，预计2019第三季度可正式申报生产；3）手足口EV71疫苗：预计在2019年下半年开始III期临床试验，预计在2020年底或将报生产。
    
    总体来看，公司经过多年的研发布局，形成了目前行业最深厚的疫苗研发管线，我们认为随着公司研发进度的不断推进，随着有众多重要在研品种开始上市，公司业绩将逐年爆发期。
    
    盈利预测与评级。我们预计2019-2021净利润为5.5、7.6和14.3亿元。2019-2021年EPS分别为0.86元、1.18元和2.22元，对应当前股价估值分别为59倍、43倍和23倍。公司研发管线丰富，研发梯队中的产品上市后业绩确定性爆发，公司后期发展空间巨大，维持“买入”评级。
    
    风险提示：研发速度或不及预期；四联苗放量不及预期的风险；再次出现行业安全事件影响消费者信心的风险。",,西南证券,买入,[None],2019-05-16,,买入,3763031,pdf_downloads/2019/2019-05-16/300601-康泰生物（300601）：募投国际化产业基地，新增多个重磅产品产能.pdf,300601,康泰生物,康泰生物（300601）：募投国际化产业基地，新增多个重磅产品产能,"{
    ""forecasts"": [
        {
            ""year"": 2021,
            ""net_profit"": 14.3,
            ""eps"": 2.22,
            ""pe"": 23
        }
    ]
}",,,,,23.0,,,,,,2.22,
杜佐远,"事件：1）近日全资子公司民海生物与疫苗界研发巨匠Jean Didelez签署疫苗项目合作协议，后者将协助公司研发麻腮风水痘四联苗，民海将按协议支付项目里程碑款，至此完成从麻腮风水痘疫苗从毒株到研发人才全布局，预计19年底申报临床；2）4月29日公司完成对548名激励对象授予3206.6万份，股票期权授予为公司中长期发展注入动力。 
    
   点评： 
    
   联手国际疫苗巨匠研发麻腮风水痘疫苗，完成毒株和研发人才战略布局。18年初民海从斯洛伐克公司引进腮腺炎疫苗毒株，加上自有已上市麻风疫苗和处于临床阶段的水痘，公司已完成麻腮风水痘四联苗毒株布局，而近日与Jean Didelez达成协议，协助民海研发麻腮风水痘四联疫苗，民海拥有合作过程中形成的一切产品、中间产品、技术、数据等的知识产权。民海将支付项目里程碑款和上市销售后前五年销售提成。Jean Didelez有三十余年国际疫苗巨头GSK的技术研发经验，曾主持口服脊髓灰质炎减毒活疫苗、水痘疫苗、麻腮风水痘四联疫苗、甲肝疫苗、脊髓灰质炎灭活疫苗等多个疫苗的研发工作，并在生产和质量管理方面有着丰富的经验。国际疫苗界巨匠协助，将为产品成功研发保驾护航。麻腮风水痘是继百白破-IPV-Hib（新型五联苗）之后，公司寻求探索新型疫苗研发新模式的又一重大成果，未来合作有望拓展到更多新型疫苗的研发，打造疫苗研发国际化平台。 
    
   麻腮风水痘四联苗全球18年销售额22亿美金，国内市场空间40亿元。全球麻腮风水痘18年市场约22亿美金（默沙东18亿美金，GSK4亿美金）。国内“麻腮风疫苗”年销量约2500-3000万支，中标价76元/支，市场规模超20亿元，儿童免费，成人自费，仅上海所、北京所2家生产。水痘疫苗年销量约1500万支，水痘（中标价140元/支）,市场规模超20亿元。“麻腮风+水痘”四联苗预计定价280元左右，销量1500万支，国内市场空间40亿元。目前国内企业尚未有麻腮风水痘四联疫苗上市，默沙东和GSK近日申报进口注册，北生研和上海所已补充申报临床，预计民海19年底申报临床。 
    
   股权激励期权完成授予，公司中长期发展注入动力。股权激励计划授予548名员工，绝大多数为核心管理和技术人员（546名），占到授予股票期权总数的89.9%，此外研发负责人（刘建凯）和生产负责人（李彤）占比1.71%，股权激励将公司长期发展与员工利益深度绑定；行权价为45.09元/股，期权授予日收盘价为50.30元/股，需摊销总费用2.76亿元，充分显示对公司中长期发展信心。业绩考核以16-18年净利润均值为基础（2.5亿元），19/20年净利润增长不低于100%/110%（5/5.25亿元，同比增速10.4%/5%），业绩考核合理。公司上市以来17年首次实施股权激励计划，激发员工动力，公司业绩高增长和多个重磅产品研发取得突破性进展。此次股权计划将公司中长期发展前景与核心员工利益深度绑定，为公司持续稳健发展奠定坚实基础。 
    
   盈利预测与投资建议。考虑到新增股权激励费用摊销19-21年分别为1.35/1.17/0.25亿元，调整19-20年净利润5.5/7.8/13.4亿元，同比增速27%/41%/72%，中长期观点不变。19年重磅品种报产在即，合理估值500亿元（19PE90X），20年合理估值700亿元（20PE90X），仅考虑疫苗，三年看千亿市值（22年42倍PE），若未来布局其他生物药，则打开长期成长天花板。维持“买入”评级。 
    
   风险提示：销售低预期；新品获批进展不及预期；行业黑天鹅事件等。",,太平洋证券,买入,[None],2019-05-06,,买入,3727188,pdf_downloads/2019/2019-05-06/300601-康泰生物（300601）：联手国际疫苗巨匠，向新型疫苗龙头稳步迈进.pdf,300601,康泰生物,康泰生物（300601）：联手国际疫苗巨匠，向新型疫苗龙头稳步迈进,"{
    ""forecasts"": [
        {
            ""year"": 2019,
            ""net_profit"": 5.5,
            ""eps"": null,
            ""pe"": 90
        },
        {
            ""year"": 2020,
            ""net_profit"": 7.8,
            ""eps"": null,
            ""pe"": 90
        },
        {
            ""year"": 2022,
            ""net_profit"": 13.4,
            ""eps"": null,
            ""pe"": 42
        }
    ]
}",,,90.0,90.0,,42.0,,,,,,
杜佐远,事件：公司近日发布18年报&amp;19年一季报：1）18年实现营业收入20.17亿元，同比增长73.69%，归母净利润4.36亿元，同比增102.9%，EPS为0.7元，经营性现金流净额3.36亿元；2）19Q1实现营收3.42亿元，同比下滑15.31%，归母净利润9972万元，同比下滑9.24%，业绩符合预期。点评：业绩符合预期，四联苗19年持续稳健增长，19Q1销售费用率显著降低。18年四联苗预计销量约420万支，实现收入约11.5亿元，贡献约4.2亿净利润，19年一季度预计销量70万支左右，贡献约7700万净利润，其他品种扣除费用贡献约2300万净利润。“狂苗事件”后终端销售逐季改善，预计全年销量450万支以上，20年四联苗销量存在超预期可能性；考虑到四联苗前期大规模学术推广期已过和规模效应，18Q4/19Q1销售费用率分别为49%/37%，下降明显，预计19年销售费用率有望降至40%左右，四联苗单支净利润有望提升，预计19年贡献5.4亿以上净利润。从批签发上看，截止4月22日，19年以来四联苗批签发34.97万支，批签发顺利，预计5-6月份会有新的四联苗批签发，当前四联苗供货充足。详细的业绩拆分及预测，请见尾页。研发陆续进入收获阶段，四联苗&amp;五联苗+三代狂苗+13价肺炎+EV71+IPV，将演绎“50亿净利润是如何炼成的”。公司独家品种百白破+Hib四联苗受益于逐步替代Hib、百白破，四联苗相关多联疫苗3-4年内无竞争对手上市，而自己研发的五联苗预计21-22年上市，届时将打造最强“百白破、Hib、脊灰”联苗，有望贡献超10亿净利润；13价肺炎已经揭盲，即将报产，20年有望获批，5年内最多3家企业与其竞争（包括外资），有望贡献10亿净利润；二倍体狂苗19年三季度有望报产，预计20年底或21年初获批，5年内最多1家企业与其竞争，峰值有望贡献20亿净利润；EV71、IPV有望21-22年获批上市，预计贡献10亿级别净利润。四联苗&amp;五联苗+三代狂苗+13价肺炎+EV71+IPV，将演绎“50亿净利润是如何炼成的”，若考虑临床前阶段的“麻腮风+水痘四联苗”，未来疫苗业务净利润或将超60亿元。利预测与投资建议。考虑到股权激励费用摊销，预计19-21年净利润6.0/8.2/13.44亿元，同比增速38%/36%/64%，中长期观点不变。19年重磅品种报产在即，19年合理估值400亿元（19PE67X），20年合理估值500亿元（20PE62X），仅考虑疫苗，三年看千亿市值（22公司点评报告业绩符合预期，新型疫苗龙头潜质显现,,太平洋证券,买入,[None],2019-04-27,,买入,3720656,pdf_downloads/2019/2019-04-27/300601-康泰生物（300601）：业绩符合预期，新型疫苗龙头潜质显现.pdf,300601,康泰生物,康泰生物（300601）：业绩符合预期，新型疫苗龙头潜质显现,"{
    ""forecasts"": [
        {
            ""year"": 2019,
            ""net_profit"": 6.0,
            ""eps"": null,
            ""pe"": 67
        },
        {
            ""year"": 2020,
            ""net_profit"": 8.2,
            ""eps"": null,
            ""pe"": 62
        },
        {
            ""year"": 2021,
            ""net_profit"": 13.44,
            ""eps"": null,
            ""pe"": null
        }
    ]
}",,,67.0,62.0,,,,,,,,
"朱国广,陈铁林",投资要点事件：2018年实现营业收入20.2亿元，同比增长73.7%；实现归母净利润4.4亿元，同比增长102.9%；实现扣非后归母净利润4.1亿元，同比增长133.9%，以未分配利润向全体股东每10股派2.5元（含税）现金红利。2019年一季度公司实现营收3.4亿元，同比下降15.3%；实现归母净利润9972万元，同比下降9.2%；实现扣非后归母净利润9641万元，同比下降8.6%。业绩符合预期，行业逐步恢复。2018年公司营收和归母净利润增速分别为73.7%和102.9%，业绩基本符合预期。分季度看：2018Q4实现营收和净利润增速分别为40.9%和2.0%，净利润低于收入增速的原因是冻干人用狂犬病疫苗（MRC-5细胞）主动撤回，累计发生的研发资本化金额约4600万元将转入当期费用所致；2019Q1实现营收和归母净利润同比增长-15.3%和-9.2%，主要系公司的四联疫苗、Hib疫苗及麻风疫苗销量略有下降所致。总体来看，我们认为长生疫苗事件的影响从2018年四季度开始逐步减弱，行业正恢复性增长，预计Q2将恢复到正常水平，因基数原因，行业下半年同比或将实现高速增长。四联苗持续恢复，2019年为研发管线兑现大年。分产品来看：1）四联苗2018年实现销售收入11.6亿元，同比增长182.3%，我们估计2018年销售量将近435万支，2019Q1预计实现70万支左右，同比略有下降，考虑到四联苗目前为独家品种，且持续替代单苗市场空间较大，行业百白破供应紧张，我们预计2019年销量或超市场预期；2）Hib疫苗2018年实现销售收入3.0亿元，同比增长7.2%，预计2019年平稳增长；3）乙肝疫苗实现销售收入5.2亿元，同比增长21.04%，其中独家产品60ug乙肝疫苗预计近70万支，同比实现快速增长，预计2019年仍有望达到80-100万支。研发方面：2018年研发投入1.8亿元，同比增长110.0%，2019Q1研发投入2687.0万元，同比77.9%，保持高强度态势，持续推进研发管线，核心产品进度如下：1）13价肺炎疫苗：重磅品种，预计2019年5-6月可正式申报生产，考虑到13价肺炎疫苗属于儿童用药，判断大概率将获优先审批资格，目前国内申报进度仅次于沃森生物；2）狂犬人二倍体疫苗：纯化工艺版临床数据总结中，预计2019第三季度可正式申报生产；3）手足口EV71疫苗：预计在2019年下半年开始III期临床试验，预计在2020年底或将报生产。总体来看，公司经过多年的研发布局，形成了目前行业最深厚的疫苗研发管线，我们认为随着公司研发进度的不断推进，短期内会有众多重要在研品种开始上市，公司即将迎来业绩爆发期。盈利预测与评级。受大额股权激励费用影响，我们预计2019-2021净利润为5.6、7.6和14.3亿元，EPS分别为0.65元、0.89元和1.68元，对应当前股价估值分别为83倍、61倍和32倍。公司研发管线丰富，上市后业绩确定性爆发，公司后期发展空间巨大，故维持“买入”评级。风险提示：研发速度或不及预期；四联苗放量不及预期的风险；再次出现行业安全事件影响消费者信心的风险。,,西南证券,买入,[None],2019-04-26,,买入,3720041,pdf_downloads/2019/2019-04-26/300601-康泰生物（300601）2018年报及2019一季报点评：四联苗持续恢复，2019年为研发管线兑现大年.pdf,300601,康泰生物,康泰生物（300601）2018年报及2019一季报点评：四联苗持续恢复，2019年为研发管线兑现大年,"{
    ""forecasts"": [
        {
            ""year"": 2019,
            ""net_profit"": 5.6,
            ""eps"": 0.65,
            ""pe"": 83
        },
        {
            ""year"": 2020,
            ""net_profit"": 7.6,
            ""eps"": 0.89,
            ""pe"": 61
        },
        {
            ""year"": 2021,
            ""net_profit"": 14.3,
            ""eps"": 1.68,
            ""pe"": 32
        }
    ]
}",,,83.0,61.0,32.0,,,,0.65,0.89,1.68,
"江琦,赵磊","事件：2019年4月25日，公司发布2018年年报及2019年一季报。2018年实现营业收入20.17亿元，同比增长73.69%；归母净利润4.36亿元，同比增长102.92%；扣非归母净利润4.13亿元，同比增长133.93%。经营性现金流净额3.36亿元，同比增长118.51%。拟全体股东每10股派发现金红利2.50元（含税）。2019年第一季度实现营业收入3.42亿元，同比减少15.31%；归母净利润为9972万元，同比减少9.24%；扣非归母净利润9641万元，同比减少8.65%。    
    	点评：符合预期，2018年四联苗实现快速增长，全年收入规模达到11.6亿元。2018年第四季度收入和利润分别为5.17亿元（41%+）、5949万元（1.97%）；2019年第一季度收入和利润分别为3.42亿元（-15%）、9972万元（-9%）。2018年受益于进口五联苗断货、销售逐步推进，四联苗实现较快增长；2018Q3起受受狂苗事件影响增速回落，四季度基本恢复。受2018Q1基数较高影响，2019Q1利润小幅下滑接近10%。2018年公司四联苗收入11.60亿元（182.3%+），占收入比重达到57%；乙肝系列疫苗收入5.17亿元（21.04%+），占收入比重达到26%；Hib疫苗收入3.05亿元（7.17%+），占收入比重达到15%。    
    	随着销售规模逐步扩大，2017年起销售费用率逐步下降。2018年公司销售费用率下降至49.85%，下降接近4个百分点。2019年第一季度公司销售费用率下降至37.10%，下降超过12个百分点，我们预计主要原因销售模式转变、当期费用确认较少等。合并研发费用后的管理费用率占比2019Q1接近19%，2018年为16.5%。    
    	人狂犬病疫苗（人二倍体细胞）和13价肺炎球菌疫苗均有望于2019年申报生产。（1）人二倍体狂犬疫苗：市场空间约1500万人份，过去受制于生产工艺、价格等因素高端人二倍体狂苗占比仅1%。公司全套引进赛诺菲?巴斯德技术，升级品种冻干人用狂犬病疫苗（人二倍体细胞）目前已处于临床研究总结阶段，预计有望于2019年申报生产，市场空间在18亿元左右。（2）13价肺炎球菌疫苗：按照沛儿获批的6周龄至15月龄婴幼儿接种、4针常规免疫接种程序（2、4、6月龄进行基础免疫，12-15月龄加强免疫）、698元/针的价格计算，我们认为13价肺炎球菌疫苗市场空间有望达到71亿元（15%渗透率）。康泰生物13价肺炎球菌疫苗有望在2019年申报生产，分享潜力市场。    
    	盈利预测与投资建议：考虑到股票期权方案费用、2019年进口五联苗恢复供应和，我们调整2019-2021年公司营业收入为22.20、24.13、38.12亿元，同比增长10.09%、8.66%、57.98%，归属母公司净利润为5.16、6.97、12.81亿元，同比增长18.34%、35.14%、83.88%，对应EPS为0.81、1.09、2.01元。公司作为在研产品管线最为丰富的疫苗公司之一，未来三年人狂犬病疫苗（人二倍体细胞）、13价肺炎疫苗等重磅产品有望陆续上市，维持“买入”评级。    
    	风险提示：核心产品四联苗销售不及预期、竞争加剧的风险，研发进展不及预期的风险，预测前提不及预期导致市场容量测算出现偏差的风险，监管政策趋严的风险。",,中泰证券,买入,[None],2019-04-26,,买入,3718863,pdf_downloads/2019/2019-04-26/300601-康泰生物（300601）：四联苗实现快速增长、跨入10亿体量.pdf,300601,康泰生物,康泰生物（300601）：四联苗实现快速增长、跨入10亿体量,"{
    ""forecasts"": [
        {
            ""year"": 2019,
            ""net_profit"": 5.16,
            ""eps"": 0.81,
            ""pe"": null
        },
        {
            ""year"": 2020,
            ""net_profit"": 6.97,
            ""eps"": 1.09,
            ""pe"": null
        },
        {
            ""year"": 2021,
            ""net_profit"": 12.81,
            ""eps"": 2.01,
            ""pe"": null
        }
    ]
}",,,,,,,,,0.81,1.09,2.01,
杜佐远,"核心人员几乎全部参与，激发内生发展动力。此次股权激励计划授予548名员工，绝大多数为核心管理和技术人员（546名），占到授予股票期权总数的89.9%，此外研发负责人（刘建凯）和生产负责人（李彤）占比1.71%，股权激励将公司长期发展与员工利益深度绑定；行权价为45.09元/股，为公告前1个交易日均价，充分显示对公司中长期发展信心。业绩考核以16-18年净利润均值为基础（2.5亿元），19/20年净利润增长不低于100%/110%（5/5.25亿元，同比增速10.4%/5%），业绩考核较合理。公司上市以来17年首次实施股权激励计划，激发员工动力，公司业绩高增长和多个重磅产品研发取得突破性进展。此次股权计划将公司中长期发展前景与核心员工利益深度绑定，为公司持续稳健发展奠定坚实基础。详细的业绩拆分预测及最新研发进展，请见尾页。
    
    研发陆续进入收获阶段，四联苗&amp;五联苗+三代狂苗+13价肺炎+EV71+IPV，将演绎“50亿净利润是如何炼成的”。公司独家品种百白破+Hib四联苗受益于逐步替代Hib、百白破，四联苗相关多联疫苗3-4年内无竞争对手上市，而自己研发的五联苗预计21-22年上市，届时将打造最强“百白破、Hib、脊灰”联苗，有望贡献超10亿净利润；13价肺炎已经揭盲，即将报产，20年有望获批，5年内最多3家企业与其竞争（包括外资），有望贡献10亿净利润；二倍体狂苗19年中有望报产，预计20年中下旬获批，5年内最多1家企业与其竞争，峰值有望贡献20亿净利润；EV71、IPV有望21-22年获批上市，预计贡献10亿级别净利润。四联苗&amp;五联苗+三代狂苗+13价肺炎+EV71+IPV，将演绎“50亿净利润是如何炼成的”，若考虑临床前阶段的“麻腮风+水痘四联苗”，未来疫苗业务净利润或将超60亿元。
    
    盈利预测与投资建议。考虑到股权激励费用摊销19-21年分别为8284/7318/1588万元，调整19-20年净利润6.0/8.23亿元，同比增速33%/38%，中长期观点不变。19年重磅品种报产在即，19年合理估值360亿元（19PE60X），20年合理估值500亿元（20PE60X），仅考虑疫苗，三年看千亿市值（22年40倍PE），若未来布局其他生物药，则打开长期成长天花板。维持“买入”评级。",,太平洋证券,买入,[None],2019-03-26,,买入,3686975,pdf_downloads/2019/2019-03-26/300601-康泰生物（300601）：股权激励充分，激发中长期发展动力.pdf,300601,康泰生物,康泰生物（300601）：股权激励充分，激发中长期发展动力,"{
    ""forecasts"": [
        {
            ""year"": null,
            ""net_profit"": null,
            ""eps"": null,
            ""pe"": null
        }
    ]
}",,,,,,,,,,,,
"朱国广,陈铁林","事件：公司发布] 2018 年业绩快报，2018 年实现收入 20.1 亿元，同比+73.7%，
归母净利润 4.53 亿元，同比+111.2%。
 业绩符合市场预期，Q4 销售正逐步恢复。公司 2018 年实现收入和归母净利润
同比增速分别为 73.7%和 111.2%，符合年报业绩预告范围中值偏上。从单季度
看，2018Q4 实现收入 5.2 亿元，同比+41%，环比+18.5%；即长生事件后有明
显恢复，我们判断 2019Q2 行业销售或将全面恢复正常；2018Q4 公司实现归母
净利润 7720 万元，同比+32.4%，环比-14%。单季度利润增速低于收入增速且
环比下滑主要系年底冻干人用狂犬病疫苗（MRC-5 细胞）主动撤回，累计发生
的研发资本化金额约 4600 万元将转入当期费用所致。
 核心产品概况及 2019 年业绩展望。1）四联苗：预计 2018 年销售将近 430 万
支，其中 Q4 销售预计 90-100 万支左右，终端销售正逐步恢复。考虑到公司正
整体控制销售费用率 5%-10%，我们保守预计 2019 年销量预计 450 万支左右，
考虑到目前行业百白破供应仍处于紧张状态，实际销售量或超预期；2）60ug
乙肝：预计 2018 年销售 70 万支左右，我们预计 2019 年销量预计 70-90 万支；
3）23 价肺炎疫苗：已经获准上市，预计 2019Q3 开始正式销售，我们预计销
量可达 50-100 万支；4）股权激励费用和狂犬撤回影响：预计 2019 年比 2018
年减少 8000 万左右。即在行业恢复+费用控制+新产品上市合计带动下，
2019-2020 年业绩撤仍将保持快速增长态势；
 2019 年多个重磅产品研发进度值得期待。1）13 价肺炎疫苗：公司已公告揭盲，
小年龄组预计 3 月左右拿到临床总结报告，完成大年龄组临床总结后，预计 5-6
月正式申报生产，考虑到属于儿童用药，我们判断大概率将获优先审批资格，
目前国内进度第二；2）狂犬人二倍体疫苗：纯化工艺版临床数据总结中，预计
2019Q3 正式申报生产；3）手足口 EV71（基因工程）：2019 年下半年开始 III
期，2020 年底或将报生产。2019 年为公司在研产品陆续突破的一年，随着品研
发进度的推进，公司有望成为 A 股自产疫苗产品梯队最丰富的公司。
 盈利预测与评级。预计 2019-2020 年 EPS 分别为 1.04 元和 1.35 元，对应当前
股价估值分别为 37 倍和 29 倍。考虑到业绩持续快速增长和核心产品研发进展
催化，维持公司“买入”评级。
 风险提示：行业再次出现群体性疫苗事件或导致行业收入下滑的风险；重磅产
品上市进度及销售情况或低于预期的风险；四联苗等销售上量或低于预期的风
险；行业因疫苗事件出现政策调整导致行业短期再次受损等系统性风险。",,西南证券,买入,[None],2019-02-27,,买入,3660513,pdf_downloads/2019/2019-02-27/300601-康泰生物（300601）：行业正逐步恢复，重磅产品研发进展值得期待.pdf,300601,康泰生物,康泰生物（300601）：行业正逐步恢复，重磅产品研发进展值得期待,"{
    ""forecasts"": [
        {
            ""year"": 2019,
            ""net_profit"": null,
            ""eps"": 1.04,
            ""pe"": 37
        },
        {
            ""year"": 2020,
            ""net_profit"": null,
            ""eps"": 1.35,
            ""pe"": 29
        }
    ]
}",,,37.0,29.0,,,,,1.04,1.35,,
杜佐远,事件：公司近日发布2018年业绩预告，归母净利润4.25-4.65亿元，同比增速98.0%-116.6%，业绩中值4.45亿元，同比增速107.3%，非经常性损益2645万元，业绩符合预期。业绩符合预期，四联苗放量驱动业绩快速增长。18年业绩预告中值4.45亿元，同比增速107.3%，预计四联苗销量约420万支，实现收入约11.5亿元，贡献约4.2亿净利润，预计19年四联苗稳健增长，销量500万支左右，考虑到四联苗前期大规模学术推广期已过，19年销售费用率有望降低，我们预计四联苗单支净利润有望提升，预计19年贡献6亿左右净利润；Hib、乙肝等品种保持快速增长趋势，扣除股权激励费用摊销和MRC-5狂苗一次性研发费用后贡献约3000万利润。从四季度销售情况看，疫苗事件后终端销售基本恢复，多联替代单联趋势不变，结合四联苗当前规模，我们预计19年销量有望稳健增长。详细的业绩拆分及预测，请见尾页。研发陆续进入收获阶段，四联苗&五联苗+三代狂苗+13价肺炎+EV71+IPV，将演绎“50亿净利润是如何炼成的”。公司独家品种百白破+Hib四联苗受益于逐步替代Hib、百白破，四联苗相关多联疫苗3-4年内无竞争对手上市，而自己研发的五联苗预计21-22年上市，届时将打造最强“百白破、Hib、脊灰”联苗，有望贡献超10亿净利润；13价肺炎已经揭盲，即将报产，20年有望获批，5年内最多3家企业与其竞争（包括外资），有望贡献10亿净利润；二倍体狂苗19年中有望报产，预计20年中下旬获批，5年内最多1家企业与其竞争，有望贡献20亿净利润；EV71、IPV有望21-22年获批上市，预计贡献10亿级别净利润。四联苗&五联苗+三代狂苗+13价肺炎+EV71+IPV，将演绎“50亿净利润是如何炼成的”，若考虑临床前阶段的“麻腮风+水痘四联苗”，未来疫苗业务净利润或将超60亿元。盈利预测与投资建议。预计18-20年净利润4.50/7.27/11.49亿元，同比增速107%/62%/58%，中长期观点不变。预计未来5年将持续高增长，19年合理估值360亿元（19PE50X），20年合理估值520亿元（20PE45X），仅考虑疫苗，三年四倍以上空间，800亿以上市值（21年35倍PE），若未来布局其他生物药，则打开长期成长天花板。维持“买入”评级。风险提示：销售低预期；新品获批进展不及预期；行业黑天鹅事件等。,,太平洋证券,买入,[None],2019-02-11,,买入,3648561,pdf_downloads/2019/2019-02-11/300601-康泰生物（300601）：业绩符合预期，重磅品种陆续进入收获期.pdf,300601,康泰生物,康泰生物（300601）：业绩符合预期，重磅品种陆续进入收获期,"{
    ""forecasts"": [
        {
            ""year"": 2019,
            ""net_profit"": 7.27,
            ""eps"": null,
            ""pe"": 50
        },
        {
            ""year"": 2020,
            ""net_profit"": 11.49,
            ""eps"": null,
            ""pe"": 45
        }
    ]
}",,,50.0,45.0,,,,,,,,
"江琦,赵磊","投资要点
 事件：2019 年 1 月 28 日，公司发布 2018 年度业绩预告。2018 年全年预
计实现归母净利润 4.25-4.65 亿元，同比增长 97.95%-116.58%。
 点评：符合预期，四联苗全年仍实现不错的增长。2018 年全年公司净利润
增长 97.95%-116.58%，扣非净利润增长 125%-148%；其中第四季度单季
度实现归母净利润增长-16.35%至+52.21%。假设增速落在中值，则相比
于第三季度单季度 4.68%回升明显。我们认为，狂苗事件对行业的影响已
经逐步过去。虽然受进口五联苗恢复批签发及同业产品质量问题影响，四
联苗三季度和四季度的销售回落，但四季度情况好于三季度、有所好转；
2018 年全年批签发 515.14 万瓶，我们预计全年仍实现约 400-450 万瓶的
销售规模。长期看联苗逐步取代单苗趋势确定，我们预计四联苗市场空间
可达 19 亿元。
 人狂犬病疫苗（人二倍体细胞）和 13 价肺炎球菌疫苗均有望于 2019 年申
报生产。（1）人二倍体狂犬疫苗：市场空间约 1500 万人份，过去受制于
生产工艺、价格等因素高端人二倍体狂苗占比仅 1%。公司全套引进赛诺
菲•巴斯德技术，虽然撤回冻干人用狂犬病疫苗（MRC-5 细胞）注册申请，
但后续升级品种冻干人用狂犬病疫苗（人二倍体细胞）目前已处于临床研
究总结阶段，预计有望于 2019 年年中申报生产，市场空间在 18 亿元左右。
（2）13 价肺炎球菌疫苗：按照沛儿获批的 6 周龄至 15 月龄婴幼儿接种、
4 针常规免疫接种程序（2、4、6 月龄进行基础免疫，12-15 月龄加强免疫）、
698 元/针的价格计算，我们认为 13 价肺炎球菌疫苗市场空间有望达到 71
亿元（15%渗透率）。康泰生物 13 价肺炎球菌疫苗国内进度第二，我们预
计进度顺利则有望在 2019 年申报生产，成为国产第二家 13 价肺炎球菌疫
苗生产企业，分享潜力市场。
 盈利预测与投资建议：我们预计 2018-2020 年公司营业收入为 20.40、
26.93、37.93 亿元，同比增长 75.64%、32.02%、40.87%，归属母公司
净利润为 4.29、6.66、10.72 亿元，同比增长 99.67%、55.29%、61.09%，
对应 EPS 为 0.68、1.06、1.70 元。公司作为在研产品管线最为丰富的疫
苗公司之一，未来三年人狂犬病疫苗（人二倍体细胞）、13 价肺炎疫苗、
脊灰灭活苗等重磅产品有望陆续上市，维持“买入”评级。
 风险提示：核心产品四联苗销售不及预期、竞争加剧的风险，研发进展不
及预期的风险，预测前提不及预期导致市场容量测算出现偏差的风险，监
管政策趋严的风险。",,中泰证券,买入,[None],2019-01-29,,买入,3643398,pdf_downloads/2019/2019-01-29/300601-康泰生物（300601）：符合预期，四联苗全年仍实现不错的增长.pdf,300601,康泰生物,康泰生物（300601）：符合预期，四联苗全年仍实现不错的增长,"{
    ""forecasts"": [
        {
            ""year"": 2020,
            ""net_profit"": 10.72,
            ""eps"": 1.70,
            ""pe"": null
        }
    ]
}",,,,,,,,,,1.7,,
"江琦,赵磊",,,中泰证券,买入,[None],2019-01-18,,买入,3566841,pdf_downloads/2019/2019-01-18/300601-康泰生物（300601）：重磅在研品种13价肺炎疫苗取得阶段性进展，期待上市.pdf,300601,康泰生物,康泰生物（300601）：重磅在研品种13价肺炎疫苗取得阶段性进展，期待上市,,,,,,,,,,,,,
"杜佐远,苑建","事件：1）近日公司与DESMONSCONSULTINGSPRL签署了疫苗项目合作框架协议，后者将协助公司研发新型的五联疫苗（DTP-Hib-IPV），公司按照约定向对方支付项目里程碑款等相关费用；2）为避免狂犬病疫苗GMP生产车间的重复建设，公司近日撤回了冻干人用狂犬病疫苗（MRC-5细胞）的注册申请。
点评：
联合国际疫苗企业研发新型五联苗，有望打造疫苗研发新平台。DESMONSCONSULTINGSPRL协助公司研发的新型五联疫苗（DTP-Hib-IPV）为一瓶装全液体疫苗。相比目前国内已上市两瓶装五联苗和公司在研五联苗（预计19年初申报临床），本次合作开发的一瓶装全液体五联苗工艺更为先进，在生产、存储、运输、使用上更加方便。根据约定，公司支付项目里程碑款，新型五联疫苗在国内上市销售后前五年支付销售提成。DESMONSCONSULTINGSPRL是比利时一家致力于疫苗研发的公司，其创始人PierreDesmons（履历见附录）有三十余年国际知名疫苗公司的工作经验，为许多疫苗品种的上市做出巨大贡献，其中包括百白破、Hib、肺炎、HPV、重组带状疱疹疫苗和以百白破为基础的四联疫苗、五联疫苗、六联疫苗等联合疫苗。我们认为新型五联苗合作开发是公司探寻新型疫苗研发新模式的开端，未来合作有望拓展到更多新型疫苗的研发，打造疫苗研发国际化平台。
狂苗撤回短期影响业绩，利好中长期业绩增长。公司出于中长期利益考虑，撤回在审评审批的狂苗（MRC-5），研发资本化4600万元计入18年研发费用，计划19年中报产改进的狂苗（人二倍体细胞），预计20年获批，MRC-5狂苗撤回主要原因：1）由于国家审评审批进度加速很多，以前预计是2个狂苗批号差2年，现在预计相差1年左右，而在拿第二个狂苗批文时需要废掉第1个批号，假如第1个批号如期拿到，最多生产一年，但只有半年生产周期，预计贡献3000-4000万利润，但原辅料、包材都会废掉，另外老车间需要重新改造后申报GMP认证；2）两个品种产品成本和产能方面差异大，一期产能100-150万人份（改造后可提升产能），二期产能成本会大幅降低，而且改进的狂苗给巴斯德费用提成仅为MRC-5狂苗的一半。我们认为撤回对19-20年短期业绩稍有影响，但中长期看成本低、产能高的改进品种20年上市后将贡献更大业绩弹性。
四联苗&五联苗+三代狂苗+13价肺炎+EV71+IPV，将演绎“50亿净利润是如何炼成的”。公司独家品种百白破+Hib四联苗受益于逐步替代Hib、百白破，四联苗相关多联疫苗5年内无竞争对手上市，而自己研发的五联苗预计21-22年上市，届时将打造最强“百白破、Hib、脊灰”联苗，有望贡献超10亿净利润；二倍体狂苗预计20年中旬获批，5年内最多1家企业与其竞争，有望贡献20亿净利润；13价肺炎预计20年获批，5年内最多3家企业与其竞争（包括外资），有望贡献10亿净利润；EV71、IPV有望20-22年获批上市，预计贡献10亿级别净利润。四联苗&五联苗+三代狂苗+13价肺炎+EV71+IPV，将演绎“50亿净利润是如何炼成的”，若考虑临床前阶段的“麻腮风+水痘四联苗”，未来疫苗业务净利润或将超60亿元。
疫苗事件后终端销售恢复良好，中长期逻辑不变。考虑到狂苗撤回后增加18年研发费用以及狂苗业绩贡献推后1年，我们最新假设狂苗20年下半年开始贡献业绩，下调公司18-20年净利润至4.60/7.38/11.49亿元，同比增速111%/60%/56%，中长期业绩预测和观点不变。预计未来5年将持续高增长，18年合理估值300亿元（18PE65X），19年合理估值440亿元（19PE60X），仅考虑疫苗，三年3倍以上空间，若未来布局其他生物药，则打开长期成长天花板。维持“买入”评级。
风险提示：销售低预期；新品获批进展不及预期；行业黑天鹅事件等。",,太平洋证券,买入,[None],2018-11-14,,买入,2260493,pdf_downloads/2018/2018-11-14/300601-康泰生物（300601）：联合国际疫苗企业，有望打造疫苗研发新平台.pdf,300601,康泰生物,康泰生物（300601）：联合国际疫苗企业，有望打造疫苗研发新平台,"{
    ""forecasts"": [
        {
            ""year"": 2020,
            ""net_profit"": 11.49,
            ""eps"": null,
            ""pe"": null
        }
    ]
}",,,,,,,,,,,,
"朱国广,陈铁林","业绩总结：公司] 2018 年前三季度实现营业收入 15.0 亿元，同比增长 88.8%；
实现归母净利润 3.8 亿元，同比增长 140.6%；实现扣非后归母净利润 3.6 亿元，
同比增长 169.3%；经营性现金流量净额 1.6 万元，同比增长 401.7%。
 业绩基本符合预期，行业正在恢复。公司前三季度实现归母净利润和扣非后归
母净利润同比增速分别为 140.6 和 169.3%，业绩基本符合预期。分季度看：
2018Q1-3 分别实现归母净利润 1.1 亿元、1.8 亿元和 0.9 亿元，同比增速分别
为 290.6%、316.1%和 4.7%，环比增长分别为 88.3%、60.6%和-49.1%，其中
第三季度下降主要系长生疫苗事件影响民众对国产疫苗接种信心。分产品线看，
我们估算四联苗第三季度销量环比下滑 40%出头，60ug 乙肝疫苗环比下滑 20%
左右，其他产品下滑 20%-30%，从而影响了公司单季度业绩增速。根据我们草
根调研，7 月份行业影响 10 天左右，8 月份销量最差，9-10 月正显著回暖，我
们预计再过 1-2 个季度，行业或将恢复到前期水平。我们原预计四联苗全年销售
500-550 万支，在长生疫苗事件后，国产疫苗终端接种短期受损，我们下调预测
2018 年四联苗销量 450 万支左右。随着疫苗事件后行业信心的恢复和公司销售
改革成果的体现，我们认为 2019 年开始四联苗仍将重回快速增长通道，预计
2019-2020 年四联苗销量有望实现 550 万支和 700 万支。
 丰富产品梯队驱动公司业绩逐年爆发。公司在研产品梯队丰富，目前已有多个
重磅产品处于临床试验后期或待上市状态，驱动公司业绩逐年爆发。1）23 价肺
炎：已经获批上市，未来每年可稳定贡献净利润近 2 亿元；2）第三代狂犬疫苗：
已通知生产现场检查，为巴斯德全套技术引进项目，预计 2018 年底到 2019 年
初获批，未来每年可稳定贡献净利润 9.5 亿元；3）sIPV：二期临床阶段，优先
审评审批，为 WHO 全套技术引进项目，有望在 2020 年上市，未来每年可稳定
贡献净利润近 3 亿元；4）13 价肺炎：全球疫苗之王，目前 III 期临床末期，预
计 2018 年年底揭盲报产，有望 2020 年成为国内第二家上市的企业，未来每年
可稳定贡献净利润 11.5 亿元，详细分析见我们第二篇深度报告。系列产品的获
批上市，将驱动公司业绩逐年爆发。
 盈利预测与投资建议。考虑到“长生事件”短期影响终端对国产疫苗接种信心，
我们下调 2018 年盈利预测，小幅下调 2019 年业绩预期，即预计 2018-2020 年
EPS 分别为 0.78 元、1.11 元、1.99 元，对应当前股价估值分别 45 倍、32 倍
和 18 倍，未来三年归母净利率将保持 81%的复合增长率。我们认为国内疫苗企
业经历长生疫苗事件之后，将发展更好，我们看好公司在研重磅产品梯队丰富，
公司中长期动力十足，维持“买入”评级。
 风险提示：行业再次出现群体性疫苗事件或导致行业收入下滑的风险；重磅产
品上市进度及销售情况或低于预期的风险；四联苗等销售上量或低于预期的风
险；行业因疫苗事件出现政策调整导致行业短期再次受损等系统性风险。",,西南证券,买入,[None],2018-10-31,,买入,3541353,pdf_downloads/2018/2018-10-31/300601-康泰生物（300601）：业绩基本符合预期，行业正在恢复.pdf,300601,康泰生物,康泰生物（300601）：业绩基本符合预期，行业正在恢复,"{
    ""forecasts"": [
        {
            ""year"": 2018,
            ""net_profit"": null,
            ""eps"": 0.78,
            ""pe"": 45
        },
        {
            ""year"": 2019,
            ""net_profit"": null,
            ""eps"": 1.11,
            ""pe"": 32
        },
        {
            ""year"": 2020,
            ""net_profit"": null,
            ""eps"": 1.99,
            ""pe"": 18
        }
    ]
}",,,45.0,32.0,18.0,,,,0.78,1.11,1.99,
杜佐远,"事件:公司发布18年前三季度业绩预告,归母净利润3.74亿元-3.95亿元,同比增速139%-153%,业绩中值3.85亿元,同比增长146%,其中18Q3单季度0.87亿元-1.09亿元,同比增速2-27%,符合预期。
    点评:
    业绩符合预期,终端销售受“疫苗事件”短期影响后恢复迅速。18年前三季度净利润3.74亿-3.95亿元,预计约3.85亿元,同比增速约146%,预计Q3单季度净利润约1亿元,同比增速约16%,主要原因18H1四联苗爆发式增长&“疫苗事件”对18Q3单季度四联苗销售有影响,但终端恢复迅速:1)四联苗销售恢复迅速:预计前三季度四联苗销量320-330万支,实现销售收入8.5-9亿元,贡献3.2-3.3亿元净利润,预计三季度销量85-90万支。据我们草根调研,四联苗销售恢复迅速,经历8月低谷后,9月快速恢复,目前已恢复至疫苗事件之前销售的80%以上,预计四季度销量有望持续改善。从批签发数据看,截至9月底,四联苗批签发约395万支(17全年批签发143万支),批签发稳定;预计全年四联苗销量430万支左右,贡献约4.3亿净利润;2)其他品种稳定增长:Hib、乙肝等销售稳定增长,考虑激励费用后,前三季度预计贡献约6000万净利润。详细的业绩拆分及预测,请见尾页。
    四联苗&五联苗+三代狂苗+13价肺炎+EV71+IPV,将演绎“50亿净利润是如何炼成的”。公司独家品种百白破+Hib四联苗受益于逐步替代Hib、百白破,四联苗相关多联疫苗5年内无竞争对手上市,而自己研发的五联苗预计21-22年上市,届时将打造最强“百白破、Hib、脊灰”联苗,有望贡献超10亿净利润;三代狂苗预计18年底-19年初获批,5年内最多1家企业与其竞争,有望贡献20亿净利润;13价肺炎预计19年底获批,5年内最多3家企业与其竞争(包括外资),有望贡献10亿净利润;EV71、IPV有望20-21年获批上市,预计贡献10亿级别净利润。四联苗&五联苗+三代狂苗+13价肺炎+EV71+IPV,将演绎“50亿净利润是如何炼成的”,若考虑临床前阶段的“麻腮风+水痘四联苗”,未来疫苗业务净利润或将超60亿元。疫苗事件后,销量恢复快速,中长期逻辑不变。预计18-20年净利润4.99/8.53/17.92亿元,同比增速129%/71%/110%,中长期观点不变。预计未来5年将持续高增长,18年合理估值400亿元(18PE80X),19年合理估值554亿元(19PE65X),仅考虑疫苗,三年合理估值千元(21年35倍PE),若未来布局其他生物药,则打开长期成长天花板。维持“买入”评级。
    风险提示:销售低预期;新品获批进展不及预期;行业黑天鹅事件等。",,太平洋证券,买入,[None],2018-10-17,,买入,2233668,"pdf_downloads/2018/2018-10-17/300601-康泰生物(300601)：符合预期,疫苗终端销售恢复迅速.pdf",300601,康泰生物,"康泰生物(300601)：符合预期,疫苗终端销售恢复迅速","{
    ""forecasts"": [
        {
            ""year"": 2018,
            ""net_profit"": 4.99,
            ""eps"": null,
            ""pe"": 80
        },
        {
            ""year"": 2019,
            ""net_profit"": 8.53,
            ""eps"": null,
            ""pe"": 65
        },
        {
            ""year"": 2020,
            ""net_profit"": 17.92,
            ""eps"": null,
            ""pe"": 35
        }
    ]
}",,,80.0,65.0,35.0,,,,,,,
"杜佐远,苑建","事件：公司发布18年半年报：上半年实现营业收入10.64亿元，同比增速126.7%，归母净利润2.86亿元，同比增速305.9%；扣非后归母净利润2.73亿元，同比增速327.7%，上半年业绩超市场预期。
点评：
四联苗爆发式增长，上半年业绩超市场预期。H1净利润2.86亿元（+305.9%），主要原因公司加大市场推广力度以及五联苗断货，四联苗为主的二类疫苗销售良好：1）四联苗大幅增加：四联苗销售收入6.54亿元（+269.2%），预计销量230-240万支，贡献2.4-2.5亿净利润（17全年销量150万支），考虑到疫苗事件短期影响终端接种积极性以及五联苗回归，微调四联苗全年销量至380万支，全年有望贡献约4亿净利润（原预测450万支，贡献4.7亿净利润），中长期替代Hib、百白破持续放量逻辑不变；近期四联苗纳入中国药典处于公示期，表明产品质量和公司研发水平处于国内领先水平；从批签发数据看，截至8月底，四联苗批签发约330万支（17全年批签发143万支），批签发稳定确保供货充足；2）其他二类苗稳定快速增长：受益加大市场推广力度，Hib、乙肝销售收入分别为1.6亿、2.29亿元，同比增速分别为21.4%、62.0%，扣除激励费用，H1预计贡献约3000-5000万元。
详细的业绩拆分及预测，请见尾页。
四联苗&五联苗+三代狂苗+13价肺炎+EV71+IPV，将演绎“50亿净利润是如何炼成的”。公司独家品种百白破+Hib四联苗受益于逐步替代Hib、百白破，四联苗相关多联疫苗5年内无竞争对手上市，而自己研发的五联苗预计21-22年上市，届时将打造最强“百白破、Hib、脊灰”联苗，有望贡献超10亿净利润；三代狂苗预计18年底获批，5年内最多1家企业与其竞争，有望贡献20亿净利润；13价肺炎预计19年底获批，5年内最多3家企业与其竞争（包括外资），有望贡献10亿净利润；EV71、IPV有望20-21年获批上市，预计贡献10亿级别净利润。四联苗&五联苗+三代狂苗+13价肺炎+EV71+IPV，将演绎“50亿净利润是如何炼成的”，若考虑临床前阶段的“麻腮风+水痘四联苗”，未来疫苗业务净利润或将超60亿元。
盈利预测与投资建议。考虑到疫苗事件短期影响终端接种积极性和五联苗回归，我们微下调18年净利润至5亿元（原预测6亿元），调整19-20年净利润至8.76/17.92亿元（原预测9.57/18.04亿元），同比增长129%/76%/105%，中长期观点不变。预计未来5年将持续高增长，18年合理估值400亿元（18PE80X），19年合理估值570亿元（19PE65X），仅考虑疫苗，三年合理估值千元（21年35倍PE），若未来布局其他生物药，则打开长期成长天花板。维持“买入”评级。
风险提示：销售低预期；新品获批进展不及预期；行业黑天鹅事件等。",,太平洋证券,买入,[None],2018-08-30,,买入,2219254,pdf_downloads/2018/2018-08-30/300601-康泰生物（300601）：中报业绩超预期，短期调整不改中长期逻辑.pdf,300601,康泰生物,康泰生物（300601）：中报业绩超预期，短期调整不改中长期逻辑,"{
  ""forecasts"": [
    {
      ""year"": 2018,
      ""net_profit"": 5,
      ""eps"": null,
      ""pe"": null
    },
    {
      ""year"": 2019,
      ""net_profit"": 8.76,
      ""eps"": null,
      ""pe"": null
    },
    {
      ""year"": 2020,
      ""net_profit"": 17.92,
      ""eps"": null,
      ""pe"": null
    }
  ]
}",,,,,,,,,,,,
江琦,"投资要点
事件：2018年7月1日，公司公告2018年半年度业绩预告。预计2018年1-6月实现归母净利润2.68亿元-2.89亿元，同比增长280%-310%。
点评：业绩超出预期，四联苗销量大幅增加。受益于销售逐步推进、联苗取代效应等因素，且进口五联苗数量较少，公司上半年核心品种四联苗销售量大幅增长，推动公司半年度业绩实现较快增长。2018年1月-6月24日百白破-Hib四联苗累积批签发239.14万瓶，根据中报预增公告我们预计四联苗销售量与实际批签发量基本接近。展望2018年下半年，我们认为四联苗有望继续保持较快增长，预计23价肺炎球菌疫苗和人二倍体狂苗有望陆续获批上市。长期而言，我们认为公司作为A股疫苗标的中在研产品管线最为丰富的公司之一，多个项目对标海外重磅产品，未来三年核心产品四联苗进入放量期，在研人用二倍体狂苗（MRC-5细胞）、13价肺炎疫苗、脊灰灭活苗、EV71疫苗等重磅产品陆续上市销售，长期成长性强！
维持康泰生物核心推荐逻辑：（1）核心品种百白破-Hib四联苗作为升级替代Hib疫苗的国内独家品种，增速快，市场空间可达19亿。无细胞百白破b型流感嗜血杆菌联合疫苗是公司独家开发的联苗品种，具有“一苗防四病”、接种次数减少一半、降低不良反应发生的风险等优势。我们预计至少3年内四联苗没有同类竞争产品，受益于销售逐步推进、联苗取代效应等因素，我们预计四联苗继续保持较快增长，市场空间可达19亿元。（2）人二倍体狂犬病疫苗（MRC-5细胞，申报生产）：狂犬疫苗市场空间约1500万人份，过去受制于生产工艺、价格等因素高端人二倍体狂苗占比仅1%。公司全套引进赛诺菲•巴斯德技术，2018年1月收到《申请药品生产现场检查通知书》进入现场检查阶段，我们预计有望在2018年底获批、市场空间在18亿元左右。（3）13价肺炎球菌疫苗（Ⅲ期）：全球销售收入达56亿美元的疫苗冠军，目前国内仅进口辉瑞独家。我们预计国内13价肺炎球菌疫苗的市场空间有望达到71亿。康泰生物13价肺炎球菌疫苗已进入Ⅲ期临床试验，进度仅次于沃森生物，我们预计有望于2020年获批上市。（4）脊灰灭活疫苗（Ⅱ期）：新脊灰疫苗免疫策略将1剂次IPV纳入国家免疫规划，目前生产企业仅3家，进口赛诺菲、国产昆明所和北生研。参照成熟接种程序，我们认为全程IPV接种趋势下市场空间有望达到23.8亿元。北京民海IPV目前处于临床Ⅱ期、进度靠前，有望在2020年获批上市。（5）肠道病毒EV71疫苗（Ⅰ期）：国内手足口病发病率高、危害大，目前仅昆明所、北京科兴和武汉所三家获批生产，人群覆盖率约为10%。我们预计EV71疫苗国内市场空间有望达到55亿。
盈利预测与投资建议：由于四联苗销量大幅增长，我们上调2018-2020年公司营业收入为24.54、33.69、45.80亿元，同比增长111.36%、37.26%、35.94%，归属母公司净利润为5.89、9.56、15.34亿元，同比增长174.46%、62.18%、60.54%，对应EPS为0.93、1.52、2.43元。考虑到公司作为A股疫苗标的中在研产品管线最为丰富的公司之一，未来三年四联苗进入放量周期，人用二倍体狂苗（MRC-5细胞）、13价肺炎疫苗、脊灰灭活苗等重磅产品陆续上市销售，维持“买入”评级。
风险提示：核心产品四联苗销售不及预期、竞争加剧的风险，研发进展不及预期的风险，预测前提不及预期导致市场容量测算出现偏差的风险，监管政策趋严的风险。",,中泰证券,买入,[None],2018-07-03,,买入,2243437,pdf_downloads/2018/2018-07-03/300601-康泰生物（300601）：业绩略超预期，四联苗销量实现大幅增长.pdf,300601,康泰生物,康泰生物（300601）：业绩略超预期，四联苗销量实现大幅增长,"{
    ""forecasts"": [
        {
            ""year"": 2018,
            ""net_profit"": 5.89,
            ""eps"": 0.93,
            ""pe"": null
        },
        {
            ""year"": 2019,
            ""net_profit"": 9.56,
            ""eps"": 1.52,
            ""pe"": null
        },
        {
            ""year"": 2020,
            ""net_profit"": 15.34,
            ""eps"": 2.43,
            ""pe"": null
        }
    ]
}",,,,,,,,,0.93,1.52,2.43,
杜佐远,"事件：1）公司发布18Q1业绩预告，18Q1归母净利润2.68-2.89亿元，同比增速280%-310%，超出我们以前预期的2.6-2.8亿净利润；2）近日草根调研发现三代狂苗终端需求旺盛，考虑其临床价值和较高生产工艺壁垒，我们再次上调公司在研三代狂苗终端价格至1200元/人份（原预测800元/人份）；基于此我们再次上调公司盈利预测和估值——18年净利润6.0亿元（原预测5.5亿元），合理估值500亿（18PE83倍）（原预测400亿市值），三年千亿市值。
点评：
四联苗爆发式增长，逻辑&市值超预期兑现。H1净利润2.68-2.89亿元，预计2.8亿元，主要原因公司加大市场推广力度以及五联苗断货，四联苗为主的二类疫苗销售良好：1）四联苗大幅增加：预计H1四联苗销量230-240万支，贡献2.4-2.5亿净利润（17全年销量150万支），考虑到三季度五联苗回国，维持四联苗全年销量450万支预期，全年有望贡献4.7亿净利润；从批签发数据看，截至6月底，四联苗批签发约239万支（17全年批签发143万支），预计后续维持高位批签发，确保充足供货；2）其他二类苗稳定快速增长：受益加大市场推广力度，Hib、乙肝等品种保持稳定较快增长，扣除激励费用，H1预计贡献约3000-5000万元。公司收入规模大幅增加带动销售费用率持续降低，上调四联苗单支净利润预测至105元/支（原预测100元/支），四联苗爆发式增长带动下，预计公司全年净利润约6.0亿元。
四联苗&五联苗+三代狂苗+13价肺炎+EV71+IPV，将演绎“50亿净利润是如何炼成的”。公司独家品种百白破+Hib四联苗18年爆发式增长，中期受益于逐步替代Hib、百白破，四联苗相关多联疫苗5年内无竞争对手上市，而自己研发的五联苗预计21-22年上市，届时将打造最强“百白破、Hib、脊灰”联苗，有望贡献超10亿净利润；三代狂苗预计18年底获批，5年内最多1家企业与其竞争，有望贡献20亿净利润；13价肺炎预计19年底获批，5年内最多3家企业与其竞争（包括外资），有望贡献10亿净利润；EV71、IPV有望20-21年获批上市，预计贡献10亿级别净利润。四联苗&五联苗+三代狂苗+13价肺炎+EV71+IPV，将演绎“50亿净利润是如何炼成的”，若考虑临床前阶段的“麻腮风+水痘四联苗”，未来疫苗业务净利润或将超60亿元。
盈利预测与投资建议。考虑四联苗销售火爆和三代狂犬定价再次调整，我们上调18年净利润至6亿元（原预测5.5亿元），上调19-20年净利润9.57/18.0亿元，同比增长176%/60%/88%，未来3-4年净利润将超30亿元，中期净利润50亿元级别。作为超级成长股，未来5年将持续高增长，18年合理估值500亿元（18PE83X），19年合理估值620亿元（19PE65X），仅考虑疫苗，三年合理估值千元（35倍PE），若未来布局其他生物药，则打开长期成长天花板。维持“买入”评级。
风险提示：销售低于预期；新产品未能获批的风险。",,太平洋证券,买入,[None],2018-07-02,,买入,2243483,pdf_downloads/2018/2018-07-02/300601-康泰生物（300601）：业绩超预期，再次上调盈利预测与估值.pdf,300601,康泰生物,康泰生物（300601）：业绩超预期，再次上调盈利预测与估值,"{
    ""forecasts"": [
        {
            ""year"": 2018,
            ""net_profit"": 6.0,
            ""eps"": null,
            ""pe"": 83
        },
        {
            ""year"": 2019,
            ""net_profit"": 9.57,
            ""eps"": null,
            ""pe"": 65
        },
        {
            ""year"": 2020,
            ""net_profit"": 18.0,
            ""eps"": null,
            ""pe"": null
        }
    ]
}",,,83.0,65.0,,,,,,,,
王冯,"事件：公司发布2018年半年度业绩预告，公司2018年上半年实现归母净利润2.68-2.89亿元，同比上升280%-310%，业绩超预期。
四联苗迅速放量，支撑业务超预期增长：根据公司2018年上半年业绩预告净利润2.68-2.89亿元预测，公司全年归母净利润预计5.30-6.00亿元，超市场预期。公司今年业绩超预期增长，最重要的原因是公司四联苗的迅速放量。2017年全年公司四联苗实现销售收入4.11亿元，同比上升124.08%，2018Q1收入2.27亿元，同比上升460.57%。我们预测，2018年上半年四联苗销量230-240万支左右，贡献超过2亿净利润，其中2018Q2预计销售150万支左右，仅2018Q2单季销量即与2017年全年几乎相同。批签发方面，截至2018年6月底，四联苗批签发239.13万支，以及下半年也将维持较高的批签发，以维持销量水平。我们认为，公司销售改革成果逐渐显现，四联苗销售的高速增长有望贯穿全年。
在研产品丰富，逐渐上市打开公司高成长空间：公司在研产品丰富，未来增长动力十足。（1）13价肺炎球菌多糖结合疫苗：辉瑞的13价肺炎球菌多糖结合疫苗是全球最畅销的疫苗品种，2017年销售额达到了56.01亿美元，2016年11月获批进入中国市场。公司的13价肺炎球菌多糖结合疫苗已经进入Ⅲ期临床，预计2020你那左右能够上市销售，公司有望成为国产第二家13价肺炎球菌多糖结合疫苗的生产厂商，率先瓜分国内市场。（2）冻干人用狂犬病疫苗（MRC-5细胞）：公司引进法国巴斯德技术的二倍体狂犬病疫苗正在进行现场检查的工作，预计今年年底前能拿到批件，明年上半年上市，定价估计800-900元/人份，产能充足。（3）Sabin株脊髓灰质炎灭活疫苗（Vero细胞）：公司sIPV已经进入Ⅲ期临床，预计2019-2020年上市。目前国内的接种程序是一针IPV+3针OPV，未来国家以IPV全面替代OPV的趋势明显，市场空间极大。
联苗是未来发展重要方向，公司优势明显：多联苗一针放多病，大大减少了接种针数，提高便利性和安全性，是未来疫苗行业发展的一大重要方向。公司已经上市了成熟的四联苗产品，在多联苗方面有丰富的经验，公司还积极在四联苗的基础上研发五联苗产品，预计2018年申报临床，2022年左右上市。同时，公司已经获得了腮腺炎疫苗毒种，未来有望往麻腮风-水痘联合疫苗方向走，优势明显。
投资建议：基于公司四联苗产品放量超预期，我们上调公司盈利预测，我们预测公司2018年至2020年每股收益分别为0.90、1.37和2.16元，维持增持-A建议。
风险提示：产品推广不达预期，研发进展不达预期，行业事件风险。",,华金证券,增持,[None],2018-07-02,,增持,2243473,pdf_downloads/2018/2018-07-02/300601-康泰生物（300601）：四联苗持续放量，半年度业绩超预期.pdf,300601,康泰生物,康泰生物（300601）：四联苗持续放量，半年度业绩超预期,"{
    ""forecasts"": [
        {
            ""year"": 2018,
            ""net_profit"": null,
            ""eps"": 0.90,
            ""pe"": null
        },
        {
            ""year"": 2019,
            ""net_profit"": null,
            ""eps"": 1.37,
            ""pe"": null
        },
        {
            ""year"": 2020,
            ""net_profit"": null,
            ""eps"": 2.16,
            ""pe"": null
        }
    ]
}",,,,,,,,,0.9,1.37,2.16,
"朱国广,陈铁林","投资要点
事件：公司发布半年报业绩预告，预计2018年上半年实现2.68-2.89亿元，同比增速280%-310%。
业绩超市场预期，爆发式增长态势将贯穿全年。公司中报实现归母净利润2.7-2.9亿元，中值2.8亿元，同比增速295%，一般上半年业绩占全年业绩45%（疫苗一般没有太大季节效应，扣除春节影响，上半年对应5个月销售，下半年对应6个月销售），根据中报推算全年业绩6亿元左右，远超wind一致预期4.4亿元，同时也超最高5.5亿元业绩预期。分产品来看，我们认为业绩超预期主要系四联苗销量好于预期。根据一季报和我们草根跟踪，我们估算2018年上半年四联苗销量在230-240万支，其中2018Q2实现销售150万支左右，与2017年全年基本持平。我们认为四联苗销量超预期的背后是公司销售改革成果的体现，公司业绩爆发增长态势将贯穿全年。
疫苗行业的“恒瑞医药”，丰富产品梯队驱动公司业绩逐年爆发。公司在研产品梯队丰富，为疫苗中的恒瑞医药，目前已有多个重磅产品处于临床试验后期或待上市状态，驱动公司业绩逐年爆发。1）23价肺炎：已完成生产现场检查阶段，预计2018年中上市，未来每年可稳定贡献净利润近2亿元；2）第三代狂犬疫苗：已通知生产现场检查，为巴斯德全套技术引进项目，预计2018年底获批，未来每年可稳定贡献净利润9.5亿元；3）sIPV：二期临床阶段，优先审评审批，为WHO全套技术引进项目，有望在2020年上市，未来每年可稳定贡献净利润近3亿元；4）13价肺炎：全球疫苗之王，目前III期临床末期，预计2018年10-12月揭盲报产，有望2020年成为国内第二家上市的企业，未来每年可稳定贡献净利润11.5亿元，详细分析见我们第二篇深度报告。
盈利预测与投资建议。考虑到四联苗销量超预期，我们上调盈利预测，预计2018-2020年EPS分别为0.94元、1.42元、2.09元，对应当前股价估值分别为66倍、44倍、30倍，未来三年归母净利率将保持83%的复合增长率。我们认为公司核心品种四联苗爆发力强，在研重磅产品梯队丰富，中长期成长动力十足，业绩持续高速增长确定性极强，维持“买入”评级。
风险提示：行业出现群体性疫苗事件或导致行业收入下滑的风险；重磅产品上市进度及销售情况或低于预期的风险；四联苗等销售上量或低于预期的风险。",,西南证券,买入,[None],2018-07-02,,买入,2192500,pdf_downloads/2018/2018-07-02/300601-康泰生物（300601）：业绩超市场预期，爆发式增长态势将贯穿全年.pdf,300601,康泰生物,康泰生物（300601）：业绩超市场预期，爆发式增长态势将贯穿全年,"{
    ""forecasts"": [
        {
            ""year"": 2018,
            ""net_profit"": null,
            ""eps"": 0.94,
            ""pe"": 66
        },
        {
            ""year"": 2019,
            ""net_profit"": null,
            ""eps"": 1.42,
            ""pe"": 44
        },
        {
            ""year"": 2020,
            ""net_profit"": null,
            ""eps"": 2.09,
            ""pe"": 30
        }
    ]
}",,,66.0,44.0,30.0,,,,0.94,1.42,2.09,
张金洋,"此篇报告是我们疫苗行业重磅深度的第四篇，第一篇中我们系统的对整个疫苗行业新时代下的投资逻辑和发展趋势进行了阐述，此篇是关于康泰生物（300601）的公司深度报告。公司作为我们持续强烈推荐标的，自第一篇行业深度发布以来涨幅已达106%。公司研发管线布局完善，23价肺炎疫苗，二倍体狂犬疫苗，IPV疫苗，13价肺炎结合疫苗，EV71疫苗等品种都有望在未来3-5年上市销售，给公司带来持续稳定高速增长！18年公司通过产品推广和销售体系建设，以及行业事件驱动，核心品种四联苗有望实现爆发性成长，为公司带来丰厚利润！
公司是国内研发管线布局最为完善的疫苗企业。公司在16年疫苗事件之后进入高速发展，且未来几年布局的产品，包括23价肺炎疫苗，二倍体狂犬疫苗，IPV疫苗，13价肺炎结合疫苗，EV71疫苗等都将陆续兑现上市销售，公司至少未来3年都将保持50%以上增速。同时公司在单苗布局完善，包括IPV，无细胞百白破，冻干Hib，麻风二联苗，甲肝疫苗，水痘等都为未来的联苗布局打下基础，未来有望成为国内最强联苗企业。
核心产品四联苗放量增长。疫苗事件后，多联苗替代单苗的发展趋势以及每年新生儿的增加以及居民接种意识提高的复合效应下，四联苗放量增长。从17年开始销量突破100万支，同时17年底由于五联苗和百白破事件的影响，助力公司四联苗的进一步放量，我们预计18年公司销量预计将达到400万支。同时对于公司当前的主要县疾控覆盖率来说（900多个），我们认为四联苗仍存在较大潜力，无论五联苗是否恢复，未来都将会进一步提升产品空间。
销售费用率上有望进一步改善。公司在销售体系上，逐渐由原先的推广模式，向类直销模式转化，通过内化或者独家化经销商的模式，不断扩建自身的销售队伍和扩大渠道覆盖率，鉴于当前公司的销售费用率要高于行业平均水平5-10个百分点，我们预计未来随着公司销售体系的改善以及自身产品组合影响力的扩大，销售费用率有望进一步降低，增厚公司利润。
公司盈利预测及投资评级。公司研发管线储备良好，未来有望持续保持高速增长。预计公司18-19年归母净利润分别为4.28亿元以及6.79亿元，同比增长97%以及59%；EPS分别为1.02元以及1.61元，按照我们预估公司19年合理市值应在200亿左右。对于公司管线当中品种，23价肺炎、人二倍体狂犬、13价肺炎疫苗、IPV疫苗等品种未来都将上市销售，对于这部分产品我们采用DCF模型进行测算，管线品种对应18年价值205亿，最终进行测算后公司19年一年期市值目标为405亿元。继续给予公司“强烈推荐”评级。",,东兴证券,强烈推荐,[None],2018-05-08,,买入,2174189,pdf_downloads/2018/2018-05-08/300601-康泰生物（300601）：研发管线体现核心价值，产品驱动爆发性成长可期.pdf,300601,康泰生物,康泰生物（300601）：研发管线体现核心价值，产品驱动爆发性成长可期,"{
    ""forecasts"": [
        {
            ""year"": 2018,
            ""net_profit"": 4.28,
            ""eps"": 1.02,
            ""pe"": null
        },
        {
            ""year"": 2019,
            ""net_profit"": 6.79,
            ""eps"": 1.61,
            ""pe"": null
        }
    ]
}",,,,,,,,,1.02,1.61,,
江琦,"投资要点
我们认为，公司作为A股疫苗标的中在研产品管线最为丰富的公司之一，多个项目对标海外重磅产品，包括13价肺炎球菌结合疫苗、重组人乳头瘤病毒疫苗、五联苗、麻腮风-水痘四联苗、五价口服轮状病毒活疫苗、冻干带状疱疹减毒活疫苗等。未来三年核心产品四联苗进入放量期，在研人用二倍体狂苗（MRC-5细胞）、13价肺炎疫苗、脊灰灭活苗、EV71疫苗等重磅产品陆续上市销售，长期成长性强！
百白破-Hib四联苗：升级替代Hib疫苗、国内独家品种，增速快，市场空间可达19亿。无细胞百白破b型流感嗜血杆菌联合疫苗是公司独家开发的联苗品种，具有“一苗防四病”、接种次数减少一半、降低不良反应发生的风险等优势。2013年9月上市，当年就实现销售21.27万剂，2014-2017年逐步上量，2017年我们预计销售150万剂。且进口五联苗数量较少，四联苗成为替代方式之一。我们预计至少3年内四联苗没有同类竞争产品，受益于销售逐步推进、联苗取代效应等因素，我们预计四联苗继续保持较快增长，市场空间可达19亿元。同时，公司四联苗和在研的IPV也为五联苗研发打下基础。
多个在研重磅产品已处于临床后期，未来几年将陆续上市。
人二倍体狂犬病疫苗（MRC-5细胞，申报生产）：狂犬疫苗市场空间约1500万人份、较为稳定，过去受制于生产工艺、价格等因素高端人二倍体狂苗占比仅1%。公司全套引进赛诺菲•巴斯德生产冻干人用狂犬病疫苗（MRC-5细胞）的许可材料和许可技术，2018年1月收到《申请药品生产现场检查通知书》进入现场检查阶段，我们预计有望在2018年底获批、市场空间在18亿元左右。
13价肺炎球菌疫苗（Ⅲ期）：全球销售收入达56亿美元的疫苗冠军，目前国内仅进口辉瑞独家。我们预计国内13价肺炎球菌疫苗的市场空间有望达到71亿。康泰生物13价肺炎球菌疫苗已进入Ⅲ期临床试验，进度仅次于沃森生物，我们预计有望于2020年获批上市。
脊灰灭活疫苗（Ⅱ期）：新脊灰疫苗免疫策略将1剂次IPV纳入国家免疫规划，目前生产企业仅3家，进口赛诺菲、国产昆明所和北生研。参照成熟接种程序，我们认为全程IPV接种趋势下市场空间有望达到23.8亿元。北京民海IPV目前处于临床Ⅱ期、进度靠前，有望在2020年获批上市。
肠道病毒EV71疫苗（Ⅰ期）：国内手足口病发病率高、危害大，目前仅昆明所、北京科兴和武汉所三家获批生产，人群覆盖率约为10%。我们预计EV71疫苗国内市场空间有望达到55亿。
盈利预测与投资建议：我们预计2018-2020年公司营业收入为19.14、25.89、38.55亿元，同比增长64.86%、35.24%、48.89%，归属母公司净利润为4.45、6.54、9.67亿元，同比增长107.34%、47.01%、47.69%，对应EPS为1.06、1.55、2.30元。考虑到公司作为A股疫苗标的中在研产品管线最为丰富的公司之一，未来三年四联苗进入放量周期，人用二倍体狂苗（MRC-5细胞）、13价肺炎疫苗、脊灰灭活苗等重磅产品陆续上市销售，我们给予公司2019年55-60倍PE、合理估值区间85.25-93元，首次覆盖，给予“买入”评级。
风险提示：核心产品四联苗销售不及预期、竞争加剧的风险，研发进展不及预期的风险，预测前提不及预期导致市场容量测算出现偏差的风险，监管政策趋严的风险。",,中泰证券,买入,[None],2018-05-07,,买入,2160110,pdf_downloads/2018/2018-05-07/300601-康泰生物（300601）：老牌疫苗企业厚积薄发，在研产品陆续进入收获期.pdf,300601,康泰生物,康泰生物（300601）：老牌疫苗企业厚积薄发，在研产品陆续进入收获期,"{
    ""forecasts"": [
        {
            ""year"": 2020,
            ""net_profit"": 9.67,
            ""eps"": 2.30,
            ""pe"": null
        }
    ]
}",,,,,,,,,,,2.3,
"杜佐远,苑建","四联苗终端接种火爆，上调18年销量至450万支，预计贡献约4.5亿净利润。公司18年一季度四联苗销量约85万支（17年全年销量150万支），贡献约8500万净利润，主要原因公司加大市场推广力度以及五联苗断货。近日草根调研发现四联苗终端接种火爆，部分接种点出现暂时性缺货，此外调研发现四联苗学术推广与市场预期不同，终端接种过程中，四联苗不仅替代Hib二类苗，还替代百白破一类苗，百白破每年批签发量超6500万支，超1600万人份，替代空间远超每年批签发量2000多万支的Hib。基于此我们上调全年销量预期至450万支（原预测380万支），预计贡献约4.5亿净利润；从批签发数据看，截至4月中，四联苗批签发近100万支（17全年批签发143万支），预计后续批签发会大幅增加，批签发顺利确保充足供货。
四联苗&五联苗+三代狂苗+13价肺炎，将演绎“30亿净利润是如何炼成的”。公司独家品种百白破+Hib四联苗18年受益于巴斯德五联苗至少断货至18年底，爆发式增长，中期受益于逐步替代Hib、百白破，四联苗相关多联疫苗5年内无竞争对手上市，而自己研发的五联苗预计21-22年上市，届时将打造最强“百白破、Hib、脊灰”联苗，有望贡献超10亿净利润；三代狂苗预计18年底获批，5年内最多2家企业与其竞争，有望贡献超10亿净利润（原预测5-10亿元）；13价肺炎预计19年底获批，5年内最多4家企业与其竞争（包括外资），有望贡献10亿净利润。
盈利预测与投资建议。考虑四联苗接种火爆，上调18-20年净利润至5.5亿元（原预测4.5亿元）/9.2亿元（原预测7.4亿元）/16.0亿元（原预测11.8亿元），同比增长153%/67%/74%，未来4-5年净利润将超30亿元。作为超级成长股，未来5年将持续高增长，18-19年合理估值400亿元（18PE72X）、500亿元（19PE55X），仅考虑疫苗，五年千亿市值（27倍PE），若未来布局其他生物药，则打开长期成长天花板。维持“买入”评级。",,太平洋证券,买入,[None],2018-05-07,,买入,2160209,pdf_downloads/2018/2018-05-07/300601-康泰生物（300601）：四联苗终端接种火爆，再次上调盈利预测与估值.pdf,300601,康泰生物,康泰生物（300601）：四联苗终端接种火爆，再次上调盈利预测与估值,"{
  ""forecasts"": [
    {
      ""year"": 2018,
      ""net_profit"": 5.5,
      ""eps"": null,
      ""pe"": 72
    },
    {
      ""year"": 2019,
      ""net_profit"": 9.2,
      ""eps"": null,
      ""pe"": 55
    },
    {
      ""year"": 2020,
      ""net_profit"": 16.0,
      ""eps"": null,
      ""pe"": null
    }
  ]
}",,,72.0,55.0,,,,,,,,
"朱国广,陈铁林","业绩总结:公司2017年实现营业收入11.6亿元,同比增长110.4%;实现归母净利润2.1亿元,同比增长149.0%;实现扣非后归母净利润1.8亿元,同比增长137.1%;EPS为0.53元。公司2018年第一季度实现营业收入4.0亿元,同比增长176.3%;实现归母净利润1.1亿元,同比增长290.6%;实现扣非后归母净利润1.1亿元,同比增长365.8%。
    四联苗销量超预期,2018年公司业绩大爆发。公司2017年和2018Q1实现收入增速分别为110.4%和176.3%,扣非后归母净利润增速分别为137.1%和365.8%,业绩超高速增长,超市场预期。分产品线看:1)四联苗:2017年实现收入4.1亿元,同比增长124.1%,折合超过150万支,2018Q1实现收入2.3亿元,同比增长460.6%,折合85万支左右,销量超市场预期,考虑到一般情况下,一季度销量占全年20%,我们估计四联苗全年销量有望达到400万支,超目前300万支预期;2)乙肝疫苗:2017年实现收入4.3亿元,同比增长150.4%,2018Q1则实现收入9826.8万元,同比增长91.83%,主要系去年基数较低和北生研乙肝疫苗新基地尚未通过GMP,我们预计全年增速20%-40%;3)Hib疫苗:2017年实现收入2.8亿元,同比增长133.2%,2018Q1实现收入6812.5万元,同比增长47.7%,批签发量已位列行业第一,我们预计2018年全年增速在20%左右。我们认为在核心品种四联苗超预期销售下,公司2018年业绩将持续大爆发。
    多个产品即将上市,公司业绩将逐年爆发。公司已有多个重磅产品处于临床试验后期或待上市状态,驱动公司业绩逐年爆发。1)23价肺炎:已完成生产现场检查阶段,预计2018年中上市,未来每年可稳定贡献净利润近2亿元;2)第三代狂犬疫苗:已通知生产现场检查,为巴斯德全套技术引进项目,预计2018年底获批,未来每年可稳定贡献净利润9.5亿元;3)sIPV:二期临床阶段,优先审评审批,为WHO全套技术引进项目,有望在2020年上市,未来每年可稳定贡献净利润近3亿元;4)13价肺炎:全球疫苗之王,目前III期临床末期,预计2018年10-12月揭盲报产,有望2020年成为国内第二家上市的企业,未来每年可稳定贡献净利润11.5亿元,详细分析见我们的深度报告。
    盈利预测与投资建议。考虑到四联苗销量超预期,我们上调盈利预测,预计2018-2020年EPS分别为1.12元、1.67元、2.46元,对应当前股价估值分别为59倍、40倍、27倍,未来三年归母净利率将保持69%的复合增长率。我们认为公司核心品种四联苗爆发力强,在研重磅产品梯队丰富,中长期成长动力十足,业绩持续高速增长确定性极强,维持“买入”评级。
    风险提示:行业出现群体性疫苗事件或导致行业收入下滑的风险;重磅产品上市进度及销售情况或低于预期的风险;四联苗等销售上量或低于预期的风险。",,西南证券,买入,[None],2018-04-28,,买入,2158353,"pdf_downloads/2018/2018-04-28/300601-康泰生物(300601)：四联苗销量超预期,公司步入业绩爆发期.pdf",300601,康泰生物,"康泰生物(300601)：四联苗销量超预期,公司步入业绩爆发期","{
    ""forecasts"": [
        {
            ""year"": 2018,
            ""net_profit"": null,
            ""eps"": 1.12,
            ""pe"": 59
        },
        {
            ""year"": 2019,
            ""net_profit"": null,
            ""eps"": 1.67,
            ""pe"": 40
        },
        {
            ""year"": 2020,
            ""net_profit"": null,
            ""eps"": 2.46,
            ""pe"": 27
        }
    ]
}",,,59.0,40.0,27.0,,,,1.12,1.67,2.46,
杜佐远,"事件:公司发布18Q1业绩预告,18Q1归母净利润1-1.2亿元,同比增速255%-327%,超出我们之前预期的1亿元净利润。
    点评:
    太平洋医药业内第一家股价底部大胆提出“五年净利润30亿”、“18年净利润超4亿”、“18年市值看300亿”、“19年看400亿”、“中期市值看750亿”、“五年五倍”。请参考前期一系列公司深度和行业深度报告。目前逻辑和市值在快速兑现。  四联苗爆发式增长,逻辑&市值快速兑现。Q1净利润1-1.2亿元,预计1.1亿元,超我们预期的1亿元,主要原因公司加大市场推广力度以及五联苗断货,四联苗为主的二类疫苗销售良好:1)四联苗大幅增加:预计Q1四联苗销量约90万支,贡献约9000万净利润(17全年销量150万支),略超我们预期,上调全年销量预期至380万支(原预测350万支),贡献3.8亿净利润;从批签发数据看,截至3月底,四联苗批签发约66万支(17全年批签发143万支),预计后续批签发会大幅增加,批签发顺利确保充足供货;2)其他二类苗稳定快速增长:受益加大市场推广力度,Hib、乙肝等品种保持稳定较快增长,扣除激励费用,Q1预计贡献约2000万元。四联苗爆发式增长带动下,预计公司全年净利润约4.5亿元。  详细的业绩拆分及预测,请见尾页。
    四联苗&五联苗+三代狂苗+13价肺炎,将演绎“30亿净利润是如何炼成的”。公司独家品种百白破+Hib四联苗18年受益于巴斯德五联苗至少断货至18年底,爆发式增长,中期受益于逐步替代Hib、百白破,四联苗相关多联疫苗5年内无竞争对手上市,而自己研发的五联苗预计21-22年上市,届时将打造最强“百白破、Hib、脊灰”联苗,有望贡献10亿净利润;三代狂苗预计18年底获批,5年内最多1家企业与其竞争,有望贡献5-10亿净利润;13价肺炎预计19年底获批,5年内最多3家企业与其竞争(包括外资),有望贡献10亿净利润。
    盈利预测与投资建议。考虑四联苗仍超我们预期,上调18年净利润至4.48亿元(原预测4.18亿元),维持19-20年净利润7.41/11.82亿元,同比增长106%/65%/60%,未来净利润将超30亿元。作为超级成长股,未来5年将持续高增长,18年合理估值310亿元(18PE70X),19年合理估值410亿元(19PE55X),仅考虑疫苗,五年合理估值750亿元(25倍PE),若未来布局其他生物药,则打开长期成长天花板。维持“买入”评级。",,太平洋证券,买入,[None],2018-04-08,,买入,2148575,"pdf_downloads/2018/2018-04-08/300601-康泰生物(300601)：业绩超预期,逻辑&市值快速兑现.pdf",300601,康泰生物,"康泰生物(300601)：业绩超预期,逻辑&市值快速兑现","{
    ""forecasts"": [
        {
            ""year"": 2018,
            ""net_profit"": 4.48,
            ""eps"": null,
            ""pe"": 70
        },
        {
            ""year"": 2019,
            ""net_profit"": 7.41,
            ""eps"": null,
            ""pe"": 55
        },
        {
            ""year"": 2020,
            ""net_profit"": 11.82,
            ""eps"": null,
            ""pe"": null
        },
        {
            ""year"": 2025,
            ""net_profit"": null,
            ""eps"": null,
            ""pe"": 25
        }
    ]
}",,,70.0,55.0,,,,,,,,
"朱国广,陈铁林","推荐逻辑:1)公司在研产品梯队丰富,每1-2年都有重磅产品上市,公司5年后预计25亿净利润,CAGR约60%,中长期预计35亿净利润;2)在五联苗断货和百白破供应紧张背景下,公司四联苗2018年将大爆发,业绩极有可能超预期;3)重磅产品研发步入收获期,预计2018年三代狂犬获批上市和13价肺炎三期临床揭盲。即公司未来业绩高速增长确定性强、业绩有超预期可能且有重磅产品获批等催化剂,“买入”评级,2018年目标市值300亿元。
    公司产品梯队丰富,每1-2年都有重磅产品上市,5年后预计25亿净利润。公司是国内在研产品最丰富的疫苗企业,其多联苗技术国内民企中独树一帜,公司每年都有新产品上市,每1-2年都有重磅产品上市。我们认为现有四联苗、2018年上市的三代狂犬和23价肺炎多糖疫苗,2020年左右上市的13价肺炎结合疫苗和sIPV将支撑公司2022年大概率实现25亿元净利润,2022年左右将上市五联苗和EV71基因工程疫苗,公司中长期可看见35亿元以上净利润。
    五联苗断货+百白破供应紧张,公司四联苗2018年有望大爆发:(百白破-Hib)四联疫苗系公司独家产品,是国内除百白破以外,国产上市的多联苗中唯一的、多联最多的苗。2017年10月赛诺菲巴斯德五联苗8批疫苗未获得CFDA批签发,预计中国市场至少断货1年,公司四联苗为官方推荐替代疫苗。同时2017年11月,国内百白破主要供应商长生生物和武汉所出现供应紧张,这将进一步推动了四联苗接种需求。我们预计四联苗2018年销量至少350万支,有超预期可能,公司业绩有望大爆发。
    多个产品即将上市,公司业绩将逐年爆发。公司已有多个重磅产品处于临床试验后期或待上市状态,驱动公司业绩逐年爆发。1)23价肺炎:已完成生产现场检查阶段,预计2018年中上市,未来每年可稳定贡献净利润近2亿元;2)第三代狂犬疫苗:已通知生产现场检查,为巴斯德全套技术引进项目,预计2018年底获批,未来每年可稳定贡献净利润9.5亿元;3)sIPV:二期临床阶段,优先审评审批,为WHO全套技术引进项目,有望在2020年上市,未来每年可稳定贡献净利润近3亿元;4)13价肺炎:全球疫苗之王,目前III期临床末期,预计2018年10-12月揭盲报产,有望2020年成为国内第二家上市的企业,未来每年可稳定贡献净利润11.5亿元。
    盈利预测与投资建议。在不考虑新产品上市和业绩超预期的情况下,我们预计2018-2019年归母净利润分别为4.3亿元和6.7亿元。我们选取了长生生物、智飞生物和沃森生物作为可比公司,行业2018-2019年平均估值分别为85.3倍和31.3倍,对应公司相对估值365亿元。利用现金流折现对五大品种(四联苗、23价肺炎、三代狂犬、sIPV和13价肺炎)估值,合理市值291亿元。我们给予乙肝等其他品种9亿元市值,我们给予公司目标市值300亿元,对应目标价71.23元,“买入”评级。",,西南证券,买入,[None],2018-03-21,,买入,2163470,"pdf_downloads/2018/2018-03-21/300601-康泰生物(300601)：重磅产品陆续上市,业绩未来5年CAGR有望超50%.pdf",300601,康泰生物,"康泰生物(300601)：重磅产品陆续上市,业绩未来5年CAGR有望超50%","{
    ""forecasts"": [
        {
            ""year"": 2022,
            ""net_profit"": 25,
            ""eps"": null,
            ""pe"": null
        }
    ]
}",,,,,,,,,,,,
"邓周宇,高睿婷,张威亚","支撑评级的要点
    乙肝疫苗、hib单苗、麻风二联苗快速走出低谷。公司乙肝疫苗包括10μg、20μg、60μg三种规格,实现成人乙肝疫苗接种人群的全覆盖。2017年公司批签发量占全行业比重超过55%,2015-2017年合计批签发量占比接近35%,市场份额第一。未来整体乙肝疫苗市场处于相对稳定,而公司批签发量占比进一步提升的空间并不大,未来将保持稳定增长的趋势。公司hib单苗的批签发量在2014-15年随着行业对的整体下滑而出现下滑,2016年逐步恢复,2017年前三季度公司hib疫苗批签发量占全行业比重约为32%,市场份额第一,未来份额仍有一定上升空间。公司麻风二联疫苗市场份额第二,未来有望获得较快增长。
    百白破-hib四联疫苗开启爆发增长态势,2018年销售量有望超过270万只,年销售额有望超过8亿元。hib疫苗包括:hib单苗、AC-hib三联苗、百白破-hib四联苗、百白破-脊灰-hib五联苗。由于新型多联苗同时预防多种疾病,降低儿童接种次数和不良反应发生率,上市之后呈现快速抢占hib单苗的市场份额。2017年从批签发情况看,hib多联苗与单苗的份额已经各占一半,而未来多联苗的份额还将进一步提升。公司四联苗自2013年上市以来快速增长,2017年批签发量量超过142万只。目前市场培育情况较好,预计2018年进一步将呈现爆发增长的态势,销售量有望超过270万只,销售额有望过8亿。
    公司研发管线突出。目前处于申请生产注册批件的产品有:23价肺炎多糖疫苗、冻干人用狂犬病疫苗MRC-5细胞、百白破联合疫苗、ACYW135群多糖疫苗。;获得临床批件的产品有:60μg重组乙型肝炎疫苗(酿酒酵母)(免疫调节剂)、ACYW135群脑膜炎球菌结合疫苗、甲型肝炎灭活疫苗、冻干Hib疫苗、13价肺炎球菌结合疫苗、吸附无细胞百白破冻干b型流感嗜血杆菌联合疫苗等8种疫苗已经获得临床批件。
    评级面临的主要风险
    四联苗推广进度低于预期
    估值
    预计2017-2019年EPS0.57/0.80/0.97,对应PE67/48/40倍,首次覆盖,给予“增持”评级。",,中银国际,增持,[None],2018-03-05,,增持,2130274,pdf_downloads/2018/2018-03-05/300601-康泰生物(300601)：研发管线突出的二类疫苗企业.pdf,300601,康泰生物,康泰生物(300601)：研发管线突出的二类疫苗企业,"{
    ""forecasts"": [
        {
            ""year"": 2017,
            ""net_profit"": null,
            ""eps"": 0.57,
            ""pe"": 67
        },
        {
            ""year"": 2018,
            ""net_profit"": null,
            ""eps"": 0.80,
            ""pe"": 48
        },
        {
            ""year"": 2019,
            ""net_profit"": null,
            ""eps"": 0.97,
            ""pe"": 40
        }
    ]
}",,67.0,48.0,40.0,,,,0.57,0.8,0.97,,
杜佐远,"“新型疫苗”时代,十年等一回的大机会。我们在2017年10月发布的《“创新”大牛市》中指出:中国疫苗市场经历“传统疫苗”,17年已进入“新型疫苗”时代,需求未满,消费升级,是十年等一回的大机会。08年初一类苗大扩容,上市公司中受益仅天坛生物,且受益有限。而16年上市的手足口病疫苗已尽显新型疫苗“暴力美学”--17年收入近30亿元&净利润15亿元,这仅仅是开始,HPV、13价肺炎、三代狂苗、多联疫苗等等,均有望打破传统药品&传统思维的放量速度和力度,每个疫苗将给相关企业贡献10亿级别净利润,超乎市场想象。
    自主研发&技术引进,打造国内最强疫苗技术。公司高度重视自主研发,同时引进全球先进疫苗技术,并进行整合与创新,打造国内最强疫苗技术,引领疫苗行业发展。目前4个疫苗已上市,25个疫苗项目在研发,其中已上市的乙肝疫苗、在研的三代狂苗、sIPV、五价轮状病毒技术均引自国外。
    四联苗&五联苗+三代狂苗+13价肺炎,将演绎“30亿净利润是如何炼成的”。公司独家品种百白破+Hib四联苗18年受益于巴斯德五联苗至少断货至18年底,爆发式增长,中期受益于逐步替代Hib、百白破,四联苗相关多联苗5年内无竞争对手上市,而自己研发的五联苗预计21-22年上市,届时将打造最强“百白破、Hib、脊灰”联苗,有望贡献10亿净利润;三代狂苗预计18年底获批,5年内最多1家企业与其竞争,有望贡献5-10亿净利润;13价肺炎预计19年底或20年初获批,5年内最多3家企业与其竞争(包括外资),有望贡献10亿净利润。
    超级成长股,存4倍以上空间!预计18-20年净利润4.18/7.55/11.89亿元,同比增长92%/81%/58%,未来净利润将超30亿元。作为超级成长股,未来5年将持续高增长,18年合理估值300亿元(18PE72X),19年合理估值415亿元(19PE55X),相较目前185亿元市值,1年期空间62%,2年空间125%,5年存4倍以上空间。",,太平洋证券,买入,[None],2018-02-28,,买入,2128495,"pdf_downloads/2018/2018-02-28/300601-康泰生物(300601)：最强技术,最大空间.pdf",300601,康泰生物,"康泰生物(300601)：最强技术,最大空间","{
    ""forecasts"": [
        {
            ""year"": 2018,
            ""net_profit"": 4.18,
            ""eps"": null,
            ""pe"": 72
        },
        {
            ""year"": 2019,
            ""net_profit"": 7.55,
            ""eps"": null,
            ""pe"": 55
        },
        {
            ""year"": 2020,
            ""net_profit"": 11.89,
            ""eps"": null,
            ""pe"": null
        }
    ]
}",,,72.0,55.0,,,,,,,,
"朱国广,陈铁林","事件:公司发布公告,公司全资子公司民海生物与捷克斯洛伐克的IMUNA PHARM,A.S.公司签署了许可协议,IMUNA PHARM,A.S.将向民海生物提供腮腺炎疫苗毒种,许可民海生物在中国大陆使用该毒种进行生产、销售单剂疫苗或多剂疫苗、单价或多价联合疫苗,并明确用于预防或治疗人类疾病。
    多联苗为行业趋势,三大品种全球销售达42.8亿美元,其中麻腮风-水痘四联苗2016年全球销售16.4亿美元。近十年来,全球疫苗行业的增长多得益于一系列高品质的创新疫苗品种的面市,销量前十的疫苗包括四种多价疫苗和三种多联疫苗,传统疫苗的贡献率逐渐减少。由于多联疫苗包含多种单个疫苗,同时可预防多种传染病,大大缩减了儿童接种的次数从而使整个接种过程变得更容易,多联多价已成行业趋势。默沙东的麻腮风-水痘四联疫苗、赛诺菲和葛兰素史克以百白破为基础的五联疫苗2016年全球实现销售分别为16.4亿美元、16.45亿美元和10亿美元,麻腮风-水痘四联苗为重磅产品。
    百白破-Hib,甲乙肝和AC-Hib为国内三大联苗,行业亟待升级。目前国内已有多个多联苗上市,进口主要为赛诺菲巴斯德的五联苗,国内多联苗厂商主要为国企中生集团,主要产品为百白破系列和麻腮风系列,这两类苗主要为免费提供的一类苗,虽然批签发量很大,但中标价格很低。国内民营企业生产的多联苗主要为属于二类苗的百白破-Hib、AC-Hib和甲乙肝炎,对应上市公司分别为康泰生物、智飞生物和科兴生物(未名医药)。我们估算2017年百白破-Hib市场规模超4亿元,AC-Hib市场规模约8亿元。与国际市场相比,国内亟待技术升级,对标国外重磅产品,国内亟待开放以麻腮风为基础的麻腮风-水痘四联苗,以及以百白破为基础的百白破-Hib-IPV或乙肝等五联苗。
    公司联苗技术实力雄厚,补全腮腺炎后,公司将成可研发麻腮风-水痘四联苗唯一民企。百白破-Hib四联疫苗系公司独家产品,是国产上市的多联苗中唯一的、多联最多的苗。公司多联苗研发实力强劲,其百白破-Hib-IPV五联苗已处于临床前研究阶段。研发多联苗,必须具备相应单苗技术。从目前麻腮风和水痘产品批文及申报情况看,公司已上市了麻风二联苗,水痘正在申报临床试验,加上此次或得的腮腺炎,我们认为公司已成为国内除中生集团外,目前唯一有能力研发生产麻腮风-水痘四联苗的民营企业。
    盈利预测与评级。预计2017-2019年EPS分别到0.50元、0.75元、1.03元,未来三年归母净利率将保持71%的复合增长率。我们认为公司四联苗爆发力强,在研产品梯队强大,中长期成长动力十足,维持“买入”评级。
    风险提示:行业出现群体性疫苗事件或导致行业收入下滑的风险;重磅产品上市进度及销售情况或低于预期的风险;四联苗等销售上量或低于预期的风险。",,西南证券,买入,[None],2018-01-16,,买入,2110970,"pdf_downloads/2018/2018-01-16/300601-康泰生物(300601)：补全腮腺炎后,公司将成可研发麻腮风,水痘四联苗唯一民企.pdf",300601,康泰生物,"康泰生物(300601)：补全腮腺炎后,公司将成可研发麻腮风,水痘四联苗唯一民企","{
    ""forecasts"": [
        {
            ""year"": 2017,
            ""net_profit"": null,
            ""eps"": 0.50,
            ""pe"": null
        },
        {
            ""year"": 2018,
            ""net_profit"": null,
            ""eps"": 0.75,
            ""pe"": null
        },
        {
            ""year"": 2019,
            ""net_profit"": null,
            ""eps"": 1.03,
            ""pe"": null
        }
    ]
}",,,,,,,,0.5,0.75,1.03,,
"张文录,沈瑞","康泰生物(300601)
今年主要产品实现爆发式增长，独家四联苗增长空间较大
公司业绩较去年同期实现爆发式增长，主要是去年受疫苗事件的影响，第二季度和第三季度的基数较低。今年公司抓住市场复苏的机遇，加强疫苗产品的销售推广， Hib疫苗、四联苗和乙肝疫苗的销量均爆发式增长。 多联多价疫苗是未来疫苗发展的趋势。多联疫苗又比多价疫苗有竞争优势，一方面多联疫苗可减少接种次数和接种成本，另一方面可降低不良反应率。四联苗经过工艺优化，技术含量较高，符合疫苗行业未来发展的趋势，发展前景十分广阔，可以对替代百白破、Hib疫苗，市场潜在空间大。
现有品种、 研发品种、申报专利数量领先， 多个产品即将上市
公司目前是国内研发品种数量、疫苗申报专利数量最多的民营疫苗企业之一。除已上市的4种产品以外，目前公司在研项目25项，其中5项已申请药品注册批件， 10项已经获得临床批件。 23价肺炎球菌多糖疫苗等5个产品已经申请生产注册批件，肺炎疫苗预计明年底上市，但也要看审批的进度。 公司现有的产品种类名列前茅，后续5个产品上市后，将进一步丰富公司疫苗产品梯队，公司的利润也将会有较大的增长。
公司销售费用率受一票制影响， 未来将逐步下降
公司当前的销售费用占营业收入的比例为百分之五十左右，主要是受销售模式转变，公司计提的销售服务费增加。公司在规划建设自己的直销队伍，将部分推广商纳入公司员工编制，同时未来随着新产品的上市，销售费用率也将逐步降低。
盈利预测与投资建议
预计公司2017～2019年EPS分别为0.48元、 0.94元、 1.41元，对应PE分别为108.8倍、 56.3倍、 37.3倍。 给予公司“ 增持”评级。
风险提示
主要产品增速放缓，新产品上市不达预期",,财通证券,增持,[None],2017-11-13,,增持,3848898,pdf_downloads/2017/2017-11-13/300601-康泰生物（300601）：产品线研发品种丰富，多个产品将上市.pdf,300601,康泰生物,康泰生物（300601）：产品线研发品种丰富，多个产品将上市,"{
    ""forecasts"": [
        {
            ""year"": 2017,
            ""net_profit"": null,
            ""eps"": 0.48,
            ""pe"": 108.8
        },
        {
            ""year"": 2018,
            ""net_profit"": null,
            ""eps"": 0.94,
            ""pe"": 56.3
        },
        {
            ""year"": 2019,
            ""net_profit"": null,
            ""eps"": 1.41,
            ""pe"": 37.3
        }
    ]
}",,,108.8,56.3,37.3,,,,0.48,0.94,1.41,
徐曼,"业绩大幅增长,销售模式的改变提升期间费用:分季度看,公司2017 年第三季度单季实现营业收入3.25 亿元,同比上升141.19%,实现归母净利润8,581 万元,同比上升368.43%。公司业绩出现大幅增长,一方面由二去年同期受山东疫苗亊件影响,整体业绩基数较小,另一方面,随着疫苗亊件影响的消除以及公司市场推广的加强,公司各类产品销售数量均出现明显的上升,同时,由二销售模式的变动,经销模式均转变为纯直销模式,出厂价格的提升也进一步拉动了公司收入的提升。
    毛利率方面,公司2017 年三季度毛利率88.65%,同比上升13.17%,主要由二销售模式的改变带来的价格的上升。期间费用方面,公司2017 年1-9 月4.10 亿元,同比上升333.00%,主要由二销售模式转为直销之后,计提销售费用增长;管理费用1.18 亿元,同比上升62.45%,主要由二研发投入的上升,以及管理人员薪酬增长所致;财务费用150 万,同比上升62.22%,主要由二利息支出的增加。期间费用率方面,公司2017 年1-9 月销售费用率、管理费用率和财务费用率51.64%(+23.77PCT)、14.81%(-6.50PCT)和0.19%(-0.08PCT),销售费用率的大幅提升拉升了整体期间费用率的提升。
    独家四联苗产品放量,全年业绩有望维持高增长:(1)公司无细胞百白破b 型流感嗜血杆菌联合疫苗(简称“四联苗”)用二3 岁龄以上婴儿同时预防百日咳杆菌、白喉杆菌、破伤风梭状芽胞杆菌和b 型流感嗜血杆菌引起的多种疾病,公司作为国内独家生产四联苗的企业,实现了国产四联疫苗零的突破。2017 年1-6 月公司四联苗实现营业收入1.77 亿元,同比上升139.80%,2017 年1-9 月公司四联苗批签发142.63 万支,我们预计公司前三季度四联苗销售超过100 万支,相比去年全年90 万支左右的销售数据,呈现高增长趋势。(2)乙肝疫苗方面,公司乙肝疫苗批签发量全国第一,是国内最大的乙肝疫苗生产厂商之一。公司作为全国最早进行重组乙型肝炎疫苗(酿酒酵母)生产的两家厂商之一,拥有国内规格最全的乙肝疫苗产品链,包括10μg、20μg、60μg 三种规格。其中60μg 重组乙型肝炎疫苗(酿酒酵母)主要用二16 岁及以上无应答人群预防乙型肝炎病毒感染,为国内独家研发生产,填补了国内空白。
    在研产品丰富,逐渐上市打开公司高成长空间:公司在研产品丰富,其中多个重磅产品已经进入临床研究后期正在申请上市。(1)23 价肺炎球菌多糖疫苗:2017年2 月获得药品生产现场检查通知,目前已经入生产现场检查阶段,预计2018 年左右上市。(2)冻干人用狂犬病疫苗(MRC-5 细胞):公司引进法国巴斯德技术的事倍体狂犬病疫苗已经进入现场检查阶段,在安全性、保护率方面不国内上市的狂犬病疫苗相比优势明显,预计2018 年左右上市。同时,公司在引进巴斯德技术的基础上自主研发的事倍体狂犬疫苗也已经取得了临床批件。(3)Sabin 株脊髓灰质炎灭活疫苗(Vero 细胞):公司sIPV 已经取得临床研究批件,正在进行临床试验,由二是急需产品,已经被纳入优先审评审批,预计2019-2020 年上市。目前国内的接种程序是一针IPV+3 针OPV,未来国家以IPV 全面替代OPV 的趋势明显,市场空间极大。(4)13 价肺炎球菌结合疫苗:辉瑞公司的13 价肺炎结合疫苗Prevnar 13 是全球最畅销的疫苗品种,也是是唯一一个进入全球十大畅销品行列的疫苗产品,2016 年Prevnar 13 高达57.18 亿美元,位列十大畅销药品第十名。公司的13 价肺炎球菌结合疫苗正处于Ⅲ期临床,未来有望成为第二家国产13价肺炎球菌结合疫苗生产商,一起瓜分国内市场。
    投资建议:我们预测公司2017 年至2019 年每股收益分别为0.51、0.76 和1.05元。给予增持-A 建议,12 个月目标价为52.50 元,相当二2018 年69 倍的市盈率。",,华金证券,增持,[None],2017-11-03,,增持,2077106,"pdf_downloads/2017/2017-11-03/300601-康泰生物(300601)：业绩高增长,在研产品丰富打开公司高成长空间.pdf",300601,康泰生物,"康泰生物(300601)：业绩高增长,在研产品丰富打开公司高成长空间","{
    ""forecasts"": [
        {
            ""year"": 2017,
            ""net_profit"": null,
            ""eps"": 0.51,
            ""pe"": null
        },
        {
            ""year"": 2018,
            ""net_profit"": null,
            ""eps"": 0.76,
            ""pe"": 69
        },
        {
            ""year"": 2019,
            ""net_profit"": null,
            ""eps"": 1.05,
            ""pe"": null
        }
    ]
}",,,,69.0,,,,,0.51,0.76,1.05,
"朱国广,陈铁林","康泰生物(300601)
事件：公司公告三季报，实现收入7.94亿元，同比+133.7%；归母净利润1.56 亿元，同比+110.2%；扣非后归母净利润1.33 亿元，同比+106.7%；经营性现金流净额3164.9 万元，同比+197.3%；EPS0.38 元。 
业绩超预期，乙肝和四联苗呈高速增长态势。公司第三季度实现净利润8581 万元，还原股权激励费用1000 多万后单季度盈利近亿元，超市场预期。业绩超预期主要在于：1）去年疫苗事件的影响逐步消除，二类疫苗的流通得到恢复。2）疫苗流通改革后，终端提价导致二类苗盈利能力大幅提升。从核心利润贡献产品线看：1）四联苗呈快速增长态势，2016 年全年销量达90 万支，公司前三季度销量预计超过100 万支，批签发方面前7 个月合计达111 万支，呈高速增长态势；2）乙肝疫苗方面，受天坛生物搬迁停产影响，公司乙肝10ug 和20ug 批签发暴增，2016 年全年分别为2672 和303 万支，公司前三季度批签发分别已达2185 和354 万支，而其他企业合计分别仅1295 和280 万支，公司占比均超过50%。 
在研品种丰富，多个新品种将陆续上市，公司业绩有望逐年爆发：疫苗行业价格弹性大，产品上市后放量极快，一般3-5 年即可达到销售峰值，公司已有多个重磅产品处于临床试验后期或待上市状态。1）23 价肺炎多糖疫苗：目前已处于上市前生产现场检查阶段，预计2018 年上市，有望贡献1 亿左右净利润； 2）第三代狂犬疫苗—冻干人用狂犬病疫苗（MRC-5 细胞）：狂犬疫苗是目前国内销售额最大，盈利能力最强的疫苗。公司第三代人二倍体狂犬疫苗目前处于上市前待生产现场检查阶段，是法国巴斯德全套技术引进项目，有望2018 年上市，且2021 年前不会有其他竞争对手上市，我们认为利润贡献或将达5 亿元；3）Sabin 株脊髓灰质炎灭活疫苗（Vero 细胞）sIPV：为世界卫生组织及荷兰全套技术引进项目，公司产品已被纳入优先审评审批，目前临床试验阶段，有望在2020 年获批上市。在国家大力推广IPV 以取代OPV 的大背景下， 利润贡献或超2 亿元；4）13 价肺炎结合疫苗：全球疫苗之王，2016 年全球销售达60.4 亿美元，其中美国达36.5 亿美元，公司产品目前正在III 期临床，进度仅晚于沃森生物1 年左右，预计2020 年上市，净利润贡献或超10 亿元。 
盈利预测与投资建议：预计2017-2019 年EPS 分别为0.50 元、0.75 元、1.03 元，未来三年归母净利率将保持71%的复合增长率。我们认为公司四联苗爆发力强，在研产品梯队强大，中长期成长动力十足，维持“买入”评级。 
风险提示：行业出现群体性疫苗事件或导致行业收入下滑的风险；重磅产品上市进度及销售情况或低于预期的风险；四联苗等销售上量或低于预期的风险。",,西南证券,买入,[None],2017-10-30,,买入,3912105,pdf_downloads/2017/2017-10-30/300601-康泰生物（300601）：乙肝和四联苗高速增长，多个重磅产品将陆续获批.pdf,300601,康泰生物,康泰生物（300601）：乙肝和四联苗高速增长，多个重磅产品将陆续获批,"{
    ""forecasts"": [
        {
            ""year"": 2017,
            ""net_profit"": null,
            ""eps"": 0.50,
            ""pe"": null
        },
        {
            ""year"": 2018,
            ""net_profit"": null,
            ""eps"": 0.75,
            ""pe"": null
        },
        {
            ""year"": 2019,
            ""net_profit"": null,
            ""eps"": 1.03,
            ""pe"": null
        }
    ]
}",,,,,,,,,0.5,0.75,1.03,
"朱国广,陈铁林,张祝源","投资要点

事件：公司发布前三季度业绩预告，2017年前三季度实现净利润1.51亿元-1.57亿元，同比增长103%-111%。其中第三季度实现8089万元-8638万元，同比增长341%-371%。

业绩大超预期，乙肝和四联苗呈高速增长态势。公司第三季度实现净利润8089-8638万元，考虑到已扣除股权激励费用1000多万，该业绩大超市场预期。业绩超预期主要在于，报告期内，去年疫苗事件的影响逐步消除，二类疫苗的流通得到恢复。在HIB疫苗、四联苗和乙肝疫苗销量保持增长以及产品销售价格的提高，致使销售收入和净利润较去年同期相比实现大幅增长。从核心利润贡献产品线看：1）四联苗呈快速增长态势，2016年全年销量达90万支，公司前三季度销量预计超过100万支，批签发方面前7个月合计达111万支，呈高速增长态势；2）乙肝疫苗方面，受天坛生物搬迁停产影响，公司乙肝10ug和20ug批签发暴增，2016年全年分别为2672和303万支，公司前三季度批签发分别已达2185和354万支，而其他企业合计分别仅1295和280万支，公司占比均超过50%。

在研品种丰富，多个新品种将陆续上市，公司业绩有望逐年爆发：疫苗行业价格弹性大，产品上市后放量极快，一般3-5年即可达到销售峰值，公司已有多个重磅产品处于临床试验后期或待上市状态。1）23价肺炎多糖疫苗：目前已处于上市前生产现场检查阶段，预计2018年上市，有望贡献1亿左右净利润；2）第三代狂犬疫苗—冻干人用狂犬病疫苗（MRC-5细胞）：狂犬疫苗是目前国内销售额最大，盈利能力最强的疫苗。公司第三代人二倍体狂犬疫苗目前处于上市前待生产现场检查阶段，是法国巴斯德全套技术引进项目，有望2018年上市，且2021年前不会有其他竞争对手上市，我们认为利润贡献或将达5亿元；3）Sabin株脊髓灰质炎灭活疫苗（Vero细胞）sIPV：为世界卫生组织及荷兰全套技术引进项目，公司产品已被纳入优先审评审批，目前临床试验阶段，有望在2020年获批上市。在国家大力推广IPV以取代OPV的大背景下，利润贡献或超2亿元；4）13价肺炎结合疫苗：全球疫苗之王，2016年全球销售达60.4亿美元，其中美国达36.5亿美元，公司产品目前正在III期临床，预计2020年上市，净利润贡献或超10亿元。

盈利预测与投资建议：考虑到业绩超预期，我们上调2017-2019年EPS分别到0.50元、0.75元、1.03元，未来三年归母净利率将保持71%的复合增长率。我们认为公司四联苗爆发力强，在研产品梯队强大，中长期成长动力十足，维持“买入”评级。

风险提示：行业出现群体性疫苗事件或导致行业收入下滑的风险；重磅产品上市进度及销售情况或低于预期的风险；四联苗等销售上量或低于预期的风险。",,西南证券,买入,[None],2017-10-10,,买入,2055062,"pdf_downloads/2017/2017-10-10/300601-康泰生物(300601)：业绩大超预期,乙肝和四联苗呈高速增长态势.pdf",300601,康泰生物,"康泰生物(300601)：业绩大超预期,乙肝和四联苗呈高速增长态势","{
    ""forecasts"": [
        {
            ""year"": 2017,
            ""net_profit"": null,
            ""eps"": 0.50,
            ""pe"": null
        },
        {
            ""year"": 2018,
            ""net_profit"": null,
            ""eps"": 0.75,
            ""pe"": null
        },
        {
            ""year"": 2019,
            ""net_profit"": null,
            ""eps"": 1.03,
            ""pe"": null
        }
    ]
}",,,,,,,,,0.5,0.75,1.03,
"朱国广,陈铁林,张祝源","投资要点

公司系国内乙肝疫苗生产企业龙头：乙肝疫苗占公司收入比例30%以上，目前公司乙肝批签发量为国内第一，公司为中国最大的乙肝疫苗生产企业之一。其60μg乙肝疫苗为公司独家产品，正申报用于乙肝治疗的新适应症，目前处于临床数据自查阶段，若获批准有望打开公司乙肝疫苗成长空间。

独家四联苗正在放量，2019年利润贡献将超4亿元：百白破-Hib四联疫苗系公司独家产品，是国内除百白破以外，国产上市的多联苗中唯一的、多联最多的苗。在多联苗对单价苗替代的大背景下，四联苗是公司当前正在快速放量的重磅产品。2016年公司销量约90万支，2017年有望达到170万支，预计到2019年将达400万支，按每支贡献100元净利算，2019年将贡献4亿净利润。

在研品种丰富，多个新品种将陆续上市，公司业绩有望逐年爆发：疫苗行业价格弹性大，产品上市后放量极快，一般3-5年即可达到销售峰值，公司已有多个重磅产品处于临床试验后期或待上市状态。1）23价肺炎多糖疫苗：目前已处于上市前生产现场检查阶段，预计2018年上市，到2022年国产企业不超过4家，2022年有望为公司贡献5亿左右收入，1亿左右净利润；2）第三代狂犬疫苗：冻干人用狂犬病疫苗（MRC-5细胞）：狂犬疫苗是目前国内销售额最大，盈利能力最强的疫苗。每年批签发均值1500万人份，多为二代Vero细胞狂犬疫苗。公司第三代人二倍体狂犬疫苗目前处于上市前待生产现场检查阶段，是法国巴斯德全套技术引进项目，有望2018年上市，且2021年前不会有其他竞争对手上市，我们认为三代狂犬2022年收入将超10亿，利润贡献或将达5亿元；3）Sabin株脊髓灰质炎灭活疫苗（Vero细胞）sIPV：为世界卫生组织及荷兰全套技术引进项目，公司产品已被纳入优先审评审批，目前临床试验阶段，有望在2020年获批上市。在国家大力推广IPV以取代OPV的大背景下，国内需求为7000-8000万支，我们预计到2023年该产品有望贡献近6亿元收入，2亿元净利润；4）13价肺炎结合疫苗：全球疫苗之王，2016年全球销售达60.4亿美元，其中美国达36.5亿美元，公司产品目前正在III期临床，公司有望在2020年成为国内第二家上市13价肺炎疫苗的企业，预计到2024年可贡献收入25亿左右，净利润10亿元左右。

盈利预测与投资建议：暂不考虑新产品上市影响，我们预计2017-2019年EPS分别为0.35元、0.59元、0.84元，未来三年归母净利率将保持60%的复合增长率。我们认为公司四联苗爆发力强，在研产品梯队强大，中长期成长动力十足。本专题报告首次采用国外对创新药的估值方式，就其五大重磅品种进行盈利预测，通过净现值计算，公司合理市值可达219亿元，维持“买入”评级。

风险提示：行业出现群体性疫苗事件或导致行业收入下滑的风险；重磅产品上市进度及销售情况或低于预期的风险；四联苗等销售上量或低于预期的风险。",,西南证券,买入,[None],2017-09-11,,买入,2048654,"pdf_downloads/2017/2017-09-11/300601-康泰生物(300601)：四联苗、三代狂犬和13价肺炎等将陆续放量,公司业绩将逐年爆发.pdf",300601,康泰生物,"康泰生物(300601)：四联苗、三代狂犬和13价肺炎等将陆续放量,公司业绩将逐年爆发","{
    ""forecasts"": [
        {
            ""year"": 2019,
            ""net_profit"": 4,
            ""eps"": 0.84,
            ""pe"": null
        },
        {
            ""year"": 2022,
            ""net_profit"": 1,
            ""eps"": null,
            ""pe"": null
        },
        {
            ""year"": 2022,
            ""net_profit"": 5,
            ""eps"": null,
            ""pe"": null
        },
        {
            ""year"": 2023,
            ""net_profit"": 2,
            ""eps"": null,
            ""pe"": null
        },
        {
            ""year"": 2024,
            ""net_profit"": 10,
            ""eps"": null,
            ""pe"": null
        }
    ]
}",,,,,,,,,,,0.84,
"朱国广,陈铁林,陈进","投资要点

事件：公司发布公告，公司2017年上半年实现营收4.7亿元，同比+128.7%；归母净利润7054.7万元，同比+25.8%；扣非后归母净利润6375.6万元，同比+35.1%；经营性现金流量净额-4935.7万元，同比-719.2%。

业绩略超预期，四联苗呈高速增长态势。公司2017年上半年实现营收4.7亿元，同比+128.7%；归母净利润7054.7万元，同比+25.8%；从单季度看，公司第二季实现收入3.3亿，同比449%，净利润4242万元，同比+800%，收入和利润呈现高速增长态势的主要原因有：1）疫苗流通改革后变为一票制，疫苗出厂高开且普遍提价，导致收入和公司盈利能力大幅提升；2）山东疫苗事件导致去年基数较低，同比增长显著。分产品看：1）百白破-Hib四联苗：公司独家产品，上半年实现销售收入1.77亿元，同比+139.8%，根据中标价275-300元测算，我们预计上半年销售近70万支，全年有望达到170万支，呈高速增长态势；2）Hib疫苗：上半年实现销售收入1.32亿元，同比+254.2%；3）乙肝疫苗：上半年实现销售收入1.41亿元，同比+138.6%。我们认为随着行业回暖和一票制推行，公司下半年业绩将有更好表现。

在研产品梯队丰富，2018-2019年将陆续上市，中长期发展动力十足。公司中报披露公司目前自主在研项目20项，合作开发和技术合作各2项，专利许可1项。从进度上看，23价肺炎多糖疫苗、四价脑膜炎多糖疫苗、吸附无细胞百白破联苗和冻干狂犬疫苗（MRC-5）即将获批，冻干Hib、四价脑膜炎结合疫苗和甲肝灭活疫苗即将报生产。后续产品梯队中还有13价肺炎、HPV、sIPV（Vero细胞）、EV71和五联苗等重磅产品。我们认为公司短期主要靠独家的四联苗和60ug乙肝疫苗爆发，中期看独家三代狂犬疫苗（MRC-5）（技术授权自巴斯德）发力，长期看13价肺炎、五联苗等重磅产品。公司是国内为数不多短中长期均有重磅产品支撑的疫苗公司。

盈利预测与投资建议。预计2017-2019年EPS分别为0.36元、0.60元、0.86元，未来三年归母净利率将保持60%的复合增长率。我们认为公司四联苗爆发力强，在研产品梯队强大，中长期成长动力十足。考虑到生物药的估值溢价，我们给予公司2018年50倍估值，对应目标价30元，给予“买入”评级。

风险提示：行业出现群体性疫苗事件或导致行业收入下滑的风险；重磅产品上市或低于预期的风险；四联苗等销售上量或低于预期的风险。",,西南证券,买入,[None],2017-07-18,,买入,2015907,"pdf_downloads/2017/2017-07-18/300601-康泰生物(300601)：业绩略超预期,四联苗呈高速增长态势.pdf",300601,康泰生物,"康泰生物(300601)：业绩略超预期,四联苗呈高速增长态势","{
    ""forecasts"": [
        {
            ""year"": 2017,
            ""net_profit"": null,
            ""eps"": 0.36,
            ""pe"": null
        },
        {
            ""year"": 2018,
            ""net_profit"": null,
            ""eps"": 0.60,
            ""pe"": 50
        },
        {
            ""year"": 2019,
            ""net_profit"": null,
            ""eps"": 0.86,
            ""pe"": null
        }
    ]
}",,,,50.0,,,,,0.36,0.6,0.86,
