date,open,high,low,close,volume,amount,turn,peTTM,pbMRQ
2010-01-04,8.93,9.02,8.75,8.76,13140837.0,116257146.0,5.825083,180.180652,2.910577
2010-01-05,8.8,9.08,8.76,9.02,15980058.0,143239090.0,7.083655,185.52848,2.996964
2010-01-06,8.95,9.6,8.79,9.18,31766582.0,293109538.0,14.081521,188.819451,3.050125
2010-01-07,9.08,9.38,8.9,8.94,22977276.0,210679552.0,10.185389,183.882995,2.970384
2010-01-08,8.81,8.89,8.67,8.86,11849938.0,103983549.0,5.252852,182.237509,2.943803
2010-01-11,8.9,9.27,8.9,9.06,15868008.0,144338701.0,7.033986,186.351223,3.010255
2010-01-12,9.1,9.32,9.05,9.24,14484258.0,133518785.0,6.420596,190.053565,3.070061
2010-01-13,9.08,9.17,8.87,8.91,14744146.0,132543997.0,6.535799,183.265937,2.960416
2010-01-14,8.89,9.09,8.85,9.06,10785426.0,97006761.0,4.780974,186.351223,3.010255
2010-01-15,9.06,9.06,9.06,9.06,0.0,0.0,,186.351223,3.010255
2010-01-18,9.11,9.34,9.03,9.31,16065248.0,148127951.0,7.121419,191.493365,3.093319
2010-01-19,9.34,9.5,9.18,9.28,17792006.0,166301702.0,7.886857,190.876307,3.083351
2010-01-20,9.22,9.85,9.22,9.34,34655288.0,330484640.0,15.362029,192.110422,3.103287
2010-01-21,9.39,9.44,9.02,9.15,14558291.0,133639201.0,4.788912,188.202394,3.040158
2010-01-22,9.0,9.02,8.42,8.64,15616987.0,135879378.0,5.137167,177.712424,2.870706
2010-01-25,8.55,8.74,8.47,8.58,4756780.0,41149937.0,1.56473,176.47831,2.850771
2010-01-26,8.59,8.69,8.02,8.16,6403525.0,53230813.0,2.106423,167.839512,2.711223
2010-01-27,8.12,8.26,8.03,8.06,4528345.0,36953558.0,1.489587,165.782655,2.677997
2010-01-28,8.12,8.21,8.05,8.19,4104838.0,33425282.0,1.350276,168.456569,2.72119
2010-01-29,8.2,8.39,8.1,8.24,5375227.0,44365405.0,1.768167,169.484997,2.737803
2010-02-01,8.2,8.2,7.86,7.95,5773325.0,45929206.0,1.89912,163.520113,2.641448
2010-02-02,8.0,8.19,7.95,7.98,4648992.0,37533359.0,1.529274,164.13717,2.651416
2010-02-03,8.14,8.53,7.96,8.44,11729474.0,97469393.0,3.85838,173.598711,2.804255
2010-02-04,8.34,8.58,8.3,8.37,9246482.0,78284239.0,3.041606,172.158911,2.780997
2010-02-05,8.18,8.8,8.1,8.61,15750260.0,133865550.0,5.181007,177.095367,2.860739
2010-02-08,8.52,8.61,8.33,8.43,6434969.0,54177312.0,2.116766,173.393025,2.800932
2010-02-09,8.45,8.99,8.45,8.6,10827079.0,94368287.0,3.561539,176.889682,2.857416
2010-02-10,8.58,8.58,8.4,8.51,4667989.0,39489541.0,1.535523,175.03851,2.827513
2010-02-11,8.5,8.53,8.32,8.34,3443509.0,28948999.0,1.132733,171.541854,2.771029
2010-02-12,8.38,8.57,8.38,8.46,3527072.0,29852759.0,1.160221,174.010082,2.8109
2010-02-22,8.52,8.82,8.45,8.78,11605431.0,101440914.0,3.817576,180.592024,2.917222
2010-02-23,8.89,8.98,8.77,8.98,17208277.0,152867900.0,5.660617,184.705737,2.983674
2010-02-24,8.9,9.1,8.8,8.96,11050722.0,98815916.0,3.635106,184.294366,2.977029
2010-02-25,9.0,9.25,8.9,9.06,15471286.0,140921534.0,5.089239,186.351223,3.010255
2010-02-26,9.15,9.97,9.14,9.97,32449781.0,318179821.0,10.67427,205.068619,3.312609
2010-03-01,10.45,10.97,10.3,10.97,30048346.0,321834764.0,9.884324,225.637187,3.644867
2010-03-02,11.75,12.07,11.49,12.07,85976580.0,1012727962.0,28.28177,248.262611,4.01035
2010-03-03,12.41,12.63,11.76,12.31,97445573.0,1187444627.0,32.054465,253.199067,4.090092
2010-03-04,12.06,12.95,11.97,12.39,76714882.0,954581469.0,25.235159,254.844553,4.116673
2010-03-05,12.15,12.49,11.61,12.07,46763917.0,561336339.0,15.382867,248.262611,4.01035
2010-03-08,12.0,13.25,11.88,12.93,62775560.0,785207276.0,20.649855,265.951579,4.296092
2010-03-09,12.6,12.71,12.02,12.15,42598230.0,523260120.0,14.012576,249.908097,4.036931
2010-03-10,11.9,12.3,11.8,12.08,24294936.0,291206653.0,7.991755,248.468297,4.013673
2010-03-11,12.01,12.3,11.81,12.15,28069838.0,339044016.0,9.233499,249.908097,4.036931
2010-03-12,12.2,12.2,11.61,11.66,24632934.0,291886536.0,8.102939,239.829498,3.874124
2010-03-15,11.58,11.84,11.32,11.62,18709591.0,216661233.0,6.154471,239.006756,3.860834
2010-03-16,11.59,11.73,11.31,11.64,17081120.0,196653549.0,5.618789,239.418127,3.867479
2010-03-17,11.64,12.21,11.57,11.97,31577169.0,376415994.0,10.387227,246.205754,3.977124
2010-03-18,11.86,12.0,11.68,11.79,19663439.0,232193577.0,6.468237,242.503412,3.917318
2010-03-19,11.85,11.97,11.5,11.79,18841147.0,220310523.0,6.197746,242.503412,3.917318
2010-03-22,11.68,11.79,11.41,11.64,16947890.0,196704768.0,5.574964,239.418127,3.867479
2010-03-23,11.7,12.03,11.5,11.55,28843358.0,339274537.0,9.487947,237.566956,3.837576
2010-03-24,11.43,11.62,11.11,11.23,27003788.0,307350140.0,8.882825,230.985014,3.731254
2010-03-25,11.09,11.29,10.82,11.08,26260951.0,289425588.0,8.638471,128.06722,3.534893
2010-03-26,11.0,11.21,10.9,11.12,16520940.0,183162753.0,5.43452,128.529557,3.547655
2010-03-29,11.17,11.24,10.96,11.04,16734820.0,184933336.0,5.504875,127.604884,3.522132
2010-03-30,11.04,11.32,11.0,11.28,22434571.0,251072076.0,7.379793,130.378903,3.5987
2010-03-31,11.21,11.21,11.0,11.05,15698775.0,173602823.0,5.164071,127.720468,3.525322
2010-04-01,11.05,11.15,11.0,11.1,14617385.0,161805659.0,4.80835,128.298389,3.541274
2010-04-02,11.13,11.14,10.85,10.91,18763363.0,204887421.0,6.172159,126.10229,3.480658
2010-04-06,11.2,11.74,11.18,11.45,48030335.0,551823872.0,15.799452,132.343833,3.652936
2010-04-07,11.2,11.28,11.04,11.18,19197961.0,213399922.0,6.315119,129.223062,3.566797
2010-04-08,11.21,11.38,11.17,11.24,15669287.0,176584201.0,5.154371,129.916567,3.585939
2010-04-09,11.24,11.28,11.09,11.24,11604551.0,129565785.0,3.817287,129.916567,3.585939
2010-04-12,11.24,11.24,10.9,11.0,14482316.0,159458997.0,4.76392,127.142547,3.509371
2010-04-13,11.0,11.0,10.51,10.69,14428992.0,154712208.0,4.746379,123.559439,3.41047
2010-04-14,10.68,10.96,10.53,10.92,11921965.0,129013631.0,3.921699,126.217874,3.483848
2010-04-15,10.87,10.87,10.58,10.8,10414162.0,111468607.0,3.425711,124.830865,3.445564
2010-04-16,10.8,10.8,10.8,10.8,0.0,0.0,,124.830865,3.445564
2010-04-19,10.61,10.61,9.91,9.98,10781182.0,111195600.0,3.546441,115.352966,3.183956
2010-04-20,9.94,10.07,9.6,9.78,9885571.0,96875615.0,3.251833,113.041283,3.12015
2010-04-21,9.78,10.06,9.71,10.04,10011695.0,99590117.0,3.293321,116.046471,3.203098
2010-04-22,10.04,10.29,10.0,10.11,10448151.0,106134572.0,3.436892,116.855559,3.225431
2010-04-23,10.07,10.11,9.85,9.92,7412469.0,73839778.0,2.438312,114.659461,3.164814
2010-04-26,9.91,10.08,9.7,9.98,7289207.0,72032051.0,2.397765,115.352966,3.183956
2010-04-27,9.95,10.45,9.82,10.29,21281842.0,218427629.0,7.000606,118.936074,3.282857
2010-04-28,10.1,10.3,9.88,10.25,9531255.0,96990041.0,3.135281,118.473737,3.270095
2010-04-29,10.25,10.38,9.5,9.51,10103352.0,100692738.0,3.323471,102.573625,3.038739
2010-04-30,9.56,9.56,9.03,9.27,6898091.0,63438080.0,2.269109,99.985016,2.962052
2010-05-04,9.07,9.32,9.0,9.13,4710579.0,43146014.0,1.549533,98.474994,2.917317
2010-05-05,9.01,9.5,9.0,9.43,6779479.0,63055158.0,2.230092,101.710755,3.013177
2010-05-06,9.36,9.47,9.14,9.23,6687119.0,62284225.0,2.19971,99.553581,2.94927
2010-05-07,9.04,9.41,8.95,9.33,7736723.0,71851200.0,2.544975,100.632168,2.981224
2010-05-10,9.38,9.73,9.26,9.71,10981889.0,104427750.0,3.612463,104.730799,3.102645
2010-05-11,9.85,9.91,9.15,9.21,10669094.0,101494268.0,3.50957,99.337863,2.94288
2010-05-12,9.13,9.13,8.67,8.95,8001175.0,71232250.0,2.631965,96.533537,2.859802
2010-05-13,8.91,9.06,8.63,9.06,6965104.0,61860039.0,2.291153,97.719983,2.89495
2010-05-14,8.98,9.13,8.89,9.02,5332492.0,47999574.0,1.754109,97.288548,2.882169
2010-05-17,9.02,9.49,8.63,8.72,12602129.0,115430632.0,4.145437,94.052787,2.78631
2010-05-18,8.6,8.65,7.89,8.46,11139358.0,91711690.0,3.664262,91.248461,2.703232
2010-05-19,8.29,8.55,8.18,8.38,7773956.0,65305614.0,2.557222,90.385591,2.677669
2010-05-20,8.28,8.51,8.08,8.09,6040823.0,50194026.0,1.987113,87.257689,2.585005
2010-05-21,7.91,8.35,7.76,8.3,9037804.0,73652284.0,2.972962,89.522722,2.652107
2010-05-24,8.39,8.89,8.3,8.84,14597244.0,126233273.0,4.801725,95.347092,2.824653
2010-05-25,8.65,8.85,8.51,8.8,11474530.0,99333179.0,3.774516,94.915657,2.811872
2010-05-26,8.73,8.77,8.52,8.64,6851227.0,59168602.0,2.253693,93.189918,2.760747
2010-05-27,8.6,8.83,8.43,8.76,7611131.0,66075691.0,2.503662,94.484222,2.799091
2010-05-28,8.82,8.86,8.55,8.7,7056293.0,61363845.0,2.321149,93.83707,2.779919
2010-05-31,9.1,9.57,9.1,9.54,42082657.0,400477361.0,13.842979,102.897201,3.048325
2010-06-01,9.0,9.3,8.89,9.15,25992337.0,236554023.0,8.550111,98.690711,2.923708
2010-06-02,9.03,9.1,8.66,9.07,11819354.0,105457698.0,3.887945,97.827842,2.898146
2010-06-03,9.15,9.27,8.85,8.87,10637646.0,96775045.0,3.499226,95.670668,2.834239
2010-06-04,8.88,8.94,8.61,8.86,9057175.0,79172784.0,2.979334,95.562809,2.831044
2010-06-07,8.64,8.67,8.4,8.53,9242965.0,79020367.0,3.040449,92.003472,2.725599
2010-06-08,8.5,8.66,8.45,8.64,7091547.0,60870797.0,2.332746,93.189918,2.760747
2010-06-09,8.64,8.95,8.53,8.94,9969356.0,86889498.0,3.279393,96.425679,2.856607
2010-06-10,8.81,9.12,8.78,9.05,12876750.0,115758502.0,4.235773,97.612124,2.891755
2010-06-11,9.06,9.1,8.85,8.93,7279771.0,65188888.0,2.394662,96.31782,2.853411
2010-06-17,8.93,9.06,8.86,9.05,6409091.0,57583212.0,2.108254,97.612124,2.891755
2010-06-18,9.15,9.19,8.7,8.77,10993922.0,98661803.0,3.616422,94.592081,2.802286
2010-06-21,8.7,9.06,8.46,9.01,10176165.0,89935478.0,3.347423,97.180689,2.878974
2010-06-22,8.95,9.18,8.93,9.15,12670309.0,115098140.0,4.167865,98.690711,2.923708
2010-06-23,9.13,9.53,9.07,9.32,19725621.0,182833645.0,6.488691,100.524309,2.978028
2010-06-24,9.24,9.4,9.05,9.15,10809388.0,99501759.0,3.55572,98.690711,2.923708
2010-06-25,9.15,9.27,8.84,8.9,7615633.0,68829111.0,2.505142,95.994244,2.843825
2010-06-28,8.89,8.92,8.61,8.69,4762742.0,41687294.0,1.566691,93.729211,2.776724
2010-06-29,8.75,8.79,7.99,8.03,9930283.0,82211201.0,3.26654,86.610537,2.565833
2010-06-30,8.0,8.0,7.55,7.58,7751488.0,59818152.0,2.549832,81.756895,2.422044
2010-07-01,7.63,7.78,7.32,7.47,7409733.0,56008447.0,2.437412,80.57045,2.386896
2010-07-02,7.49,7.53,6.94,7.46,8970007.0,65378145.0,2.95066,80.462591,2.383701
2010-07-05,7.4,7.45,7.17,7.38,5002738.0,36674982.0,1.645637,79.599721,2.358138
2010-07-06,7.59,8.12,7.59,8.12,11627663.0,92815034.0,3.824889,87.581265,2.594591
2010-07-07,8.59,8.76,8.2,8.26,27096945.0,229702442.0,8.913469,89.091287,2.639325
2010-07-08,8.07,8.2,7.91,8.11,13152615.0,106056130.0,4.326518,87.473406,2.591396
2010-07-09,8.14,8.35,8.1,8.29,13947569.0,115122063.0,4.588016,89.414863,2.648911
2010-07-12,8.3,8.44,8.3,8.41,11939134.0,99904461.0,3.927347,90.709167,2.687255
2010-07-13,8.27,8.27,8.06,8.12,9032335.0,73552366.0,2.971163,87.581265,2.594591
2010-07-14,8.13,8.28,8.1,8.17,6417770.0,52536967.0,2.111109,88.120559,2.610568
2010-07-15,8.18,8.41,8.0,8.01,7581518.0,62264356.0,2.49392,86.394819,2.559443
2010-07-16,7.9,8.0,7.75,7.93,6444451.0,50618112.0,2.119885,85.53195,2.53388
2010-07-19,7.93,7.93,7.93,7.93,0.0,0.0,,85.53195,2.53388
2010-07-20,8.35,8.49,8.23,8.42,17816657.0,148930626.0,5.860742,90.817026,2.69045
2010-07-21,8.48,8.74,8.32,8.62,20032183.0,171054975.0,6.589534,92.9742,2.754357
2010-07-22,8.49,8.65,8.4,8.64,14043004.0,119682437.0,4.619409,93.189918,2.760747
2010-07-23,8.6,8.6,8.4,8.5,10334792.0,87587285.0,3.399603,91.679896,2.716013
2010-07-26,8.48,8.72,8.48,8.6,12019562.0,103566099.0,3.953803,92.758483,2.747966
2010-07-27,8.6,8.93,8.5,8.76,16940274.0,148216733.0,5.572459,94.484222,2.799091
2010-07-28,8.68,8.9,8.56,8.84,17344256.0,151998088.0,5.705347,95.347092,2.824653
2010-07-29,8.83,8.98,8.76,8.91,15375200.0,136300889.0,5.057632,96.102102,2.847021
2010-07-30,8.91,8.95,8.68,8.78,10872420.0,95658505.0,3.576454,94.699939,2.805482
2010-08-02,8.75,8.93,8.7,8.92,10815477.0,95871976.0,3.557723,96.209961,2.850216
2010-08-03,8.93,9.11,8.72,8.79,16570602.0,147684742.0,5.450856,94.807798,2.808677
2010-08-04,8.75,9.05,8.51,9.01,19043925.0,167449935.0,6.264449,97.943416,2.878974
2010-08-05,8.99,9.19,8.77,8.92,12965242.0,116223126.0,4.264882,96.965069,2.850216
2010-08-06,8.88,9.04,8.7,9.0,13084187.0,116504875.0,4.304009,97.834711,2.875778
2010-08-09,8.94,9.35,8.94,9.2,17480165.0,160993638.0,5.750054,100.008816,2.939685
2010-08-10,9.29,9.36,8.72,8.75,15855514.0,142611631.0,5.21563,95.11708,2.795896
2010-08-11,8.67,8.9,8.67,8.85,6848606.0,60148074.0,2.252831,96.204132,2.827849
2010-08-12,8.7,8.84,8.6,8.65,7903891.0,68805620.0,2.599964,94.030028,2.763943
2010-08-13,8.66,8.87,8.58,8.82,6500262.0,56781888.0,2.138244,95.878017,2.818263
2010-08-16,8.88,9.14,8.86,9.08,12420572.0,112420436.0,4.085714,98.704353,2.901341
2010-08-17,9.1,9.29,9.0,9.22,14091480.0,128737718.0,4.635355,100.226226,2.946075
2010-08-18,9.22,9.33,9.01,9.19,13968382.0,128443883.0,4.594862,99.90011,2.936489
2010-08-19,9.16,9.23,9.07,9.18,9492334.0,86885888.0,3.122478,99.791405,2.933294
2010-08-20,9.2,9.23,8.93,8.98,9925498.0,90047654.0,3.264966,97.6173,2.869388
2010-08-23,9.07,9.3,8.98,9.27,13654676.0,125267439.0,4.49167,100.769752,2.962052
2010-08-24,9.3,9.48,9.1,9.38,17540408.0,163561810.0,5.769871,101.96551,2.9972
2010-08-25,9.3,9.3,8.93,9.02,11171590.0,102096972.0,3.674865,98.052121,2.882169
2010-08-26,9.2,9.2,8.8,8.92,7801870.0,69825726.0,2.566405,96.965069,2.965568
2010-08-27,8.91,8.94,8.67,8.89,6580070.0,57983544.0,2.164497,96.638953,2.955594
2010-08-30,8.9,9.23,8.9,9.17,8890527.0,80952485.0,2.924515,99.6827,3.048684
2010-08-31,9.08,9.13,8.92,9.01,7594159.0,68348564.0,2.498079,97.943416,2.99549
2010-09-01,9.01,9.24,8.88,9.22,14865072.0,135436231.0,4.889826,100.226226,3.065307
2010-09-02,9.46,9.61,9.27,9.31,23714001.0,223659925.0,7.800658,101.204573,3.095228
2010-09-03,9.21,9.71,9.2,9.64,26736601.0,256254290.0,8.794935,104.791846,3.204941
2010-09-06,9.61,9.71,9.4,9.67,15010007.0,143372882.0,4.937502,105.117962,3.214915
2010-09-07,9.65,9.68,9.46,9.59,8775790.0,83752802.0,2.886773,104.24832,3.188318
2010-09-08,9.5,9.53,9.36,9.43,8468696.0,79763982.0,2.785755,102.509036,3.135124
2010-09-09,9.43,9.54,9.1,9.15,12904346.0,120519921.0,4.244851,99.465289,3.042034
2010-09-10,9.18,9.24,8.9,9.12,9508465.0,85913046.0,3.127785,99.139174,3.03206
2010-09-13,9.2,9.3,9.01,9.29,8348379.0,76745700.0,2.746177,100.987163,3.088579
2010-09-14,9.27,9.37,9.11,9.17,8871635.0,82097239.0,2.918301,99.6827,3.048684
2010-09-15,9.16,9.16,8.86,8.89,10299797.0,92728926.0,3.388091,96.638953,2.955594
2010-09-16,8.93,9.07,8.78,8.95,7197657.0,64018953.0,2.36765,97.291185,2.975542
2010-09-17,8.97,9.01,8.8,8.83,5401910.0,47848286.0,1.776944,95.986722,2.935646
2010-09-20,8.83,8.87,8.45,8.46,7419792.0,63572234.0,2.440721,91.964628,2.812635
2010-09-21,8.45,8.55,8.43,8.47,3552492.0,30116500.0,1.168583,92.073333,2.81596
2010-09-27,8.53,8.65,8.5,8.64,3656418.0,31462010.0,1.202769,93.921322,2.872478
2010-09-28,8.67,8.67,8.42,8.48,4506475.0,38289805.0,1.482393,92.182039,2.819284
2010-09-29,8.55,8.55,8.22,8.26,4496571.0,37552859.0,1.479135,89.790524,2.746142
2010-09-30,8.24,8.4,8.2,8.38,3084526.0,25744818.0,1.014647,91.094986,2.786038
2010-10-08,8.48,8.64,8.47,8.58,5875370.0,50314017.0,1.932688,93.269091,2.852531
2010-10-11,8.58,8.73,8.53,8.68,7230666.0,62501274.0,2.378509,94.356143,2.885777
2010-10-12,8.67,8.74,8.61,8.69,6269925.0,54427296.0,2.062475,94.464849,2.889101
2010-10-13,8.67,8.95,8.63,8.91,9606236.0,84631532.0,3.159946,96.856364,2.962243
2010-10-14,8.9,8.9,8.45,8.47,9076325.0,78639645.0,2.985633,92.073333,2.81596
2010-10-15,8.45,8.65,8.3,8.62,9626687.0,81423828.0,3.166673,93.703912,2.865829
2010-10-18,8.6,8.71,8.3,8.7,9582071.0,81708023.0,3.151997,94.573554,2.892426
2010-10-19,8.7,8.97,8.7,8.96,12789025.0,113400748.0,4.206916,97.39989,2.978866
2010-10-20,8.81,8.87,8.64,8.79,8762314.0,76846175.0,2.88234,95.551901,2.922348
2010-10-21,8.78,9.08,8.7,9.02,13055271.0,116547014.0,4.294497,98.052121,2.998814
2010-10-22,9.0,9.02,8.81,8.9,8923814.0,79411908.0,2.935465,96.747659,2.958919
2010-10-25,8.89,9.03,8.86,9.0,9266988.0,83102529.0,3.048351,97.834711,2.992165
2010-10-26,9.01,9.01,8.82,8.94,9502197.0,84541917.0,3.125723,97.18248,2.972217
2010-10-27,8.97,9.17,8.91,8.94,13924793.0,126031371.0,4.580524,97.18248,2.972217
2010-10-28,8.92,8.98,8.68,8.75,9112502.0,80225129.0,2.997534,95.11708,2.909049
2010-10-29,8.8,8.83,8.65,8.7,7140954.0,62209590.0,2.348998,75.934811,3.293721
2010-11-01,8.7,8.86,8.7,8.8,9112427.0,79930597.0,2.997509,76.807624,3.33158
2010-11-02,8.81,9.04,8.71,8.99,15215213.0,134567804.0,5.005004,78.465971,3.403512
2010-11-03,8.96,9.56,8.92,9.5,30755008.0,283207181.0,10.116779,82.917322,3.596592
2010-11-04,9.41,9.65,9.3,9.46,32651893.0,307564985.0,10.740754,82.568196,3.581449
2010-11-05,9.45,9.65,9.24,9.39,18734352.0,175322562.0,6.162616,81.957227,3.554947
2010-11-08,9.37,9.6,9.31,9.57,17629552.0,166855049.0,5.799195,83.528292,3.623093
2010-11-09,9.5,9.57,9.34,9.46,14593829.0,137417362.0,4.800602,82.568196,3.581449
2010-11-10,9.44,9.73,9.34,9.56,16487497.0,157728971.0,5.423519,83.44101,3.619307
2010-11-11,9.5,9.97,9.5,9.62,31481438.0,308761154.0,10.355736,83.964699,3.642023
2010-11-12,9.56,10.57,9.54,10.03,49455134.0,497538578.0,16.268136,87.543236,3.797244
2010-11-15,9.8,10.38,9.75,10.16,34821564.0,350814959.0,11.454462,88.677894,3.846461
2010-11-16,10.18,10.18,9.14,9.25,27469838.0,265103192.0,9.036131,80.735287,3.501945
2010-11-17,9.0,9.18,8.33,8.4,17051292.0,148404640.0,5.608978,73.316369,3.180145
2010-11-18,8.42,8.58,8.22,8.48,10799199.0,90596823.0,3.552368,74.01462,3.210432
2010-11-19,8.55,8.55,8.25,8.5,10570334.0,88673482.0,3.477084,74.189183,3.218003
2010-11-22,8.45,8.64,8.36,8.62,10308136.0,87775843.0,3.390834,75.236559,3.263434
2010-11-23,8.58,8.58,8.1,8.23,9023754.0,74734008.0,2.96834,71.832585,3.115785
2010-11-24,8.22,8.41,8.1,8.4,7352451.0,61006233.0,2.418569,73.316369,3.180145
2010-11-25,8.38,8.6,8.37,8.54,8115726.0,69097475.0,2.669647,74.538308,3.233147
2010-11-26,8.54,8.56,8.32,8.37,6770254.0,56943700.0,2.227057,73.054525,3.168787
2010-11-29,8.35,8.56,8.31,8.54,6854875.0,58098064.0,2.254893,74.538308,3.233147
2010-11-30,8.5,8.57,8.04,8.22,9269132.0,76525262.0,3.049057,71.745304,3.111999
2010-12-01,8.18,8.39,8.12,8.34,4534657.0,37676371.0,1.491663,72.79268,3.157429
2010-12-02,8.41,8.64,8.36,8.5,11274156.0,96295784.0,3.708604,74.189183,3.218003
2010-12-03,8.49,8.57,8.28,8.46,6074465.0,51057231.0,1.998179,73.840057,3.20286
2010-12-06,9.0,9.31,8.77,8.79,26745667.0,241278916.0,8.797917,76.720343,3.327794
2010-12-07,8.5,8.67,8.4,8.64,11083266.0,94572996.0,3.645811,75.411122,3.271006
2010-12-08,8.58,8.63,8.47,8.53,6755554.0,57654223.0,2.222222,74.451027,3.229361
2010-12-09,8.47,8.68,8.44,8.49,6675466.0,57159696.0,2.195877,74.101901,3.214218
2010-12-10,8.53,8.54,8.28,8.43,5819725.0,48774301.0,1.914383,73.578213,3.191502
2010-12-13,8.42,8.61,8.4,8.6,8372533.0,71376908.0,2.754123,75.061997,3.255862
2010-12-14,8.6,8.7,8.53,8.67,7579352.0,65361980.0,2.493208,75.672966,3.282364
2010-12-15,8.68,8.71,8.57,8.65,6724754.0,58115046.0,2.21209,75.498404,3.274792
2010-12-16,8.67,8.95,8.65,8.7,8449227.0,74286149.0,2.779351,75.934811,3.293721
2010-12-17,8.95,9.23,8.82,8.9,13969169.0,125697610.0,4.595121,77.680438,3.369439
2010-12-20,9.05,9.17,8.5,8.79,10438577.0,92090947.0,3.433742,76.720343,3.327794
2010-12-21,8.79,8.99,8.6,8.92,7451824.0,65616701.0,2.451258,77.855001,3.377011
2010-12-22,8.92,8.92,8.73,8.79,5714179.0,50160594.0,1.879664,76.720343,3.327794
2010-12-23,8.69,8.78,8.53,8.54,5177579.0,44705927.0,1.703151,74.538308,3.233147
2010-12-24,8.45,8.52,8.19,8.3,5928596.0,49413713.0,1.950196,72.443555,3.142286
2010-12-27,8.26,8.44,8.07,8.12,4307504.0,35535112.0,1.416942,70.87249,3.07414
2010-12-28,8.06,8.12,7.79,7.8,5449501.0,43020771.0,1.792599,68.079485,2.952991
2010-12-29,7.81,7.93,7.8,7.91,2419687.0,19025517.0,0.79595,69.039581,2.994636
2010-12-30,7.92,7.94,7.82,7.9,1790867.0,14134661.0,0.589101,68.952299,2.99085
2010-12-31,7.94,8.09,7.94,8.02,3649323.0,29370202.0,1.200435,69.999676,3.036281
2011-01-04,8.15,8.17,8.02,8.16,3205117.0,26009661.0,1.054315,71.221615,3.089283
2011-01-05,8.15,8.23,8.08,8.21,3249762.0,26551583.0,1.069001,71.658022,3.108213
2011-01-06,8.17,8.52,8.04,8.47,6325738.0,52165234.0,2.080835,73.927339,3.206646
2011-01-07,8.67,8.67,8.35,8.63,10010389.0,85541424.0,3.292891,75.323841,3.26722
2011-01-10,8.59,8.68,8.29,8.52,9695560.0,82478260.0,3.189329,74.363746,3.225575
2011-01-11,8.49,8.58,8.35,8.49,7382120.0,62406219.0,2.428329,74.101901,3.214218
2011-01-12,8.5,8.54,8.33,8.44,4807779.0,40392847.0,1.581506,73.665494,3.195288
2011-01-13,8.44,8.47,8.11,8.17,4345705.0,35909275.0,1.429508,71.308897,3.093069
2011-01-14,8.14,8.14,7.92,7.97,4258365.0,34015154.0,1.400778,69.563269,3.017351
2011-01-17,7.86,7.99,7.67,7.71,3432095.0,26766245.0,1.128979,67.293953,2.918918
2011-01-18,7.68,7.79,7.66,7.75,1743728.0,13507822.0,0.573595,67.643078,2.934062
2011-01-19,7.77,7.91,7.76,7.87,2502949.0,19650250.0,0.823338,68.690455,2.979493
2011-01-20,7.91,7.94,7.54,7.55,2922261.0,22600599.0,0.96127,65.897451,2.858344
2011-01-21,7.51,7.74,7.5,7.71,2012044.0,15406866.0,0.661857,67.293953,2.918918
2011-01-24,7.71,7.77,7.57,7.57,1592584.0,12173817.0,0.523876,66.072013,2.865916
2011-01-25,7.57,7.66,7.43,7.46,1524360.0,11399992.0,0.501434,65.111918,2.824271
2011-01-26,7.53,7.73,7.49,7.7,2292599.0,17532000.0,0.754144,67.206671,2.915133
2011-01-27,7.72,7.89,7.63,7.83,2436390.0,19039693.0,0.801444,68.341329,2.964349
2011-01-28,7.81,8.0,7.77,7.97,3335634.0,26449312.0,1.097248,69.563269,3.017351
2011-01-31,8.01,8.13,7.88,8.04,4873880.0,39043233.0,1.60325,70.174239,3.043853
2011-02-01,8.0,8.06,7.94,7.98,2184560.0,17435210.0,0.718605,69.65055,3.021137
2011-02-09,7.9,8.03,7.85,7.96,2481652.0,19720965.0,0.816333,69.475988,3.013566
2011-02-10,7.97,8.11,7.9,8.1,3305435.0,26528731.0,1.087314,70.697927,3.066568
2011-02-11,8.13,8.17,8.02,8.14,3555940.0,28844667.0,1.169717,71.047053,3.081712
2011-02-14,8.15,8.35,8.15,8.31,5435500.0,45130278.0,1.787993,72.530836,3.146072
2011-02-15,8.26,8.35,8.21,8.24,5170259.0,42822596.0,1.700743,71.919867,3.11957
2011-02-16,8.25,8.31,8.18,8.3,3565209.0,29424136.0,1.172766,72.443555,3.142286
2011-02-17,8.55,8.96,8.48,8.51,13821345.0,119979999.0,4.546495,74.276464,3.221789
2011-02-18,8.4,8.54,8.31,8.47,6786369.0,57158608.0,2.232358,73.927339,3.206646
2011-02-21,8.4,8.6,8.39,8.6,5923768.0,50459586.0,1.948608,75.061997,3.255862
2011-02-22,8.65,8.67,8.32,8.38,5550113.0,46956508.0,1.825695,73.141806,3.172573
2011-02-23,8.34,8.53,8.34,8.48,3788662.0,32013305.0,1.24627,74.01462,3.210432
2011-02-24,8.46,8.8,8.35,8.79,12870471.0,110723430.0,4.233708,76.720343,3.327794
2011-02-25,8.7,8.85,8.54,8.76,10153408.0,88537766.0,3.339937,76.458499,3.316436
2011-02-28,8.8,9.44,8.8,9.27,24434373.0,223337225.0,8.037623,80.90985,3.509517
2011-03-01,9.3,9.57,9.12,9.53,20391023.0,190982720.0,6.707573,83.179166,3.60795
2011-03-02,9.38,9.46,9.21,9.42,11845074.0,110494546.0,3.896406,82.219071,3.566305
2011-03-03,9.85,10.08,9.0,9.01,35888744.0,339610961.0,11.805508,78.640534,3.411084
2011-03-04,8.85,8.99,8.62,8.9,13406140.0,117855179.0,4.409914,77.680438,3.369439
2011-03-07,8.95,8.95,8.8,8.92,9161482.0,81282659.0,3.013645,77.855001,3.377011
2011-03-08,8.9,8.91,8.7,8.84,7711631.0,67821078.0,2.536721,77.15675,3.346724
2011-03-09,8.8,8.9,8.79,8.88,5659903.0,50115806.0,1.86181,77.505876,3.361867
2011-03-10,8.84,8.99,8.78,8.96,7042334.0,62601039.0,2.316557,78.204127,3.392154
2011-03-11,8.95,8.95,8.77,8.79,6433677.0,56854771.0,2.116341,76.720343,3.327794
2011-03-14,8.78,8.78,8.58,8.69,6794888.0,58853865.0,2.235161,75.847529,3.289935
2011-03-15,8.68,8.68,8.38,8.58,6203543.0,52827608.0,2.040639,74.887434,3.248291
2011-03-16,8.63,8.82,8.63,8.82,6565446.0,57513862.0,2.159686,28.556003,3.339152
2011-03-17,8.78,8.78,8.55,8.6,4111961.0,35665781.0,1.352619,27.843722,3.255862
2011-03-18,8.62,8.83,8.62,8.72,3520918.0,30731236.0,1.158197,28.232239,3.301293
2011-03-21,8.66,8.74,8.65,8.69,2661413.0,23127326.0,0.875465,28.13511,3.289935
2011-03-22,8.71,8.89,8.63,8.87,5595852.0,49306702.0,1.840741,28.717886,3.358081
2011-03-23,8.85,9.1,8.77,9.07,10997000.0,98237551.0,3.617434,29.365414,3.433799
2011-03-24,9.05,9.42,9.0,9.3,15850802.0,146372682.0,5.21408,30.110072,3.520874
2011-03-25,9.14,9.53,9.1,9.45,22380849.0,209903569.0,7.362121,28.880748,3.090993
2011-03-28,9.45,9.45,9.45,9.45,0.0,0.0,,28.880748,3.090993
2011-03-29,9.45,9.45,9.45,9.45,0.0,0.0,,28.880748,3.090993
2011-03-30,9.45,9.45,9.45,9.45,0.0,0.0,,28.880748,3.090993
2011-03-31,9.45,9.45,9.45,9.45,0.0,0.0,,28.880748,3.090993
2011-04-01,9.45,9.45,9.45,9.45,0.0,0.0,,28.880748,3.090993
2011-04-06,9.45,9.45,9.45,9.45,0.0,0.0,,28.880748,3.090993
2011-04-07,9.45,9.45,9.45,9.45,0.0,0.0,,28.880748,3.090993
2011-04-08,9.45,9.45,9.45,9.45,0.0,0.0,,28.880748,3.090993
2011-04-11,9.45,9.45,9.45,9.45,0.0,0.0,,28.880748,3.090993
2011-04-12,9.45,9.45,9.45,9.45,0.0,0.0,,28.880748,3.090993
2011-04-13,9.45,9.45,9.45,9.45,0.0,0.0,,28.880748,3.090993
2011-04-14,9.45,9.45,9.45,9.45,0.0,0.0,,28.880748,3.090993
2011-04-15,9.45,9.45,9.45,9.45,0.0,0.0,,28.880748,3.090993
2011-04-18,9.45,9.45,9.45,9.45,0.0,0.0,,28.880748,3.090993
2011-04-19,9.45,9.45,9.45,9.45,0.0,0.0,,28.880748,3.090993
2011-04-20,9.45,9.45,9.45,9.45,0.0,0.0,,28.880748,3.090993
2011-04-21,9.45,9.45,9.45,9.45,0.0,0.0,,28.880748,3.090993
2011-04-22,9.45,9.45,9.45,9.45,0.0,0.0,,28.880748,3.090993
2011-04-25,9.45,9.45,9.45,9.45,0.0,0.0,,23.473003,2.879075
2011-04-26,9.45,9.45,9.45,9.45,0.0,0.0,,23.473003,2.879075
2011-04-27,9.45,9.45,9.45,9.45,0.0,0.0,,23.473003,2.879075
2011-04-28,9.45,9.45,9.45,9.45,0.0,0.0,,23.473003,2.879075
2011-04-29,9.45,9.45,9.45,9.45,0.0,0.0,,23.473003,2.879075
2011-05-03,9.45,9.45,9.45,9.45,0.0,0.0,,23.473003,2.879075
2011-05-04,9.45,9.45,9.45,9.45,0.0,0.0,,23.473003,2.879075
2011-05-05,9.45,9.45,9.45,9.45,0.0,0.0,,23.473003,2.879075
2011-05-06,9.45,9.45,9.45,9.45,0.0,0.0,,23.473003,2.879075
2011-05-09,9.45,9.45,9.45,9.45,0.0,0.0,,23.473003,2.879075
2011-05-10,9.45,9.45,9.45,9.45,0.0,0.0,,23.473003,2.879075
2011-05-11,9.45,9.45,9.45,9.45,0.0,0.0,,23.473003,2.879075
2011-05-12,9.45,9.45,9.45,9.45,0.0,0.0,,23.473003,2.879075
2011-05-13,9.45,9.45,9.45,9.45,0.0,0.0,,23.473003,2.879075
2011-05-16,9.45,9.45,9.45,9.45,0.0,0.0,,23.473003,2.879075
2011-05-17,9.45,9.45,9.45,9.45,0.0,0.0,,23.473003,2.879075
2011-05-18,9.45,9.45,9.45,9.45,0.0,0.0,,23.473003,2.879075
2011-05-19,9.45,9.45,9.45,9.45,0.0,0.0,,23.473003,2.879075
2011-05-20,9.45,9.45,9.45,9.45,0.0,0.0,,23.473003,2.879075
2011-05-23,9.45,9.45,9.45,9.45,0.0,0.0,,23.473003,2.879075
2011-05-24,9.45,9.45,9.45,9.45,0.0,0.0,,23.473003,2.879075
2011-05-25,9.45,9.45,9.45,9.45,0.0,0.0,,23.473003,2.879075
2011-05-26,9.45,9.45,9.45,9.45,0.0,0.0,,23.473003,2.879075
2011-05-27,9.45,9.45,9.45,9.45,0.0,0.0,,23.473003,2.879075
2011-05-30,10.4,10.4,9.41,9.69,41136524.0,413607242.0,13.531751,24.069143,2.952194
2011-05-31,9.41,9.78,9.05,9.72,19562970.0,185291493.0,6.435188,24.143661,2.961334
2011-06-01,9.6,10.67,9.33,10.37,29109141.0,295741560.0,9.575375,25.758206,3.159366
2011-06-02,10.06,10.46,9.9,10.23,21130480.0,214387154.0,6.950816,25.410458,3.116713
2011-06-03,10.28,10.49,9.94,9.98,18760678.0,189773179.0,6.171276,24.789479,3.040547
2011-06-07,9.8,9.98,9.72,9.88,14411611.0,141610827.0,4.740662,24.541087,3.01008
2011-06-08,9.89,9.89,9.41,9.76,14085680.0,135661470.0,4.633447,24.243017,2.973521
2011-06-09,9.61,9.71,9.22,9.24,11600879.0,110273017.0,3.816079,22.951381,2.815095
2011-06-10,9.06,9.18,8.75,9.0,11269555.0,100907418.0,3.70709,22.355241,2.741976
2011-06-13,8.89,8.97,8.71,8.91,5750730.0,50839487.0,1.891687,22.131689,2.714556
2011-06-14,8.86,9.15,8.86,9.03,6311797.0,57064816.0,2.076249,22.429759,2.751116
2011-06-15,9.03,9.07,8.81,8.84,5574557.0,49827269.0,1.833736,21.957815,2.69323
2011-06-16,8.75,8.78,8.0,8.31,7860194.0,66161045.0,2.58559,20.641339,2.531758
2011-06-17,8.2,8.42,8.14,8.16,3187980.0,26519236.0,1.048678,20.268752,2.486058
2011-06-20,8.3,8.98,8.3,8.98,19093379.0,168740170.0,6.280717,22.305563,2.735883
2011-06-21,9.15,9.54,9.0,9.25,22424990.0,208439904.0,7.376641,22.97622,2.818142
2011-06-22,9.25,9.25,8.9,9.12,11186256.0,101432898.0,3.679689,22.653311,2.778536
2011-06-23,9.02,9.22,8.85,9.15,9839180.0,89331538.0,3.236572,22.727829,2.787676
2011-06-24,9.08,9.36,8.97,9.2,13299621.0,122860775.0,4.374875,22.852024,2.802909
2011-06-27,9.18,9.38,9.14,9.36,12387603.0,114589162.0,4.074869,23.249451,2.851655
2011-06-28,9.3,9.31,9.17,9.29,6761509.0,62504128.0,2.224181,23.075577,2.830329
2011-06-29,9.27,9.54,9.17,9.37,11975271.0,112456168.0,3.939234,23.27429,2.854702
2011-06-30,9.37,9.83,9.3,9.52,14692290.0,141166692.0,4.83299,23.646877,2.900401
2011-07-01,9.45,9.55,9.38,9.46,7771977.0,73397962.0,2.556571,23.497842,2.882121
2011-07-04,9.5,9.63,9.4,9.58,9152592.0,87432597.0,3.010721,23.795912,2.918681
2011-07-05,9.58,9.61,9.4,9.46,7890695.0,74927825.0,2.595623,23.497842,2.882121
2011-07-06,9.52,9.84,9.49,9.64,12199089.0,117559691.0,4.012858,23.944947,2.936961
2011-07-07,9.54,10.05,9.44,9.89,20261610.0,197335588.0,6.665003,24.565926,3.013127
2011-07-08,9.76,9.91,9.62,9.72,8187680.0,80019373.0,2.693316,24.143661,2.961334
2011-07-11,9.65,9.79,9.55,9.74,5762869.0,55691265.0,1.895681,24.193339,2.967427
2011-07-12,9.66,9.68,9.4,9.46,7485457.0,70981055.0,2.462321,23.497842,2.882121
2011-07-13,9.45,9.57,9.42,9.54,4769943.0,45383991.0,1.56906,23.696556,2.906495
2011-07-14,9.57,9.58,9.41,9.51,5988371.0,56863454.0,1.969859,23.622038,2.897355
2011-07-15,9.52,9.74,9.45,9.73,8500277.0,81697227.0,2.796144,24.1685,2.964381
2011-07-18,9.73,9.79,9.55,9.6,6353225.0,61311140.0,2.089877,23.845591,2.924774
2011-07-19,9.58,9.58,9.33,9.36,6012156.0,56666039.0,1.977683,23.249451,2.851655
2011-07-20,9.41,9.5,9.33,9.44,3386893.0,31900682.0,1.11411,23.448164,2.876028
2011-07-21,9.4,9.46,9.15,9.17,3781174.0,35060124.0,1.243807,22.777507,2.793769
2011-07-22,9.17,9.28,9.09,9.2,7357393.0,67294725.0,2.420195,22.852024,2.802909
2011-07-25,9.0,9.08,8.5,8.61,6146470.0,54253405.0,2.021865,21.386514,2.623157
2011-07-26,8.58,8.92,8.55,8.92,4263177.0,37388336.0,1.402361,22.156528,2.717603
2011-07-27,9.1,9.68,9.0,9.37,14228577.0,133872681.0,4.680453,23.27429,2.854702
2011-07-28,9.2,9.23,9.02,9.15,6609057.0,60312989.0,2.174032,22.727829,2.787676
2011-07-29,8.9,9.73,8.9,9.45,14075094.0,133438521.0,4.629965,23.473003,2.879075
2011-08-01,9.6,9.78,9.38,9.67,13993232.0,134065611.0,4.603037,24.019465,2.946101
2011-08-02,9.66,9.95,9.53,9.82,18264125.0,178753994.0,6.007936,24.392052,2.991801
2011-08-03,9.68,9.84,9.56,9.73,9233338.0,89429967.0,3.037282,24.1685,2.964381
2011-08-04,9.69,9.81,9.5,9.6,8215737.0,79315070.0,2.702545,23.845591,2.924774
2011-08-05,9.28,9.37,9.0,9.15,8150148.0,75187547.0,2.68097,22.727829,2.787676
2011-08-08,8.98,9.09,8.51,8.67,8080152.0,71164731.0,2.657945,21.535549,2.641437
2011-08-09,8.48,8.8,8.12,8.68,6567056.0,55876162.0,2.160216,21.560388,2.644484
2011-08-10,8.81,9.14,8.8,8.9,7588927.0,68070436.0,2.496358,22.10685,2.71151
2011-08-11,8.68,9.04,8.58,9.02,6062667.0,53936721.0,1.994298,22.40492,2.748069
2011-08-12,9.1,9.4,9.1,9.2,7808535.0,72478237.0,2.568597,19.181309,2.802909
2011-08-15,9.2,9.39,9.15,9.32,4670987.0,43448649.0,1.536509,19.4315,2.839469
2011-08-16,9.27,9.4,9.16,9.19,5240905.0,48663706.0,1.723982,19.16046,2.799862
2011-08-17,9.2,9.27,9.04,9.16,3218409.0,29447278.0,1.058687,19.097912,2.790722
2011-08-18,9.16,9.22,8.98,9.0,7459926.0,67558134.0,2.453923,18.764324,2.741976
2011-08-19,8.77,9.15,8.69,9.11,5418609.0,48766649.0,1.782437,18.993666,2.775489
2011-08-22,9.05,9.17,8.9,8.95,3714896.0,33530736.0,1.222005,18.660078,2.726743
2011-08-23,8.96,9.14,8.96,9.12,2733512.0,24751137.0,0.899182,19.014515,2.778536
2011-08-24,9.1,9.21,9.06,9.08,3372289.0,30885887.0,1.109306,18.931118,2.766349
2011-08-25,9.1,9.28,9.02,9.27,5019045.0,46038196.0,1.651002,19.327254,2.824235
2011-08-26,9.27,9.36,9.21,9.31,4180062.0,38853217.0,1.37502,19.410651,2.836422
2011-08-29,9.3,9.45,9.23,9.3,5202156.0,48673154.0,1.711236,19.389802,2.833375
2011-08-30,9.48,9.52,9.15,9.18,5831917.0,54345086.0,1.918394,19.139611,2.796816
2011-08-31,9.21,9.26,8.95,9.08,4165474.0,37804240.0,1.370222,18.931118,2.706395
2011-09-01,9.15,9.45,9.09,9.13,8254153.0,76638253.0,2.715182,19.035364,2.721298
2011-09-02,9.02,9.18,8.86,9.0,4072543.0,36666628.0,1.339652,18.764324,2.68255
2011-09-05,8.84,9.03,8.7,9.01,3697130.0,32741481.0,1.216161,18.785173,2.68553
2011-09-06,8.92,8.99,8.76,8.86,1608985.0,14268757.0,0.529271,18.472435,2.640821
2011-09-07,8.9,9.1,8.9,9.05,2983002.0,26908556.0,0.981251,18.86857,2.697453
2011-09-08,9.04,9.16,9.04,9.06,2546583.0,23165216.0,0.837692,18.88942,2.700434
2011-09-09,9.09,9.22,9.06,9.16,2672638.0,24442155.0,0.879157,19.097912,2.73024
2011-09-13,9.03,9.05,8.82,8.87,2262561.0,20173401.0,0.744263,18.493284,2.643802
2011-09-14,9.19,9.27,9.02,9.17,4328105.0,39604809.0,1.423719,19.118761,2.73322
2011-09-15,9.17,9.17,9.17,9.17,0.0,0.0,,19.118761,2.73322
2011-09-16,9.28,9.3,9.01,9.03,3208174.0,29292850.0,1.05532,18.826872,2.691492
2011-09-19,9.03,9.05,8.82,8.87,1778572.0,15822727.0,0.585057,18.493284,2.643802
2011-09-20,8.84,8.95,8.74,8.83,2021450.0,17830537.0,0.664951,18.409887,2.631879
2011-09-21,8.83,9.05,8.74,9.04,3116837.0,27832363.0,1.025275,18.847721,2.694472
2011-09-22,8.96,8.98,8.75,8.76,2402148.0,21319850.0,0.79018,18.263942,2.611015
2011-09-23,8.6,8.63,8.42,8.54,2887977.0,24641823.0,0.949992,17.805259,2.545442
2011-09-26,8.53,8.58,8.18,8.3,2743311.0,22942792.0,0.902405,17.304877,2.473907
2011-09-27,8.4,8.44,8.28,8.35,1855137.0,15480690.0,0.610242,17.409123,2.48881
2011-09-28,8.34,8.42,8.15,8.16,1765601.0,14584776.0,0.58079,17.012987,2.432179
2011-09-29,8.17,8.2,7.53,7.61,4890290.0,38024697.0,1.608648,15.866279,2.268245
2011-09-30,7.65,7.79,7.55,7.74,1906295.0,14629463.0,0.627071,16.137319,2.306993
2011-10-10,7.8,7.91,7.7,7.81,1801675.0,14081040.0,0.592656,16.283264,2.327857
2011-10-11,7.95,8.06,7.77,7.88,2000451.0,15762784.0,0.658043,16.429208,2.348721
2011-10-12,7.81,8.1,7.78,8.09,3126159.0,25001434.0,1.028342,16.867043,2.411314
2011-10-13,8.08,8.22,8.03,8.16,2381695.0,19437959.0,0.783452,17.012987,2.432179
2011-10-14,8.29,8.29,8.14,8.21,2834270.0,23220756.0,0.932326,17.117234,2.447082
2011-10-17,8.23,8.5,8.23,8.42,4910467.0,41282036.0,1.615285,17.555068,2.509674
2011-10-18,8.42,8.42,8.42,8.42,0.0,0.0,,17.555068,2.509674
2011-10-19,8.42,8.42,8.42,8.42,0.0,0.0,,17.555068,2.509674
2011-10-20,8.6,8.68,8.07,8.17,6192826.0,52204860.0,2.037114,17.033837,2.435159
2011-10-21,8.1,8.12,7.6,7.75,2943269.0,22999747.0,0.968181,16.158168,2.309973
2011-10-24,7.69,7.93,7.69,7.9,2174095.0,17019886.0,0.715163,16.470907,2.354683
2011-10-25,7.89,8.07,7.74,8.04,3686912.0,29218738.0,1.2128,16.762796,2.396411
2011-10-26,8.02,8.12,7.9,8.05,2813000.0,22658914.0,0.925329,16.783646,2.399392
2011-10-27,8.01,8.35,8.01,8.27,5135629.0,42128459.0,1.689352,17.242329,2.464965
2011-10-28,8.35,8.35,8.21,8.31,3448413.0,28571430.0,1.134346,17.325726,2.476888
2011-10-31,8.4,8.5,8.26,8.34,3074064.0,25665844.0,1.011205,15.586434,2.531206
2011-11-01,8.34,8.37,8.15,8.18,3923447.0,32338477.0,1.290608,15.287414,2.482645
2011-11-02,8.06,8.32,7.95,8.31,3466301.0,28059979.0,1.140231,15.530368,2.522101
2011-11-03,8.33,8.44,8.28,8.29,3685197.0,30752153.0,1.212236,15.49299,2.516031
2011-11-04,8.28,8.49,8.25,8.36,3146121.0,26376701.0,1.034908,15.623812,2.537276
2011-11-07,8.42,8.42,8.21,8.28,2197621.0,18273124.0,0.722902,15.474301,2.512996
2011-11-08,8.25,8.31,8.13,8.14,1913287.0,15699128.0,0.629371,15.212659,2.470505
2011-11-09,8.2,8.26,8.06,8.22,1546999.0,12646399.0,0.508881,15.362169,2.494786
2011-11-10,8.1,8.16,8.02,8.03,2559385.0,20652758.0,0.841903,15.007082,2.43712
2011-11-11,8.02,8.15,8.0,8.11,1473064.0,11891166.0,0.484561,15.156592,2.4614
2011-11-14,8.15,8.26,8.11,8.25,1929190.0,15835598.0,0.634602,15.418235,2.503891
2011-11-15,8.25,8.36,8.21,8.33,2451306.0,20309670.0,0.806351,15.567745,2.528171
2011-11-16,8.36,8.36,8.07,8.18,2616531.0,21347642.0,0.860701,15.287414,2.482645
2011-11-17,8.16,8.25,8.11,8.17,1853017.0,15159173.0,0.609545,15.268725,2.47961
2011-11-18,8.13,8.16,7.98,8.02,1907235.0,15341738.0,0.62738,14.988393,2.434085
2011-11-21,8.03,8.13,7.97,8.12,930163.0,7473822.0,0.305975,15.175281,2.464435
2011-11-22,8.09,8.09,7.94,8.01,944977.0,7579385.0,0.310848,14.969705,2.43105
2011-11-23,8.05,8.35,8.02,8.19,4989795.0,41224905.0,1.64138,15.306103,2.485681
2011-11-24,8.1,8.19,8.04,8.1,1608525.0,13039640.0,0.52912,15.137904,2.458365
2011-11-25,8.1,8.17,8.0,8.07,1396000.0,11286438.0,0.459211,15.081837,2.44926
2011-11-28,8.06,8.15,8.01,8.07,988281.0,7971077.0,0.325092,15.081837,2.44926
2011-11-29,8.1,8.19,8.05,8.18,1995989.0,16221455.0,0.656575,15.287414,2.482645
2011-11-30,8.2,8.2,7.5,7.58,3758246.0,29257036.0,1.236265,14.166088,2.300544
2011-12-01,7.9,8.01,7.7,7.8,4495613.0,35211903.0,1.47882,14.577241,2.367315
2011-12-02,7.75,7.84,7.43,7.58,2758429.0,20899551.0,0.907378,14.166088,2.300544
2011-12-05,7.59,7.6,7.29,7.3,1485899.0,10961459.0,0.488783,13.642802,2.215564
2011-12-06,7.3,7.4,7.24,7.26,829499.0,6053171.0,0.272862,13.568047,2.203424
2011-12-07,7.36,7.37,7.26,7.31,1050001.0,7679646.0,0.345395,13.661491,2.218599
2011-12-08,7.29,7.36,7.12,7.21,963621.0,6983752.0,0.316981,13.474603,2.188249
2011-12-09,7.17,7.27,7.12,7.18,811987.0,5827478.0,0.267101,13.418537,2.179144
2011-12-12,7.18,7.33,7.12,7.29,1131131.0,8165011.0,0.372083,13.624113,2.212529
2011-12-13,7.28,7.28,6.87,6.89,1356300.0,9479328.0,0.446151,12.876562,2.091128
2011-12-14,6.9,6.98,6.76,6.76,792942.0,5452949.0,0.260836,12.633608,2.051673
2011-12-15,6.75,6.76,6.55,6.61,1360403.0,9024145.0,0.447501,12.353277,2.006148
2011-12-16,6.66,6.81,6.59,6.8,748013.0,5004673.0,0.246057,12.708364,2.063813
2011-12-19,6.8,6.8,6.6,6.78,733118.0,4903998.0,0.241157,12.670986,2.057743
2011-12-20,6.78,6.85,6.68,6.77,614669.0,4175883.0,0.202194,12.652297,2.054708
2011-12-21,6.81,6.87,6.6,6.61,513680.0,3474715.0,0.168974,12.353277,2.006148
2011-12-22,6.6,6.6,5.97,6.33,1584301.0,9939837.0,0.521152,11.829991,1.921167
2011-12-23,6.18,6.46,6.18,6.25,1789531.0,11285945.0,0.588662,11.680481,1.896887
2011-12-26,6.26,6.39,6.19,6.22,1074367.0,6782406.0,0.35341,11.624415,1.887782
2011-12-27,6.13,6.24,6.09,6.09,714649.0,4407266.0,0.235082,11.381461,1.848327
2011-12-28,6.03,6.08,5.95,6.08,1125889.0,6762837.0,0.370358,11.362772,1.845292
2011-12-29,6.1,6.12,5.95,6.07,867573.0,5265882.0,0.285386,11.344083,1.842256
2011-12-30,6.09,6.17,6.08,6.15,1100148.0,6752287.0,0.361891,11.493593,1.866537
2012-01-04,6.18,6.28,6.15,6.17,1642639.0,10228235.0,0.540342,11.530971,1.872607
2012-01-05,6.05,6.39,6.05,6.29,3337210.0,21051791.0,1.097766,11.755236,1.909027
2012-01-06,6.2,6.27,6.0,6.24,1723227.0,10533634.0,0.566851,11.661792,1.893852
2012-01-09,6.26,6.46,6.14,6.43,2185289.0,13907326.0,0.718845,12.016879,1.951517
2012-01-10,6.45,6.76,6.38,6.75,3828079.0,25424635.0,1.259237,12.61492,2.048638
2012-01-11,6.69,6.97,6.66,6.82,3251067.0,22121750.0,1.06943,12.745741,2.069883
2012-01-12,6.8,6.96,6.73,6.82,1256231.0,8571564.0,0.413234,12.745741,2.069883
2012-01-13,6.82,6.82,6.53,6.57,1368700.0,9085359.0,0.45023,12.278522,1.994007
2012-01-16,6.55,6.74,6.45,6.55,1258211.0,8341096.0,0.413885,12.241144,1.987937
2012-01-17,6.55,6.89,6.55,6.88,1617702.0,10960308.0,0.532139,12.857874,2.088093
2012-01-18,6.87,6.94,6.74,6.78,1380360.0,9435147.0,0.454066,12.670986,2.057743
2012-01-19,6.76,6.89,6.7,6.8,1349820.0,9170440.0,0.44402,12.708364,2.063813
2012-01-20,6.8,6.98,6.8,6.93,1890100.0,13104005.0,0.621743,12.951318,2.103268
2012-01-30,6.89,6.96,6.8,6.8,1044214.0,7183252.0,0.343491,12.708364,2.063813
2012-01-31,6.98,7.02,6.85,6.9,1344704.0,9308761.0,0.442337,12.895251,2.094163
2012-02-01,6.86,6.92,6.7,6.72,1158707.0,7907118.0,0.381154,12.558853,2.039533
2012-02-02,6.78,6.89,6.72,6.87,733668.0,5002008.0,0.241338,12.839185,2.085058
2012-02-03,6.86,6.93,6.8,6.92,1379813.0,9490249.0,0.453886,12.932629,2.100233
2012-02-06,6.92,6.98,6.87,6.94,1852050.0,12846827.0,0.609227,12.970006,2.106303
2012-02-07,6.94,6.94,6.74,6.77,1349209.0,9165561.0,0.443819,12.652297,2.054708
2012-02-08,6.77,6.98,6.76,6.96,1569569.0,10820051.0,0.516306,13.007384,2.112373
2012-02-09,6.95,7.07,6.92,6.97,2632098.0,18402329.0,0.865822,13.026073,2.115408
2012-02-10,7.14,7.45,7.13,7.25,8238553.0,60049754.0,2.71005,13.549358,2.200389
2012-02-13,7.11,7.35,7.11,7.27,4841088.0,35146198.0,1.592463,13.586736,2.206459
2012-02-14,7.21,7.46,7.21,7.4,4122746.0,30381064.0,1.356166,13.82969,2.245914
2012-02-15,7.4,7.54,7.36,7.51,4287730.0,32066056.0,1.410438,14.035266,2.279299
2012-02-16,7.51,7.88,7.5,7.7,6209121.0,47920740.0,2.042474,14.390353,2.336965
2012-02-17,7.67,7.88,7.5,7.53,4424616.0,33909787.0,1.455466,14.072644,2.285369
2012-02-20,7.66,7.76,7.52,7.53,3077000.0,23349478.0,1.012171,14.072644,2.285369
2012-02-21,7.6,7.98,7.59,7.82,5781047.0,45271219.0,1.90166,14.614618,2.373385
2012-02-22,7.8,7.92,7.73,7.89,5913035.0,46316138.0,1.945077,14.745439,2.39463
2012-02-23,7.88,7.95,7.79,7.88,5169665.0,40656215.0,1.700548,14.726751,2.391595
2012-02-24,7.95,7.96,7.84,7.91,4301312.0,33924012.0,1.414905,14.782817,2.4007
2012-02-27,7.96,7.99,7.84,7.85,6304184.0,49844558.0,2.073745,14.670684,2.38249
2012-02-28,7.77,7.83,7.57,7.62,4961848.0,37990969.0,1.632187,14.240843,2.312684
2012-02-29,7.7,7.7,7.57,7.62,2604925.0,19875569.0,0.856883,14.240843,2.312684
2012-03-01,7.62,7.74,7.56,7.68,2822511.0,21620334.0,0.928458,14.352975,2.330895
2012-03-02,7.68,7.81,7.66,7.78,2239333.0,17343274.0,0.736623,14.539863,2.361245
2012-03-05,7.8,8.0,7.77,7.87,3569474.0,28189516.0,1.174169,14.708062,2.38856
2012-03-06,7.83,7.94,7.77,7.78,2515880.0,19670893.0,0.827592,14.539863,2.361245
2012-03-07,7.77,7.96,7.63,7.95,4786272.0,37485198.0,1.574432,14.857572,2.41284
2012-03-08,8.16,8.75,8.16,8.67,17556732.0,150693431.0,5.775241,16.203163,2.631361
2012-03-09,8.72,9.48,8.58,9.14,22227756.0,199990690.0,7.311762,17.081536,2.774007
2012-03-12,9.0,9.28,8.95,9.23,9053323.0,82765494.0,2.978067,17.249735,2.801322
2012-03-13,9.23,9.23,8.99,9.07,9149826.0,83045679.0,3.009811,16.950714,2.752762
2012-03-14,9.07,9.46,8.71,8.91,13970770.0,128548238.0,4.595648,16.651694,2.704202
2012-03-15,8.92,9.19,8.77,9.03,7697639.0,69367980.0,2.532118,16.875959,2.740622
2012-03-16,9.0,9.3,8.96,9.28,6331063.0,57690753.0,2.082587,17.343178,2.816498
2012-03-19,9.26,9.68,9.18,9.64,9498916.0,89652108.0,3.124643,18.015974,2.925758
2012-03-20,9.61,9.82,9.27,9.34,7146787.0,67955037.0,2.350917,17.455311,2.834708
2012-03-21,9.44,9.55,9.06,9.35,5268246.0,48869740.0,1.732976,17.474,2.837743
2012-03-22,9.34,9.69,9.25,9.55,5875486.0,55836262.0,1.932726,17.847775,2.898443
2012-03-23,9.55,9.7,9.11,9.21,4842703.0,45361905.0,1.592994,17.212357,2.795252
2012-03-26,9.2,9.27,8.48,8.75,9375283.0,82717304.0,3.083975,16.352674,2.655642
2012-03-27,8.75,9.06,8.71,8.85,6104611.0,54168425.0,2.008096,16.539561,2.685992
2012-03-28,9.03,9.03,8.55,8.59,6192005.0,54256334.0,2.036844,17.061483,2.349544
2012-03-29,8.59,8.87,8.5,8.71,4235020.0,36962323.0,1.393099,17.299827,2.382366
2012-03-30,8.86,8.99,8.62,8.91,3465295.0,30458344.0,1.1399,17.697068,2.437071
2012-04-05,8.88,9.61,8.87,9.43,6725481.0,62943505.0,2.212329,18.729893,2.579301
2012-04-06,9.33,9.58,9.29,9.4,4756581.0,44731016.0,1.564665,18.670307,2.571096
2012-04-09,9.4,9.6,9.2,9.44,4349706.0,41057531.0,1.430824,18.749755,2.582037
2012-04-10,9.35,9.49,8.98,9.44,4260067.0,39327906.0,1.401338,18.749755,2.582037
2012-04-11,9.29,9.42,9.17,9.3,3355993.0,31192073.0,1.103945,18.471687,2.543744
2012-04-12,9.32,9.42,9.23,9.41,4829328.0,45012813.0,1.588595,18.690169,2.573831
2012-04-13,9.41,9.59,9.24,9.57,6320159.0,59783040.0,2.079,19.007962,2.617594
2012-04-16,9.48,9.96,9.46,9.82,6430596.0,63053106.0,2.115328,19.504512,2.685974
2012-04-17,9.82,9.82,9.82,9.82,0.0,0.0,,19.504512,2.685974
2012-04-18,9.72,9.9,9.56,9.79,4845695.0,47307410.0,1.593979,19.444926,2.677769
2012-04-19,9.81,9.81,9.41,9.45,4275610.0,41262999.0,1.406451,18.769617,2.584772
2012-04-20,9.45,9.61,9.36,9.45,4195903.0,39707686.0,1.380231,18.769617,2.584772
2012-04-23,9.44,9.54,9.21,9.31,3467973.0,32559220.0,1.140781,18.491549,2.546479
2012-04-24,9.28,9.47,9.0,9.23,3421954.0,31485144.0,1.125643,18.332653,2.524597
2012-04-25,9.23,9.23,9.23,9.23,0.0,0.0,,18.332653,2.524597
2012-04-26,9.23,9.23,9.23,9.23,0.0,0.0,,18.332653,2.524597
2012-04-27,9.23,9.23,9.23,9.23,0.0,0.0,,18.837815,2.465869
2012-05-02,9.23,9.23,9.23,9.23,0.0,0.0,,18.837815,2.465869
2012-05-03,10.01,10.01,9.41,9.64,9220170.0,89289238.0,3.032951,19.674597,2.575404
2012-05-04,9.68,9.7,9.45,9.49,4270792.0,40722218.0,1.404866,19.368457,2.53533
2012-05-07,9.47,10.44,9.42,10.44,18092855.0,183829509.0,5.951597,21.307344,2.78913
2012-05-08,10.58,10.67,10.27,10.55,15882733.0,166564406.0,5.224583,21.531847,2.818517
2012-05-09,10.56,10.57,10.23,10.3,7648752.0,79150786.0,2.516037,21.021613,2.751728
2012-05-10,10.31,10.48,10.16,10.4,6268878.0,64705597.0,2.062131,21.225707,2.778444
2012-05-11,10.4,10.4,9.97,10.07,7877102.0,79648120.0,2.591152,20.552199,2.690282
2012-05-14,10.14,10.16,9.88,10.01,5898837.0,59079665.0,1.940407,20.429743,2.674252
2012-05-15,5.45,5.69,5.36,5.54,6145356.0,34277872.0,1.123055,20.352187,2.6641
2012-05-16,5.53,5.53,5.26,5.28,9014899.0,48004221.0,1.64746,19.39703,2.53907
2012-05-17,5.21,5.36,5.06,5.27,8834916.0,46314484.0,1.614568,19.360293,2.534261
2012-05-18,5.11,5.26,5.11,5.16,4975904.0,25748732.0,0.909339,18.956189,2.481364
2012-05-21,5.18,5.35,5.18,5.28,7266221.0,38450287.0,1.327891,19.39703,2.53907
2012-05-22,5.32,5.35,5.26,5.3,5256323.0,27829956.0,0.960585,19.470504,2.548688
2012-05-23,5.3,5.3,5.15,5.24,6084803.0,31670439.0,1.111989,19.250083,2.519835
2012-05-24,5.24,5.35,5.15,5.24,4939663.0,26055006.0,0.902716,19.250083,2.519835
2012-05-25,5.26,5.33,5.2,5.3,7041699.0,37209815.0,1.28686,19.470504,2.548688
2012-05-28,5.3,5.63,5.2,5.56,16067586.0,87677814.0,2.936328,20.425661,2.673718
2012-05-29,5.5,5.67,5.47,5.56,15504412.0,86736179.0,2.833409,20.425661,2.673718
2012-05-30,5.55,5.64,5.48,5.59,9487732.0,52639196.0,1.733869,20.535871,2.688144
2012-05-31,5.55,5.62,5.51,5.56,8156049.0,45534403.0,1.490506,20.425661,2.673718
2012-06-01,5.46,5.61,5.46,5.53,6384148.0,35305088.0,1.166694,20.31545,2.659291
2012-06-04,5.43,5.51,5.23,5.24,6580674.0,35384211.0,1.202609,19.250083,2.519835
2012-06-05,5.4,5.6,5.31,5.33,11418290.0,62154236.0,2.086676,19.580714,2.563114
2012-06-06,5.28,5.32,5.2,5.26,6333156.0,33228183.0,1.157375,19.323557,2.529452
2012-06-07,5.34,5.35,5.15,5.16,5040000.0,26479049.0,0.921053,18.956189,2.481364
2012-06-08,5.25,5.26,5.11,5.12,4509683.0,23273810.0,0.824138,18.809241,2.462129
2012-06-11,5.11,5.17,5.05,5.14,4773979.0,24445652.0,0.872438,18.882715,2.471746
2012-06-12,5.14,5.23,5.1,5.14,4138648.0,21360090.0,0.756332,18.882715,2.471746
2012-06-13,5.15,5.19,5.1,5.18,6386461.0,32810795.0,1.167116,19.029662,2.490982
2012-06-14,5.15,5.16,4.84,4.94,19504116.0,97375400.0,3.564349,18.147979,2.375569
2012-06-15,4.92,4.98,4.89,4.94,5874175.0,28965817.0,1.073497,18.147979,2.375569
2012-06-18,4.95,4.99,4.92,4.94,4004448.0,19848444.0,0.731807,18.147979,2.375569
2012-06-19,4.95,4.97,4.91,4.93,4434613.0,21878008.0,0.810419,18.111242,2.370761
2012-06-20,4.96,4.96,4.85,4.86,3427486.0,16745128.0,0.626368,17.854085,2.337099
2012-06-21,4.85,4.86,4.7,4.73,4937755.0,23434238.0,0.902368,17.376506,2.274584
2012-06-25,4.72,4.83,4.66,4.74,5014742.0,23849875.0,0.916437,17.413243,2.279392
2012-06-26,4.74,4.86,4.71,4.86,4467966.0,21441946.0,0.816514,17.854085,2.337099
2012-06-27,4.86,4.96,4.81,4.88,3767151.0,18481751.0,0.688441,17.927558,2.346716
2012-06-28,4.84,4.94,4.8,4.81,2738482.0,13320595.0,0.500454,17.670401,2.313054
2012-06-29,4.87,4.95,4.83,4.91,3197753.0,15655311.0,0.584385,18.037769,2.361143
2012-07-02,4.88,4.92,4.83,4.89,3627308.0,17621065.0,0.662885,34.356058,4.497206
2012-07-03,4.9,4.9,4.8,4.85,2668888.0,12928622.0,0.487735,34.075027,4.460419
2012-07-04,4.9,4.9,4.81,4.83,2033214.0,9849826.0,0.371567,33.934511,4.442025
2012-07-05,4.78,4.83,4.6,4.63,3415926.0,16087920.0,0.624255,32.529355,4.258091
2012-07-06,4.7,4.72,4.49,4.66,4264680.0,19549743.0,0.779364,32.740129,4.285681
2012-07-09,4.62,4.63,4.51,4.51,2573319.0,11748908.0,0.47027,31.686262,4.14773
2012-07-10,4.51,4.52,4.33,4.36,4035650.0,17723285.0,0.737509,30.632395,4.009779
2012-07-11,4.36,4.4,4.28,4.33,3682827.0,15921188.0,0.673031,30.421622,3.982188
2012-07-12,4.32,4.47,4.07,4.46,11814430.0,50221387.0,2.15907,31.334973,4.101746
2012-07-13,4.37,4.46,4.33,4.4,4799376.0,21136527.0,0.877079,30.913426,4.046566
2012-07-16,4.44,4.44,4.23,4.24,3300884.0,14127442.0,0.603232,29.789302,3.899418
2012-07-17,4.21,4.34,4.18,4.28,2129247.0,9112015.0,0.389117,30.070333,3.936205
2012-07-18,4.27,4.32,4.19,4.3,1942697.0,8253721.0,0.355025,30.210848,3.954598
2012-07-19,4.3,4.39,4.29,4.35,3882832.0,16877113.0,0.709582,30.562137,4.000582
2012-07-20,4.35,4.37,4.18,4.29,3492121.0,14917966.0,0.63818,30.140591,3.945401
2012-07-23,4.25,4.28,4.21,4.25,2874134.0,12176590.0,0.525244,29.859559,3.908615
2012-07-24,4.25,4.45,4.21,4.33,5125024.0,22178552.0,0.936591,30.421622,3.982188
2012-07-25,4.32,4.38,4.27,4.29,3667554.0,15799103.0,0.67024,30.140591,3.945401
2012-07-26,4.3,4.36,4.27,4.27,3441976.0,14868801.0,0.629016,30.000075,3.927008
2012-07-27,4.28,4.32,4.21,4.23,1642093.0,6978170.0,0.30009,29.719044,3.890221
2012-07-30,4.25,4.26,4.14,4.15,1921804.0,8026491.0,0.351207,29.156982,3.816647
2012-07-31,4.14,4.18,4.04,4.05,3000262.0,12344742.0,0.548293,28.454404,3.72468
2012-08-01,4.46,4.46,4.46,4.46,2923134.0,13037178.0,0.534198,31.334973,4.101746
2012-08-02,4.91,4.91,4.65,4.91,32855279.0,158966217.0,6.004254,34.496573,4.515599
2012-08-03,5.0,5.4,4.82,5.4,47615149.0,248060963.0,8.701599,37.939205,4.96624
2012-08-06,5.45,5.94,5.45,5.94,63504546.0,374160623.0,11.605363,41.733125,5.462864
2012-08-07,6.0,6.48,5.99,6.29,98867354.0,612435415.0,18.067864,44.192148,5.784749
2012-08-08,6.31,6.32,6.01,6.12,64201439.0,392515114.0,11.732719,42.997766,5.628405
2012-08-09,6.15,6.19,5.91,6.07,51939411.0,313136011.0,9.491851,42.646477,5.582421
2012-08-10,6.01,6.18,5.92,5.93,44818728.0,270228484.0,8.190557,41.662868,5.453667
2012-08-13,5.93,6.04,5.84,5.94,40453521.0,240242078.0,7.392822,41.733125,5.462864
2012-08-14,5.88,5.9,5.35,5.61,54976414.0,308964252.0,10.046859,36.928859,5.159371
2012-08-15,5.51,5.73,5.44,5.62,29734782.0,167062648.0,5.433988,36.994686,5.168568
2012-08-16,5.59,5.67,5.5,5.55,18966459.0,105750520.0,3.466093,36.533898,5.104191
2012-08-17,5.44,5.67,5.4,5.64,22551715.0,125411274.0,4.121293,37.12634,5.186961
2012-08-20,5.58,5.76,5.53,5.74,28947355.0,164220841.0,5.290087,37.784608,5.278929
2012-08-21,5.72,6.04,5.66,5.69,54757724.0,321127587.0,10.006894,37.455476,1.923736
2012-08-22,5.51,5.55,5.36,5.41,38513521.0,209544285.0,7.03829,35.612325,1.82907
2012-08-23,5.38,5.48,5.31,5.41,19364531.0,104623458.0,3.53884,35.612325,1.82907
2012-08-24,5.39,5.39,5.12,5.13,23876509.0,124614147.0,4.363397,33.769173,1.734405
2012-08-27,5.04,5.24,5.04,5.12,12000239.0,61759587.0,2.193026,33.703346,1.731024
2012-08-28,5.12,5.22,5.11,5.13,12481643.0,64506774.0,2.281002,33.769173,1.734405
2012-08-29,5.14,5.35,5.14,5.23,20822615.0,109310178.0,3.805302,34.427441,1.768214
2012-08-30,5.16,5.23,5.0,5.11,16022609.0,81677342.0,2.928108,33.637519,1.727643
2012-08-31,5.07,5.11,4.91,5.07,16872433.0,84558081.0,3.083412,33.374212,1.714119
2012-09-03,5.01,5.16,4.98,5.15,15963378.0,81255015.0,2.917284,33.900827,1.741167
2012-09-04,5.17,5.17,4.97,4.99,12574291.0,63626539.0,2.297933,32.847597,1.687072
2012-09-05,4.96,5.12,4.94,5.05,10699758.0,54021436.0,1.955365,33.242558,1.707358
2012-09-06,5.06,5.15,5.02,5.13,12079115.0,61423444.0,2.207441,33.769173,1.734405
2012-09-07,5.29,5.6,5.22,5.48,40331992.0,217800992.0,7.370613,36.073113,1.852737
2012-09-10,5.4,6.03,5.38,5.99,66986024.0,389281421.0,12.241598,39.430282,2.025163
2012-09-11,5.81,5.85,5.66,5.73,31695672.0,182192354.0,5.792338,37.718784,1.937259
2012-09-12,5.77,5.84,5.61,5.74,23470067.0,134111452.0,4.28912,37.784611,1.94064
2012-09-13,5.75,5.78,5.51,5.52,18860469.0,105795492.0,3.446723,36.33642,1.86626
2012-09-14,5.65,5.66,5.45,5.56,15661583.0,87182301.0,2.862131,36.599727,1.879784
2012-09-17,5.55,5.55,5.23,5.25,15543314.0,83576273.0,2.840518,34.559095,1.774976
2012-09-18,5.17,5.29,5.17,5.22,8097277.0,42398140.0,1.479766,34.361615,1.764833
2012-09-19,5.26,5.29,5.2,5.28,8580817.0,45043232.0,1.568132,34.756576,1.785118
2012-09-20,5.28,5.28,5.06,5.09,7975818.0,41146970.0,1.457569,33.505866,1.720881
2012-09-21,5.08,5.18,5.04,5.12,7278869.0,37351724.0,1.330203,33.703346,1.731024
2012-09-24,5.12,5.49,5.0,5.4,21075934.0,112272278.0,3.851596,35.546498,1.825689
2012-09-25,5.39,5.74,5.31,5.44,37217848.0,207568395.0,6.801507,35.809805,1.839213
2012-09-26,5.31,5.4,5.18,5.21,15992101.0,84032816.0,2.922533,34.295788,1.761452
2012-09-27,5.14,5.44,5.14,5.34,17278109.0,91771601.0,3.157549,35.151537,1.805404
2012-09-28,5.28,5.45,5.24,5.42,13903576.0,74743420.0,2.540858,35.678152,1.832451
2012-10-08,5.41,5.5,5.29,5.32,10666010.0,57211719.0,1.949198,35.019883,1.798642
2012-10-09,5.32,5.54,5.3,5.52,16454596.0,89962273.0,3.007053,36.33642,1.86626
2012-10-10,5.53,5.57,5.42,5.52,14303980.0,78702766.0,2.614031,36.33642,1.86626
2012-10-11,5.53,5.66,5.47,5.51,16836797.0,93532769.0,3.0769,36.270593,1.862879
2012-10-12,5.57,5.57,5.32,5.38,13386809.0,72615328.0,2.44642,35.414844,1.818928
2012-10-15,5.33,5.38,5.28,5.34,8742279.0,46541892.0,1.597639,35.151537,1.805404
2012-10-16,5.35,5.41,5.25,5.35,7279927.0,38925904.0,1.330396,35.217364,1.808785
2012-10-17,5.35,5.39,5.22,5.3,7991106.0,42224735.0,1.460363,34.888229,1.79188
2012-10-18,5.32,5.45,5.28,5.43,11950484.0,64517779.0,2.183933,35.743978,1.835832
2012-10-19,5.44,5.5,5.4,5.43,7796102.0,42380720.0,1.424726,35.743978,1.835832
2012-10-22,5.4,5.44,5.3,5.41,5739618.0,30913398.0,1.048907,35.612325,1.82907
2012-10-23,5.41,5.53,5.4,5.42,12806869.0,70001284.0,2.340437,35.678152,1.832451
2012-10-24,5.37,5.51,5.34,5.5,10346674.0,56410292.0,1.89084,36.204766,1.859498
2012-10-25,5.51,5.53,5.3,5.33,12188138.0,65852949.0,2.227364,35.08571,1.802023
2012-10-26,5.32,5.35,5.1,5.13,12952072.0,67086386.0,2.366972,33.769173,1.734405
2012-10-29,5.15,5.2,5.09,5.15,5985399.0,30772756.0,1.093823,33.900827,1.741167
2012-10-30,5.14,5.28,5.14,5.23,7227746.0,37756622.0,1.32086,34.427441,1.768214
2012-10-31,5.37,5.64,5.3,5.55,33918394.0,185599882.0,6.198537,26.529005,1.684286
2012-11-01,5.57,5.68,5.46,5.61,31868696.0,178016810.0,5.823958,26.815805,1.702495
2012-11-02,5.59,5.65,5.49,5.59,18593095.0,103582956.0,3.397861,26.720205,1.696425
2012-11-05,5.6,5.62,5.52,5.57,10869464.0,60497232.0,1.986379,26.624605,1.690356
2012-11-06,5.57,5.98,5.36,5.9,36331463.0,206467926.0,6.639522,28.202005,1.790503
2012-11-07,5.83,5.91,5.71,5.73,21704464.0,125719283.0,3.966459,27.389405,1.738912
2012-11-08,5.6,5.9,5.56,5.65,27260934.0,157289995.0,4.981896,27.007005,1.714634
2012-11-09,5.62,6.02,5.61,5.94,37775459.0,222827231.0,6.90341,28.393206,1.802642
2012-11-12,5.96,6.15,5.85,6.1,32599876.0,196627812.0,5.95758,29.158006,1.851198
2012-11-13,6.07,6.08,5.77,5.8,22905586.0,134883701.0,4.185962,27.724005,1.760155
2012-11-14,5.81,5.9,5.65,5.86,16849630.0,97627873.0,3.079245,28.010805,1.778364
2012-11-15,5.79,5.95,5.68,5.78,17030317.0,99013802.0,3.112266,27.628405,1.754086
2012-11-16,5.7,5.86,5.65,5.78,15010006.0,86388624.0,2.743057,27.628405,1.754086
2012-11-19,5.8,5.94,5.72,5.88,13248719.0,77120288.0,2.421184,28.106405,1.784433
2012-11-20,5.89,5.93,5.69,5.73,12178101.0,70510713.0,2.22553,27.389405,1.738912
2012-11-21,5.87,6.1,5.82,5.94,37635614.0,223994373.0,6.877853,28.393206,1.802642
2012-11-22,5.85,5.9,5.75,5.78,17676100.0,102493582.0,3.230281,27.628405,1.754086
2012-11-23,5.77,5.85,5.72,5.75,10848825.0,62670577.0,1.982607,27.485005,1.744981
2012-11-26,5.7,5.73,5.5,5.52,16438191.0,91842672.0,3.004055,26.385605,1.675182
2012-11-27,5.49,5.55,5.33,5.35,11994038.0,64981436.0,2.191893,25.573005,1.623591
2012-11-28,5.3,5.39,5.21,5.38,9487499.0,50281096.0,1.733827,25.716405,1.632696
2012-11-29,5.38,5.38,5.38,5.38,0.0,0.0,,25.716405,1.632696
2012-11-30,5.38,5.38,5.38,5.38,0.0,0.0,,25.716405,1.632696
2012-12-03,5.38,5.38,5.38,5.38,0.0,0.0,,25.716405,1.632696
2012-12-04,5.25,5.25,4.86,5.14,16437388.0,83641761.0,3.003909,24.569205,1.559862
2012-12-05,5.1,5.64,5.03,5.48,21685292.0,117851546.0,3.962955,26.194405,1.663043
2012-12-06,5.47,5.59,5.42,5.52,15160829.0,83472146.0,2.770619,26.385605,1.675182
2012-12-07,5.52,5.89,5.5,5.78,28225352.0,161683829.0,5.158142,27.628405,1.754086
2012-12-10,5.85,6.32,5.72,6.09,43117024.0,257605137.0,7.879573,29.110206,1.848163
2012-12-11,6.29,6.69,6.07,6.09,79361461.0,504860704.0,14.503191,29.110206,1.848163
2012-12-12,6.2,6.5,6.12,6.49,60557493.0,381084262.0,11.066793,31.022206,1.969553
2012-12-13,6.42,6.43,6.18,6.2,38928050.0,244277918.0,7.114044,29.636006,1.881545
2012-12-14,6.23,6.76,6.1,6.51,64601616.0,418015344.0,11.805851,31.117806,1.975622
2012-12-17,6.61,6.66,6.41,6.53,42169815.0,275650300.0,7.706472,31.213406,1.981692
2012-12-18,6.51,6.52,6.24,6.34,35553145.0,226753310.0,6.497285,30.305206,1.924032
2012-12-19,6.3,6.45,6.24,6.31,20132090.0,127768539.0,3.67911,30.161806,1.914927
2012-12-20,6.28,6.39,6.23,6.34,20322384.0,128335283.0,3.713886,30.305206,1.924032
2012-12-21,6.34,6.65,6.3,6.43,40132327.0,259722811.0,7.334124,30.735406,1.951344
2012-12-24,6.38,6.38,6.22,6.28,25466088.0,160083384.0,4.65389,30.018406,1.905823
2012-12-25,6.24,6.43,6.17,6.36,32593912.0,206947624.0,5.95649,30.400806,1.930101
2012-12-26,6.35,6.52,6.31,6.45,28408976.0,182489962.0,5.191699,30.831006,1.957414
2012-12-27,6.47,6.75,6.47,6.58,48298805.0,320565203.0,8.826536,31.452406,1.996866
2012-12-28,6.58,6.64,6.38,6.55,27790231.0,180038979.0,5.078624,31.309006,1.987761
2012-12-31,6.56,6.58,6.41,6.47,21491305.0,139310692.0,3.927505,30.926606,1.963483
2013-01-04,6.53,6.55,6.39,6.43,18818269.0,121499695.0,3.439011,30.735406,1.951344
2013-01-07,6.39,6.58,6.31,6.54,27346445.0,175914928.0,4.997523,31.261206,1.984727
2013-01-08,6.52,6.92,6.49,6.81,47998395.0,323731899.0,8.771637,32.551806,2.066665
2013-01-09,6.8,6.8,6.58,6.63,25888822.0,172599807.0,4.731144,31.691406,2.012039
2013-01-10,6.63,6.83,6.51,6.63,27997770.0,187222455.0,5.116552,31.691406,2.012039
2013-01-11,6.6,6.64,6.27,6.31,27932116.0,179785901.0,5.104553,30.161806,1.914927
2013-01-14,6.27,6.55,6.24,6.5,25279154.0,162133786.0,4.619728,31.070006,1.972588
2013-01-15,6.53,6.64,6.43,6.56,24636137.0,160857178.0,4.502218,31.356806,1.990796
2013-01-16,6.52,6.55,6.32,6.45,21511577.0,138354777.0,3.931209,30.831006,1.957414
2013-01-17,6.44,6.68,6.38,6.67,26664885.0,174513701.0,4.872969,31.882606,2.024178
2013-01-18,6.75,6.86,6.65,6.71,31307095.0,211077578.0,5.721326,32.073806,2.036317
2013-01-21,6.72,7.35,6.62,7.15,51401924.0,361934370.0,9.393626,34.177007,2.169846
2013-01-22,7.1,7.28,6.99,7.09,33384596.0,237822799.0,6.100986,33.890207,2.151638
2013-01-23,7.1,7.24,6.92,7.14,24656028.0,174414799.0,4.505853,34.129207,2.166812
2013-01-24,7.14,7.17,6.72,6.8,28494135.0,197659881.0,5.207262,32.504006,2.06363
2013-01-25,6.75,6.91,6.7,6.77,12343706.0,84064187.0,2.255794,32.360606,2.054526
2013-01-28,6.77,6.98,6.73,6.97,15731018.0,108483299.0,2.874821,33.316606,2.115221
2013-01-29,6.99,7.16,6.92,7.15,20292868.0,143651900.0,3.708492,34.177007,2.169846
2013-01-30,7.15,7.49,7.12,7.31,30395276.0,222615983.0,5.554692,34.941807,2.218402
2013-01-31,7.3,7.5,7.06,7.43,32910018.0,239168175.0,6.014258,35.515407,2.254819
2013-02-01,7.35,7.47,7.26,7.37,20903564.0,153878236.0,3.820096,35.228607,2.236611
2013-02-04,7.4,7.58,7.22,7.4,24935937.0,184552503.0,4.557006,35.372007,2.245715
2013-02-05,7.35,8.07,7.26,7.96,42137865.0,323758004.0,7.700633,38.048807,2.415661
2013-02-06,7.88,8.19,7.7,8.05,29986592.0,240122069.0,5.480006,38.479007,2.442974
2013-02-07,8.09,8.12,7.81,7.97,17803496.0,142121960.0,3.253563,38.096607,2.418696
2013-02-08,8.01,8.5,8.01,8.39,27615517.0,229289607.0,5.046695,40.104208,2.546155
2013-02-18,8.43,8.57,8.3,8.46,22025691.0,185197143.0,4.025163,40.438808,2.567399
2013-02-19,8.45,8.46,7.88,7.97,27597414.0,223704947.0,5.043387,38.096607,2.418696
2013-02-20,8.0,8.08,7.7,8.05,23716382.0,186940108.0,4.334134,38.479007,2.442974
2013-02-21,7.93,7.93,7.62,7.67,22202597.0,172941786.0,4.057492,36.662607,2.327653
2013-02-22,7.65,7.85,7.64,7.72,14926794.0,115681883.0,2.72785,36.901607,2.342827
2013-02-25,7.77,7.88,7.7,7.85,14581257.0,113959574.0,2.664703,37.523007,2.382279
2013-02-26,7.78,7.84,7.41,7.48,16953168.0,129973725.0,3.098167,35.754407,2.269993
2013-02-27,7.48,7.62,7.42,7.52,11943832.0,89841558.0,2.182718,35.945607,2.282132
2013-02-28,7.55,7.85,7.52,7.85,17147710.0,132597509.0,3.133719,37.523007,2.382279
2013-03-01,7.87,7.91,7.73,7.88,15015803.0,117250210.0,2.744116,37.666407,2.391383
2013-03-04,7.84,7.84,7.25,7.4,22386230.0,167875874.0,4.091051,35.372007,2.245715
2013-03-05,7.38,7.58,7.3,7.56,10864012.0,81250797.0,1.985382,36.136807,2.294271
2013-03-06,7.6,7.75,7.52,7.7,13391337.0,102604698.0,2.447247,36.806007,2.336758
2013-03-07,7.69,7.77,7.55,7.62,11366267.0,86849531.0,2.077169,36.423607,2.31248
2013-03-08,7.62,7.62,7.37,7.42,10943989.0,81623237.0,1.999998,35.467607,2.251785
2013-03-11,7.38,7.52,7.3,7.48,6328048.0,46926233.0,1.156442,35.754407,2.269993
2013-03-12,7.42,7.52,7.12,7.23,9962925.0,72524802.0,1.82071,34.559407,2.194124
2013-03-13,7.21,7.24,7.04,7.12,8246817.0,58695252.0,1.507094,34.033607,2.160742
2013-03-14,7.12,7.23,7.08,7.17,6210296.0,44569767.0,1.134923,34.272607,2.175916
2013-03-15,7.17,7.27,6.9,7.06,11834045.0,83962861.0,2.162654,33.746807,2.142534
2013-03-18,7.0,7.06,6.88,6.89,7428052.0,51664024.0,1.357466,32.934206,2.090943
2013-03-19,6.9,7.06,6.88,7.01,6556162.0,45763628.0,1.198129,33.507806,2.12736
2013-03-20,7.02,7.25,7.0,7.23,10030010.0,71924064.0,1.83297,34.559407,2.194124
2013-03-21,7.25,7.32,7.17,7.24,9302430.0,67471640.0,1.700005,34.607207,2.197159
2013-03-22,7.25,7.49,7.2,7.44,14183382.0,104554328.0,2.591992,35.563207,2.257854
2013-03-25,7.42,7.46,7.3,7.36,8110708.0,59755172.0,1.48222,35.180807,2.233576
2013-03-26,7.31,7.32,7.12,7.18,8347383.0,59999072.0,1.525472,34.320407,2.178951
2013-03-27,7.2,7.29,7.14,7.28,7685195.0,55492920.0,1.404458,34.798407,2.209298
2013-03-28,7.26,7.26,6.9,7.03,12128021.0,85075880.0,2.216378,10.897689,1.914873
2013-03-29,6.98,7.03,6.84,6.92,9576423.0,66153732.0,1.750077,10.727171,1.88491
2013-04-01,6.89,7.09,6.77,6.99,9388287.0,65401472.0,1.715696,10.835683,1.903977
2013-04-02,6.98,7.09,6.88,6.93,7211703.0,50176512.0,1.317928,10.742673,1.887634
2013-04-03,6.86,6.98,6.78,6.89,5436538.0,37273808.0,0.993519,10.680666,1.876739
2013-04-08,6.77,6.85,6.66,6.83,5755034.0,38807492.0,1.051724,10.587656,1.860395
2013-04-09,6.8,6.98,6.8,6.93,6412153.0,44378916.0,1.171812,10.742673,1.887634
2013-04-10,6.98,7.05,6.9,6.98,8240062.0,57479904.0,1.505859,10.820181,1.901253
2013-04-11,7.01,7.05,6.89,6.91,6174214.0,43135416.0,1.128329,10.711669,1.882186
2013-04-12,6.88,6.88,6.72,6.74,4571912.0,31091544.0,0.83551,10.44814,1.835881
2013-04-15,6.7,6.79,6.67,6.74,4358090.0,29336286.0,0.796435,10.44814,1.835881
2013-04-16,6.68,6.89,6.57,6.88,6617863.0,44660612.0,1.209405,10.665164,1.874015
2013-04-17,6.86,6.95,6.81,6.9,4663445.0,32072310.0,0.852238,10.696167,1.879462
2013-04-18,6.8,6.94,6.8,6.89,4869323.0,33533862.0,0.889862,10.680666,1.876739
2013-04-19,6.89,7.04,6.86,7.02,9107625.0,63643172.0,1.664405,10.882188,1.912149
2013-04-22,7.72,7.72,7.72,7.72,10115427.0,78091096.0,1.848579,11.967306,2.102819
2013-04-23,8.17,8.34,7.81,7.93,114416129.0,920838784.0,20.90938,12.292842,2.16002
2013-04-24,7.86,7.86,7.41,7.64,46116546.0,349001856.0,8.427731,11.843293,2.081028
2013-04-25,7.61,7.63,7.21,7.23,30350244.0,224972432.0,5.546463,11.207723,1.96935
2013-04-26,7.15,7.34,7.06,7.08,22301630.0,160040464.0,4.07559,12.013042,1.944137
2013-05-02,7.01,7.01,6.72,6.83,16038167.0,109673920.0,2.930952,11.588852,1.875488
2013-05-03,6.83,6.96,6.83,6.95,17047666.0,117778944.0,3.115436,11.792463,1.908439
2013-05-06,6.95,7.0,6.83,6.97,14170837.0,97901440.0,2.5897,11.826398,1.913931
2013-05-07,6.93,6.96,6.82,6.87,14547132.0,99970120.0,2.658467,11.656723,1.886472
2013-05-08,6.87,6.95,6.82,6.89,11576791.0,79691520.0,2.115642,11.690658,1.891964
2013-05-09,6.89,6.89,6.62,6.74,16494561.0,111377112.0,3.014357,11.436144,1.850774
2013-05-10,6.69,6.83,6.69,6.82,11169065.0,75612184.0,2.04113,11.571885,1.872742
2013-05-13,6.84,6.92,6.75,6.89,10503411.0,71874512.0,1.919483,11.690658,1.891964
2013-05-14,6.9,6.9,6.72,6.82,8183557.0,55454376.0,1.495533,11.571885,1.872742
2013-05-15,6.83,6.84,6.69,6.74,7498641.0,50548168.0,1.370366,11.436144,1.850774
2013-05-16,6.73,6.78,6.61,6.74,11506613.0,76960256.0,2.102817,11.436144,1.850774
2013-05-17,6.74,7.07,6.73,7.06,27309927.0,189067040.0,4.990849,11.979106,1.938645
2013-05-20,7.03,7.14,7.0,7.06,18630254.0,131713952.0,3.404652,11.979106,1.938645
2013-05-21,7.07,7.15,6.92,7.02,13771021.0,96287328.0,2.516634,11.911236,1.927661
2013-05-22,7.05,7.14,6.95,7.06,14104395.0,99354808.0,2.577558,11.979106,1.938645
2013-05-23,7.04,7.04,6.81,6.82,14542265.0,100551528.0,2.657578,11.571885,1.872742
2013-05-24,6.82,6.88,6.73,6.81,9995448.0,67803336.0,1.826654,11.554917,1.869996
2013-05-27,6.8,6.8,6.72,6.77,9865129.0,66611152.0,1.802838,11.487047,1.859012
2013-05-28,6.77,6.98,6.75,6.96,13219995.0,90870776.0,2.415935,11.809431,1.911185
2013-05-29,6.94,7.09,6.94,6.99,17337414.0,122023296.0,3.168387,11.860333,1.919423
2013-05-30,6.98,6.98,6.87,6.9,7599013.0,52561504.0,1.388709,11.707625,1.89471
2013-05-31,6.92,7.05,6.92,6.98,11836905.0,82778576.0,2.163177,11.843366,1.916677
2013-06-03,6.99,7.08,6.95,6.98,10172977.0,71385392.0,1.859097,11.843366,1.916677
2013-06-04,6.94,6.96,6.75,6.76,10548586.0,71940632.0,1.927739,11.470079,1.856266
2013-06-05,6.82,7.02,6.8,6.89,10278585.0,71211120.0,1.878396,11.690658,1.891964
2013-06-06,6.85,6.88,6.75,6.76,6184687.0,41937192.0,1.130243,11.470079,1.856266
2013-06-07,6.78,6.84,6.54,6.6,6369805.0,42434588.0,1.164073,11.198598,1.812331
2013-06-13,6.55,6.55,6.15,6.25,8124147.0,50904548.0,1.484676,10.604733,1.716222
2013-06-14,6.25,6.48,6.21,6.4,8022427.0,50893800.0,1.466087,10.859247,1.757412
2013-06-17,6.4,6.41,6.2,6.25,5155447.0,32355008.0,0.94215,10.604733,1.716222
2013-06-18,6.16,6.23,6.11,6.18,2627581.0,16205849.0,0.480187,10.48596,1.697001
2013-06-19,6.18,6.47,6.18,6.3,7709083.0,48813800.0,1.408824,10.689571,1.729952
2013-06-20,6.24,6.24,6.0,6.02,7027533.0,43007004.0,1.284271,10.214479,1.653065
2013-06-21,6.03,6.03,5.79,5.95,4694615.0,27788192.0,0.857934,10.095706,1.633844
2013-06-24,5.91,5.95,5.36,5.39,8697734.0,48624356.0,1.589498,9.145522,1.48007
2013-06-25,5.3,5.44,4.85,5.39,9283422.0,47791328.0,1.696532,9.145522,1.48007
2013-06-26,5.45,5.46,5.28,5.37,5504789.0,29541810.0,1.005992,9.111587,1.474578
2013-06-27,5.37,5.45,5.12,5.16,6573783.0,34962872.0,1.201349,8.755268,1.416913
2013-06-28,5.07,5.28,5.05,5.19,4962262.0,25789572.0,0.906846,8.80617,1.425151
2013-07-01,5.18,5.33,5.14,5.32,5683270.0,29950560.0,1.038609,9.026749,1.460849
2013-07-02,5.43,5.49,5.37,5.46,8585973.0,46666608.0,1.569074,9.264295,1.499292
2013-07-03,5.37,5.43,5.24,5.34,5357580.0,28584072.0,0.97909,9.060684,1.46634
2013-07-04,5.3,5.44,5.23,5.37,5276483.0,28203206.0,0.96427,9.111587,1.474578
2013-07-05,5.39,5.45,5.36,5.37,4980432.0,26952228.0,0.910167,9.111587,1.474578
2013-07-08,5.32,5.32,5.09,5.1,5509839.0,28438772.0,1.006915,8.653462,1.400438
2013-07-09,5.06,5.24,5.06,5.22,4475232.0,23123610.0,0.817842,8.857073,1.433389
2013-07-10,5.35,5.72,5.35,5.54,13216699.0,73207520.0,2.415332,9.400035,1.52126
2013-07-11,5.57,5.8,5.5,5.8,17293194.0,98946704.0,3.160306,9.841192,1.592654
2013-07-12,5.88,5.94,5.62,5.66,13897656.0,79914576.0,2.539776,9.603646,1.554211
2013-07-15,5.81,5.98,5.78,5.85,15867997.0,93257496.0,2.899853,9.92603,1.606384
2013-07-16,5.89,5.92,5.69,5.83,10098124.0,58276072.0,1.845417,9.892095,1.600892
2013-07-17,5.83,5.87,5.65,5.7,9088558.0,52047932.0,1.660921,9.671517,1.565195
2013-07-18,5.72,5.9,5.57,5.85,11928569.0,68802584.0,2.179929,9.92603,1.606384
2013-07-19,5.79,5.8,5.56,5.57,9092400.0,51699764.0,1.661623,9.450938,1.529497
2013-07-22,5.5,5.68,5.43,5.67,5144356.0,28634856.0,0.940124,9.620614,1.556957
2013-07-23,5.66,5.81,5.6,5.76,7711117.0,44224656.0,1.409195,9.773322,1.581671
2013-07-24,5.74,5.77,5.56,5.67,6716285.0,37888128.0,1.227391,9.620614,1.556957
2013-07-25,5.67,5.76,5.59,5.61,5876209.0,33429644.0,1.073869,9.518808,1.540481
2013-07-26,5.75,5.85,5.66,5.7,9650878.0,55435072.0,1.763684,9.671517,1.565195
2013-07-29,5.63,5.63,5.48,5.52,6043777.0,33398188.0,1.104491,9.3661,1.515768
2013-07-30,5.52,5.56,5.35,5.48,3640648.0,19923480.0,0.665323,9.29823,1.504784
2013-07-31,5.48,5.56,5.3,5.39,5211288.0,28397864.0,0.952355,9.145522,1.48007
2013-08-01,5.39,5.51,5.37,5.47,6019236.0,32856158.0,1.100007,9.281262,1.502038
2013-08-02,5.47,5.54,5.44,5.46,5270647.0,28867118.0,0.963203,9.264295,1.499292
2013-08-05,5.43,5.56,5.43,5.56,7546847.0,41732272.0,1.379175,9.433971,1.526751
2013-08-06,5.58,5.6,5.47,5.6,9569234.0,53061984.0,1.748764,9.501841,1.537735
2013-08-07,5.58,5.63,5.54,5.57,6939097.0,38760392.0,1.26811,9.450938,1.529497
2013-08-08,5.56,5.58,5.49,5.52,4331321.0,23914288.0,0.791543,9.3661,1.515768
2013-08-09,5.52,5.58,5.48,5.56,5761474.0,31943632.0,1.052901,9.433971,1.526751
2013-08-12,5.54,5.66,5.51,5.65,9081329.0,50873036.0,1.6596,9.586679,1.551465
2013-08-13,5.66,5.82,5.61,5.78,12928321.0,74203000.0,2.362632,9.807257,1.587163
2013-08-14,5.77,5.83,5.66,5.69,8580024.0,49068236.0,1.567987,9.654549,1.562449
2013-08-15,5.67,5.74,5.63,5.64,6224995.0,35418348.0,1.137609,9.569711,1.548719
2013-08-16,5.62,5.8,5.52,5.53,8985462.0,50546616.0,1.64208,9.383068,1.518514
2013-08-19,5.5,5.57,5.45,5.57,4735041.0,26122812.0,0.865322,9.450938,1.529497
2013-08-20,5.58,5.78,5.53,5.71,11769867.0,67014160.0,2.150926,9.688484,1.567941
2013-08-21,5.68,5.78,5.62,5.72,6137695.0,34969472.0,1.121655,9.705452,1.570687
2013-08-22,5.75,5.91,5.72,5.91,20282259.0,118332728.0,3.706553,10.027836,1.62286
2013-08-23,5.93,5.93,5.6,5.74,12337834.0,71279504.0,2.254721,9.739387,1.576179
2013-08-26,5.75,5.8,5.7,5.79,8753518.0,50395268.0,1.599693,9.824225,1.589908
2013-08-27,5.82,5.93,5.79,5.86,11224061.0,65769556.0,2.051181,9.942998,1.60913
2013-08-28,5.87,6.03,5.8,5.93,17707775.0,105225984.0,3.23607,10.061771,1.628352
2013-08-29,6.0,6.18,6.0,6.09,17307785.0,105361912.0,3.162972,10.333252,1.672287
2013-08-30,6.05,6.53,5.92,6.31,29713019.0,184231040.0,5.430011,10.706538,1.732698
2013-09-02,6.31,6.31,6.01,6.09,14922228.0,91180520.0,2.727015,9.289275,1.639741
2013-09-03,6.11,6.15,6.05,6.15,9556164.0,58273620.0,1.746375,9.380795,1.655896
2013-09-04,6.14,6.15,5.99,6.09,10487409.0,63566784.0,1.916559,9.289275,1.639741
2013-09-05,6.04,6.09,5.95,5.96,7771543.0,46816672.0,1.420238,9.090982,1.604738
2013-09-06,5.93,6.07,5.92,6.02,7883581.0,47435372.0,1.440713,9.182501,1.620893
2013-09-09,6.02,6.12,6.02,6.12,11426566.0,69584576.0,2.088188,9.335035,1.647818
2013-09-10,6.12,6.24,6.05,6.16,11637398.0,71672048.0,2.126717,9.396048,1.658588
2013-09-11,6.2,6.22,6.09,6.2,13235121.0,81403852.0,2.418699,9.457061,1.669358
2013-09-12,6.19,6.24,6.06,6.15,10756688.0,66228896.0,1.965769,9.380795,1.655896
2013-09-13,6.13,6.18,6.08,6.1,7158419.0,43648532.0,1.308191,9.304528,1.642433
2013-09-16,6.1,6.13,6.05,6.06,4569408.0,27806372.0,0.835053,9.243515,1.631663
2013-09-17,6.05,6.16,6.0,6.02,6729448.0,40946436.0,1.229797,9.182501,1.620893
2013-09-18,6.01,6.05,5.91,5.98,5216182.0,31081898.0,0.95325,9.121488,1.610123
2013-09-23,5.98,6.13,5.96,6.1,6188551.0,37590540.0,1.130949,9.304528,1.642433
2013-09-24,6.1,6.16,6.0,6.12,8323125.0,50594332.0,1.521039,9.335035,1.647818
2013-09-25,6.13,6.13,5.98,6.0,7377890.0,44537702.0,1.348299,9.151995,1.615508
2013-09-26,5.97,5.99,5.75,5.76,7780030.0,45636319.0,1.421789,8.785915,1.550888
2013-09-27,5.74,5.83,5.7,5.79,4304824.0,24758956.0,0.7867,8.831675,1.558965
2013-09-30,5.8,5.89,5.76,5.83,3571895.0,20735897.0,0.652759,8.892688,1.569735
2013-10-08,5.79,5.85,5.72,5.85,4992164.0,28937448.0,0.912311,8.923195,1.57512
2013-10-09,5.92,6.09,5.92,6.07,11697189.0,70506467.0,2.137644,9.258768,1.634356
2013-10-10,6.08,6.08,5.96,6.0,7432910.0,44764646.0,1.358353,9.151995,1.615508
2013-10-11,6.0,6.09,6.0,6.05,8395403.0,50861333.0,1.534248,9.228261,1.628971
2013-10-14,6.06,6.13,6.02,6.1,8975547.0,54603151.0,1.640268,9.304528,1.642433
2013-10-15,6.12,6.29,6.11,6.27,20808858.0,129709117.0,3.802788,9.563835,1.688206
2013-10-16,6.27,6.29,5.99,6.11,11316062.0,69234620.0,2.067994,9.319781,1.645126
2013-10-17,6.11,6.17,6.04,6.06,8979743.0,54739247.0,1.641035,9.243515,1.631663
2013-10-18,6.06,6.1,5.99,6.02,6573913.0,39653708.0,1.201373,9.182501,1.620893
2013-10-21,6.01,6.13,6.01,6.09,7211228.0,43782386.0,1.317841,9.289275,1.639741
2013-10-22,6.1,6.7,6.02,6.41,38638844.0,248665202.0,7.061192,9.777381,1.725901
2013-10-23,7.05,7.05,6.55,7.05,81584811.0,573488480.0,14.909505,10.753594,1.898222
2013-10-24,7.08,7.08,6.65,6.69,55559812.0,380411232.0,10.153474,10.204474,1.801292
2013-10-25,6.8,6.99,6.6,6.75,29148203.0,197689467.0,5.326791,10.295994,1.817447
2013-10-28,6.81,6.95,6.49,6.65,22907409.0,153304623.0,4.186296,10.143461,1.790522
2013-10-29,6.64,6.64,6.18,6.45,23807286.0,152067127.0,4.350747,9.838394,1.736671
2013-10-30,6.38,6.73,6.26,6.7,23051831.0,150280380.0,4.212688,10.219728,1.803984
2013-10-31,6.67,6.82,6.48,6.63,19829155.0,131395920.0,3.623749,10.184043,1.704698
2013-11-01,6.6,6.67,6.45,6.51,12149138.0,79632749.0,2.220237,9.999716,1.673843
2013-11-04,6.51,6.76,6.38,6.64,13676888.0,89571947.0,2.499431,10.199403,1.707269
2013-11-05,6.56,6.67,6.48,6.62,10453668.0,68716112.0,1.910393,10.168682,1.702126
2013-11-06,6.53,6.85,6.45,6.61,22405037.0,149127400.0,4.094488,10.153322,1.699555
2013-11-07,6.59,6.63,6.45,6.46,11116786.0,72549621.0,2.031576,9.922913,1.660987
2013-11-08,6.49,6.56,6.24,6.25,11833445.0,75141693.0,2.162545,9.600342,1.606992
2013-11-11,6.33,6.43,6.28,6.34,7927930.0,50443301.0,1.448818,9.738587,1.630133
2013-11-12,6.34,6.4,6.2,6.35,7910575.0,49903318.0,1.445646,9.753947,1.632704
2013-11-13,6.32,6.32,6.14,6.15,7939276.0,49370029.0,1.450891,9.446736,1.581281
2013-11-14,6.18,6.27,6.17,6.23,6935233.0,43170865.0,1.267404,9.569621,1.60185
2013-11-15,6.28,6.4,6.23,6.33,9484926.0,60066850.0,1.733356,9.723226,1.627562
2013-11-18,6.33,6.44,6.31,6.43,9947721.0,63576772.0,1.817931,9.876832,1.653274
2013-11-19,6.54,6.69,6.48,6.57,17196039.0,113009109.0,3.142551,10.091879,1.68927
2013-11-20,6.57,6.74,6.44,6.66,16912901.0,111697696.0,3.090808,10.230124,1.712411
2013-11-21,6.6,6.76,6.51,6.6,15643142.0,103823094.0,2.858761,10.137961,1.696984
2013-11-22,6.55,6.74,6.5,6.52,10842627.0,71536058.0,1.981474,10.015077,1.676414
2013-11-25,6.52,6.58,6.43,6.46,8599514.0,55833687.0,1.571549,9.922913,1.660987
2013-11-26,6.46,6.57,6.35,6.49,10580146.0,68098741.0,1.933506,9.968995,1.668701
2013-11-27,6.45,6.53,6.38,6.49,8824375.0,57029552.0,1.612642,9.968995,1.668701
2013-11-28,6.5,6.71,6.5,6.65,22163040.0,147110443.0,4.050263,10.214764,1.70984
2013-11-29,6.62,6.69,6.57,6.66,9860569.0,65389813.0,1.802005,10.230124,1.712411
2013-12-02,6.65,6.83,6.55,6.62,24475205.0,163579603.0,4.472808,10.168682,1.702126
2013-12-03,6.5,6.73,6.44,6.72,11027591.0,72982614.0,2.015276,10.322288,1.727838
2013-12-04,6.71,6.93,6.68,6.8,21543665.0,147282691.0,3.937073,10.445172,1.748408
2013-12-05,6.89,6.89,6.63,6.67,19108952.0,128551154.0,3.492133,10.245485,1.714982
2013-12-06,6.64,6.73,6.58,6.67,9300851.0,61875121.0,1.699717,10.245485,1.714982
2013-12-09,6.64,6.69,6.61,6.66,6019887.0,39981590.0,1.100126,10.230124,1.712411
2013-12-10,6.74,6.87,6.71,6.77,16275671.0,110220430.0,2.974355,10.39909,1.740694
2013-12-11,6.71,6.73,6.53,6.57,9185287.0,60761532.0,1.678598,10.091879,1.68927
2013-12-12,6.56,6.67,6.56,6.58,5840592.0,38586030.0,1.06736,10.10724,1.691842
2013-12-13,6.59,6.6,6.46,6.49,8459087.0,55085684.0,1.545886,9.968995,1.668701
2013-12-16,6.49,6.49,6.16,6.2,15981509.0,100617695.0,2.920597,9.523539,1.594136
2013-12-17,6.26,6.26,6.2,6.24,4895362.0,30488264.0,0.89462,13.828992,2.314822
2013-12-18,6.24,6.29,6.2,6.26,3335132.0,20833666.0,0.60949,13.873316,2.322242
2013-12-19,6.26,6.32,6.21,6.22,4000734.0,25077556.0,0.731128,13.784669,2.307403
2013-12-20,6.22,6.26,6.01,6.02,8732251.0,53222594.0,1.595806,13.341432,2.23321
2013-12-23,6.05,6.09,5.91,6.05,4429514.0,26664620.0,0.809487,13.407917,2.244339
2013-12-24,6.03,6.13,6.01,6.07,3476410.0,21126784.0,0.635309,13.452241,2.251758
2013-12-25,6.07,6.11,6.01,6.1,3161962.0,19186723.0,0.577844,13.518727,2.262887
2013-12-26,6.11,6.13,5.92,5.94,4111663.0,24666766.0,0.7514,13.164137,2.203533
2013-12-27,5.94,6.04,5.93,6.03,2895870.0,17344189.0,0.529216,13.363594,2.23692
2013-12-30,6.06,6.08,5.96,5.97,3238310.0,19452342.0,0.591796,13.230623,2.214662
2013-12-31,5.97,6.06,5.9,6.04,4465485.0,26696648.0,0.816061,13.385756,2.240629
2014-01-02,6.01,6.05,5.99,6.0,2614829.0,15720361.0,0.477856,13.297108,2.225791
2014-01-03,6.0,6.0,5.85,5.86,4486589.0,26506722.0,0.819918,12.986842,2.173856
2014-01-06,5.85,5.85,5.64,5.65,4547104.0,26116895.0,0.830977,12.521444,2.095953
2014-01-07,5.69,5.75,5.61,5.64,2966377.0,16819558.0,0.542101,12.499282,2.092243
2014-01-08,5.72,5.77,5.65,5.66,3368733.0,19210155.0,0.615631,12.543605,2.099663
2014-01-09,5.64,5.67,5.55,5.58,3549017.0,19918341.0,0.648578,12.366311,2.069985
2014-01-10,5.57,5.59,5.32,5.36,6182288.0,33682422.0,1.129804,11.87875,1.988373
2014-01-13,5.38,5.54,5.35,5.37,3877422.0,21048801.0,0.708593,11.900912,1.992083
2014-01-14,5.47,5.48,5.37,5.48,2677666.0,14548449.0,0.48934,12.144692,2.032889
2014-01-15,5.49,5.49,5.34,5.37,5450435.0,29343646.0,0.996059,11.900912,1.992083
2014-01-16,5.36,5.45,5.35,5.41,2969375.0,16050344.0,0.542649,11.989559,2.006921
2014-01-17,5.43,5.43,5.3,5.34,3805172.0,20313302.0,0.69539,11.834426,1.980954
2014-01-20,5.31,5.36,5.27,5.31,2588937.0,13737683.0,0.473124,11.767941,1.969825
2014-01-21,5.3,5.39,5.3,5.38,2451925.0,13152979.0,0.448086,11.923074,1.995792
2014-01-22,5.39,5.56,5.37,5.55,4834444.0,26591536.0,0.883488,12.299825,2.058856
2014-01-23,5.56,5.58,5.51,5.54,3719850.0,20599853.0,0.679797,12.277663,2.055147
2014-01-24,5.54,5.64,5.5,5.59,6991116.0,38985418.0,1.277616,12.388472,2.073695
2014-01-27,5.58,5.58,5.51,5.56,3649410.0,20220130.0,0.666924,12.321987,2.062566
2014-01-28,5.53,5.64,5.5,5.55,2813878.0,15629786.0,0.514232,12.299825,2.058856
2014-01-29,5.58,5.61,5.54,5.56,2411498.0,13411367.0,0.440698,12.321987,2.062566
2014-01-30,5.56,5.56,5.5,5.51,2342184.0,12933775.0,0.428031,12.211178,2.044018
2014-02-07,5.48,5.58,5.43,5.56,3007417.0,16605600.0,0.549601,12.321987,2.062566
2014-02-10,5.57,5.71,5.57,5.68,5105743.0,28968275.0,0.933067,12.587929,2.107082
2014-02-11,5.76,5.79,5.7,5.72,4546069.0,26068428.0,0.830787,12.676576,2.12192
2014-02-12,5.81,5.93,5.8,5.88,7863260.0,46061574.0,1.436999,13.031166,2.181275
2014-02-13,5.89,5.93,5.76,5.77,6022382.0,34942453.0,1.100582,12.787386,2.140469
2014-02-14,5.77,5.84,5.7,5.82,6352007.0,36588682.0,1.16082,12.898195,2.159017
2014-02-17,5.84,5.85,5.77,5.84,4767203.0,27703289.0,0.871199,12.942519,2.166436
2014-02-18,5.83,5.83,5.71,5.74,5717638.0,32863072.0,1.04489,12.7209,2.12934
2014-02-19,5.75,5.83,5.7,5.83,7410478.0,42751440.0,1.354254,12.920357,2.162727
2014-02-20,5.81,6.11,5.79,6.09,18410877.0,109653223.0,3.364561,13.496565,2.259178
2014-02-21,6.1,6.1,5.91,5.93,16377144.0,98277298.0,2.992899,13.141975,2.199823
2014-02-24,5.83,5.91,5.72,5.76,7127937.0,41124157.0,1.30262,12.765224,2.136759
2014-02-25,5.77,5.8,5.59,5.61,6544209.0,37370261.0,1.195945,12.432796,2.081114
2014-02-26,5.6,5.7,5.57,5.66,4220270.0,23774823.0,0.771248,12.543605,2.099663
2014-02-27,5.65,5.7,5.61,5.63,4771861.0,26960439.0,0.872051,12.47712,2.088534
2014-02-28,5.56,5.67,5.55,5.64,3650377.0,20429188.0,0.667101,12.499282,2.092243
2014-03-03,5.63,5.84,5.61,5.8,5479039.0,31500118.0,1.001286,12.853871,2.151598
2014-03-04,5.8,6.05,5.71,5.89,18640770.0,109857827.0,3.406573,13.053328,2.184985
2014-03-05,5.89,5.92,5.76,5.77,6896059.0,40088778.0,1.260245,12.787386,2.140469
2014-03-06,5.76,5.87,5.73,5.78,5288270.0,30738318.0,0.966424,12.809548,2.144178
2014-03-07,5.76,5.81,5.63,5.66,5792419.0,33006743.0,1.058556,12.543605,2.099663
2014-03-10,5.63,5.63,5.32,5.42,7065962.0,38721776.0,1.291294,12.011721,2.010631
2014-03-11,5.42,5.47,5.36,5.4,3975509.0,21481981.0,0.726518,11.967397,2.003212
2014-03-12,5.4,5.45,5.32,5.44,3768320.0,20295051.0,0.688655,12.056045,2.01805
2014-03-13,5.44,5.51,5.38,5.46,2671501.0,14605823.0,0.488213,12.100368,2.02547
2014-03-14,5.46,5.46,5.39,5.4,2888334.0,15642649.0,0.527839,11.967397,2.003212
2014-03-17,5.41,5.49,5.41,5.48,2651748.0,14449105.0,0.484603,12.144692,2.032889
2014-03-18,5.49,5.56,5.47,5.55,4158051.0,22910681.0,0.759878,12.299825,2.058856
2014-03-19,5.55,5.55,5.44,5.46,3086843.0,16910091.0,0.564116,12.100368,2.02547
2014-03-20,5.46,5.63,5.42,5.6,8095147.0,44891243.0,1.479376,12.410634,2.077405
2014-03-21,5.58,5.7,5.51,5.65,11112873.0,62384257.0,2.030861,12.521444,2.095953
2014-03-24,5.68,5.69,5.6,5.66,6106252.0,34466217.0,1.115909,12.543605,2.099663
2014-03-25,5.67,5.7,5.59,5.66,4378539.0,24748715.0,0.800172,12.543605,2.099663
2014-03-26,5.66,5.69,5.55,5.59,3549405.0,19915171.0,0.648649,12.388472,2.073695
2014-03-27,5.6,5.63,5.52,5.53,3048264.0,16999895.0,0.557066,12.255501,2.051437
2014-03-28,5.5,5.58,5.41,5.43,4607563.0,25202803.0,0.842025,15.983993,1.260484
2014-03-31,5.45,5.52,5.43,5.52,3025421.0,16523685.0,0.552891,16.248921,1.281376
2014-04-01,5.58,5.67,5.51,5.67,7491283.0,42117977.0,1.369021,16.690468,1.316196
2014-04-02,5.63,5.71,5.62,5.62,3888421.0,21972920.0,0.710603,16.543285,1.304589
2014-04-03,5.68,5.73,5.6,5.63,4403231.0,24859700.0,0.804684,16.572722,1.306911
2014-04-04,5.63,5.69,5.54,5.65,4431032.0,24869452.0,0.809765,16.631595,1.311553
2014-04-08,5.6,5.69,5.59,5.68,4504798.0,25489078.0,0.823245,16.719904,1.318517
2014-04-09,5.7,5.76,5.66,5.75,6628177.0,37856022.0,1.21129,16.925959,1.334767
2014-04-10,5.76,5.78,5.69,5.71,5682213.0,32616611.0,1.038416,16.808213,1.325481
2014-04-11,5.72,5.8,5.72,5.73,4890758.0,28172012.0,0.893779,16.867086,1.330124
2014-04-14,5.74,5.91,5.65,5.87,16297499.0,94523760.0,2.978344,17.279197,1.362623
2014-04-15,5.82,5.95,5.78,5.85,13965982.0,81928522.0,2.552263,17.220324,1.35798
2014-04-16,5.8,6.03,5.8,5.9,18059943.0,107054625.0,3.300428,17.367506,1.369587
2014-04-17,5.87,5.98,5.81,5.83,12836180.0,75445507.0,2.345793,17.161451,1.353337
2014-04-18,5.77,5.77,5.67,5.69,9283616.0,52909365.0,1.696567,16.749341,1.320839
2014-04-21,5.65,5.71,5.57,5.58,6148207.0,34667897.0,1.123576,16.42554,1.295304
2014-04-22,5.57,5.62,5.5,5.59,5448105.0,30210814.0,0.995633,16.454976,1.297625
2014-04-23,5.59,5.63,5.5,5.59,2948201.0,16388413.0,0.538779,16.454976,1.297625
2014-04-24,5.58,5.58,5.5,5.5,4552733.0,25165430.0,0.832005,16.190048,1.276733
2014-04-25,5.5,5.54,5.42,5.42,3952450.0,21641472.0,0.722304,15.954556,1.258163
2014-04-28,5.42,5.45,5.28,5.28,4092362.0,21848006.0,0.747873,15.542446,1.225664
2014-04-29,5.27,5.36,5.27,5.36,3301816.0,17543532.0,0.603402,15.777938,1.244235
2014-04-30,5.39,5.55,5.38,5.48,3501674.0,19140724.0,0.639926,15.759207,1.25762
2014-05-05,5.48,5.55,5.36,5.44,2880652.0,15621322.0,0.526435,15.644176,1.248441
2014-05-06,5.44,5.49,5.4,5.43,2479158.0,13504365.0,0.453062,15.615418,1.246146
2014-05-07,5.41,5.43,5.32,5.35,2642009.0,14167344.0,0.482823,15.385357,1.227786
2014-05-08,5.39,5.43,5.34,5.36,2031363.0,10939169.0,0.371229,15.414115,1.230081
2014-05-09,5.39,5.39,5.31,5.34,1743974.0,9300701.0,0.318709,15.356599,1.225491
2014-05-12,5.39,5.47,5.35,5.46,3104505.0,16849586.0,0.567344,15.701691,1.253031
2014-05-13,5.45,5.51,5.42,5.5,3187726.0,17443622.0,0.582552,15.816722,1.26221
2014-05-14,5.51,5.52,5.44,5.45,2859933.0,15654350.0,0.522649,15.672934,1.250736
2014-05-15,5.45,5.45,5.32,5.35,2097447.0,11287850.0,0.383305,15.385357,1.227786
2014-05-16,5.33,5.38,5.31,5.36,1626017.0,8685430.0,0.297152,15.414115,1.230081
2014-05-19,5.36,5.36,5.29,5.31,1607803.0,8547672.0,0.293824,15.270326,1.218607
2014-05-20,5.35,5.37,5.31,5.34,1521241.0,8118360.0,0.278005,15.356599,1.225491
2014-05-21,5.3,5.39,5.3,5.37,1578680.0,8461055.0,0.288501,15.442872,1.232376
2014-05-22,5.37,5.43,5.34,5.34,1491884.0,8032521.0,0.27264,15.356599,1.225491
2014-05-23,5.35,5.38,5.32,5.36,1532076.0,8190859.0,0.279985,15.414115,1.230081
2014-05-26,5.35,5.39,5.32,5.36,1903596.0,10223820.0,0.347879,15.414115,1.230081
2014-05-27,5.39,5.41,5.34,5.37,1813384.0,9730111.0,0.331393,15.442872,1.232376
2014-05-28,5.37,5.4,5.32,5.39,2470062.0,13267951.0,0.4514,15.500388,1.236966
2014-05-29,5.39,5.47,5.37,5.4,4129468.0,22410326.0,0.754654,15.529145,1.239261
2014-05-30,5.4,5.4,5.32,5.33,3245120.0,17335050.0,0.593041,15.327842,1.223196
2014-06-03,5.34,5.36,5.2,5.3,3473717.0,18417466.0,0.634817,15.241569,1.216312
2014-06-04,5.27,5.27,5.19,5.22,3343820.0,17473480.0,0.611078,15.011507,1.197952
2014-06-05,5.22,5.37,5.19,5.36,10553858.0,55531117.0,1.928702,15.414115,1.230081
2014-06-06,5.31,5.43,5.28,5.37,7401467.0,39710518.0,1.352607,15.442872,1.232376
2014-06-09,5.4,5.5,5.3,5.32,6175946.0,33289919.0,1.128645,15.299084,1.220902
2014-06-10,5.32,5.35,5.28,5.32,2834357.0,15040128.0,0.517975,15.299084,1.220902
2014-06-11,5.36,5.38,5.33,5.35,3243092.0,17357590.0,0.59267,15.385357,1.227786
2014-06-12,5.36,5.37,5.28,5.29,2840811.0,15081585.0,0.519154,15.212811,1.214017
2014-06-13,5.27,5.33,5.26,5.3,2661813.0,14102761.0,0.486442,15.241569,1.216312
2014-06-16,5.3,5.34,5.28,5.32,2939580.0,15579336.0,0.537204,15.299084,1.220902
2014-06-17,5.33,5.43,5.3,5.43,8342225.0,44873413.0,1.524529,15.615418,1.246146
2014-06-18,5.5,5.97,5.47,5.97,37449259.0,220103392.0,6.843797,17.168333,1.370072
2014-06-19,5.8,5.8,5.45,5.51,44165786.0,246698600.0,8.071233,15.84548,1.264505
2014-06-20,5.36,5.42,5.29,5.39,15393640.0,82569518.0,2.813165,15.500388,1.236966
2014-06-23,5.39,5.44,5.36,5.39,12305329.0,66444743.0,2.248781,15.500388,1.236966
2014-06-24,5.37,5.43,5.35,5.43,7908035.0,42741684.0,1.445182,15.615418,1.246146
2014-06-25,5.39,5.42,5.34,5.37,5608328.0,30107913.0,1.024914,15.442872,1.232376
2014-06-26,5.37,5.61,5.36,5.56,15764882.0,86555506.0,2.881009,15.989268,1.27598
2014-06-27,5.49,5.58,5.49,5.52,11051412.0,61207748.0,2.019629,15.874237,1.2668
2014-06-30,5.51,5.65,5.51,5.58,10124297.0,56540828.0,1.8502,16.046784,1.28057
2014-07-01,5.61,5.71,5.54,5.64,9105370.0,51150014.0,1.663993,16.21933,1.294339
2014-07-02,5.62,5.66,5.56,5.64,6289431.0,35292299.0,1.149384,16.21933,1.294339
2014-07-03,5.68,5.71,5.62,5.65,7261398.0,41067590.0,1.32701,16.248087,1.296634
2014-07-04,5.65,5.67,5.5,5.58,7911324.0,44009243.0,1.445783,16.046784,1.28057
2014-07-07,5.56,5.6,5.51,5.57,5888248.0,32689195.0,1.076069,16.018026,1.278275
2014-07-08,5.56,5.64,5.52,5.63,4603328.0,25701809.0,0.841251,16.190572,1.292044
2014-07-09,5.64,5.64,5.51,5.53,5078999.0,28253887.0,0.92818,15.902995,1.269095
2014-07-10,5.49,5.61,5.48,5.53,4278746.0,23729051.0,0.781935,15.902995,1.269095
2014-07-11,5.53,5.67,5.51,5.63,6323959.0,35483729.0,1.155694,16.190572,1.292044
2014-07-14,5.63,5.66,5.58,5.65,5316632.0,29913943.0,0.971607,16.248087,1.296634
2014-07-15,5.65,5.71,5.6,5.7,8316314.0,47043045.0,1.519794,16.391876,1.308109
2014-07-16,5.67,5.72,5.64,5.64,5830845.0,33062722.0,1.065578,16.21933,1.294339
2014-07-17,5.62,5.67,5.55,5.59,4694425.0,26256365.0,0.857899,16.075541,1.282865
2014-07-18,5.63,5.67,5.56,5.63,4364911.0,24558850.0,0.797681,16.190572,1.292044
2014-07-21,5.62,5.74,5.57,5.7,8259070.0,46623651.0,1.509333,16.391876,1.308109
2014-07-22,5.68,5.75,5.67,5.71,6515242.0,37219733.0,1.190651,16.420633,1.310404
2014-07-23,5.69,5.76,5.63,5.64,6826171.0,38854384.0,1.247473,16.21933,1.294339
2014-07-24,5.64,5.72,5.63,5.7,7882849.0,44717169.0,1.440579,16.391876,1.308109
2014-07-25,5.71,5.77,5.66,5.75,8384436.0,47909978.0,1.532243,16.535664,1.319583
2014-07-28,5.75,5.82,5.73,5.8,9711898.0,56299525.0,1.774835,16.679452,1.331058
2014-07-29,5.8,5.86,5.76,5.81,8815011.0,51243044.0,1.61093,16.70821,1.333353
2014-07-30,5.82,5.89,5.73,5.85,10424232.0,60465743.0,1.905013,16.823241,1.342533
2014-07-31,5.83,5.89,5.76,5.85,8155772.0,47485455.0,1.490455,16.823241,1.342533
2014-08-01,5.87,5.96,5.77,5.78,11621993.0,68308401.0,2.123902,16.621937,1.326468
2014-08-04,5.8,5.95,5.8,5.95,12482540.0,73786226.0,2.281166,17.110818,1.365482
2014-08-05,5.96,5.97,5.9,5.95,6892351.0,40843625.0,1.259567,17.110818,1.365482
2014-08-06,5.91,6.03,5.86,5.97,10022773.0,59678166.0,1.831647,17.168333,1.370072
2014-08-07,5.98,6.01,5.92,5.95,8675188.0,51638774.0,1.585378,17.110818,1.365482
2014-08-08,5.93,5.97,5.87,5.9,6116610.0,36186260.0,1.117802,16.967029,1.354007
2014-08-11,5.91,6.15,5.91,6.12,15334974.0,92882009.0,2.802444,17.599698,1.404496
2014-08-12,6.12,6.46,6.08,6.3,21697952.0,136853226.0,3.965269,18.117336,1.445804
2014-08-13,6.26,6.51,6.23,6.42,18768536.0,119747490.0,3.429923,18.462428,1.473344
2014-08-14,6.36,6.41,6.27,6.3,11893054.0,75299619.0,2.173438,18.117336,1.445804
2014-08-15,6.29,6.42,6.28,6.31,8918207.0,56554336.0,1.629789,18.146094,1.448099
2014-08-18,6.31,6.42,6.29,6.37,9168633.0,58285057.0,1.675554,18.31864,1.461869
2014-08-19,6.39,6.58,6.34,6.51,14534143.0,94422622.0,2.656093,18.721247,1.493998
2014-08-20,6.52,6.65,6.45,6.49,9350812.0,60923444.0,1.708847,18.663732,1.489408
2014-08-21,6.48,6.58,6.41,6.54,10720656.0,69801600.0,1.959184,18.807521,1.500883
2014-08-22,6.54,6.78,6.52,6.75,15503538.0,103338006.0,2.833249,19.411432,1.549076
2014-08-25,6.81,6.96,6.71,6.76,18632465.0,127229443.0,3.405056,19.440189,1.551371
2014-08-26,6.75,6.89,6.61,6.82,15750853.0,106142512.0,2.878445,19.612735,1.565141
2014-08-27,6.82,6.98,6.77,6.83,13764166.0,94879288.0,2.515381,19.641493,1.567436
2014-08-28,6.78,6.85,6.45,6.49,22840227.0,150528666.0,4.174018,18.663732,1.489408
2014-08-29,6.45,6.94,6.45,6.9,31508753.0,211779712.0,5.758179,19.842797,1.5835
2014-09-01,6.9,7.27,6.8,6.98,66736024.0,469839616.0,12.195911,13.38119,1.512189
2014-09-02,7.01,7.05,6.9,7.04,29901413.0,208442860.0,5.46444,13.496215,1.525188
2014-09-03,7.05,7.05,6.96,7.02,21167967.0,148412181.0,3.868415,13.457873,1.520855
2014-09-04,7.01,7.25,6.98,7.12,29261645.0,208473783.0,5.347523,13.649581,1.542519
2014-09-05,7.15,7.18,7.06,7.13,18865000.0,134279166.0,3.447551,13.668752,1.544686
2014-09-09,7.2,7.8,7.18,7.78,46209884.0,347409120.0,8.444789,14.914851,1.685506
2014-09-10,7.7,8.55,7.62,8.28,52957195.0,428474832.0,9.67785,15.873389,1.793829
2014-09-11,8.3,8.53,8.15,8.32,39159703.0,325394384.0,7.156378,15.950072,1.802495
2014-09-12,8.26,8.79,8.24,8.66,37582845.0,321657984.0,6.86821,16.601878,1.876154
2014-09-15,8.81,9.08,8.67,8.98,36091094.0,320448832.0,6.595595,17.215342,1.945481
2014-09-16,8.94,8.99,8.29,8.35,47115987.0,407026240.0,8.610378,16.007584,1.808994
2014-09-17,8.54,8.7,8.3,8.53,26804661.0,227210164.0,4.898513,16.352658,1.84799
2014-09-18,8.46,8.53,8.36,8.46,15754604.0,132894207.0,2.879131,16.218463,1.832825
2014-09-19,8.39,8.68,8.34,8.67,22186415.0,190002197.0,4.054535,16.621049,1.878321
2014-09-22,8.63,8.66,8.16,8.26,29906755.0,249951749.0,5.465416,15.835048,1.789496
2014-09-23,8.24,8.38,8.22,8.34,15476798.0,128695599.0,2.828362,15.988414,1.806828
2014-09-24,8.3,8.68,8.27,8.64,25336366.0,216525467.0,4.630184,16.563536,1.871821
2014-09-25,8.62,8.86,8.52,8.58,21499705.0,186611901.0,3.92904,16.448512,1.858823
2014-09-26,8.79,9.37,8.71,9.15,46002455.0,418680144.0,8.406881,17.541245,1.982311
2014-09-29,9.22,9.28,9.03,9.18,27497246.0,251334166.0,5.025082,17.598758,1.98881
2014-09-30,9.2,9.24,9.08,9.18,24432356.0,223936537.0,4.464977,17.598758,1.98881
2014-10-08,9.24,9.33,8.99,9.23,33606392.0,308280896.0,6.141519,17.694611,1.999643
2014-10-09,4.7,5.08,4.68,5.08,76464299.0,376830320.0,6.986869,19.477492,2.201123
2014-10-10,5.1,5.1,4.8,4.88,133599517.0,656334576.0,12.207558,18.710662,2.114465
2014-10-13,4.9,5.07,4.81,4.97,81057517.0,401520000.0,7.406571,19.055735,2.153461
2014-10-14,4.96,4.96,4.8,4.87,55256714.0,269832608.0,5.049042,18.67232,2.110132
2014-10-15,4.92,5.04,4.9,4.96,52182398.0,258782297.0,4.768128,19.017394,2.149128
2014-10-16,4.91,4.93,4.8,4.84,43995151.0,214200162.0,4.020025,18.557296,2.097133
2014-10-17,4.79,4.83,4.6,4.71,39930214.0,187895636.0,3.648594,18.058856,2.040805
2014-10-20,4.7,4.75,4.66,4.73,22705989.0,106919281.0,2.074743,18.135539,2.049471
2014-10-21,4.73,4.85,4.66,4.79,35480550.0,168963524.0,3.242009,18.365588,2.075469
2014-10-22,4.78,4.78,4.65,4.66,23249074.0,109163508.0,2.124367,17.867148,2.019141
2014-10-23,4.66,4.66,4.44,4.48,29975181.0,135682994.0,2.73896,17.177001,1.941148
2014-10-24,4.48,4.55,4.47,4.5,14461632.0,65153345.0,1.321421,17.253684,1.949814
2014-10-27,4.5,4.5,4.41,4.44,15493919.0,68824341.0,1.415746,17.023635,1.923816
2014-10-28,4.41,4.63,4.41,4.62,21315498.0,97051828.0,1.947688,17.713782,2.001809
2014-10-29,4.64,4.68,4.56,4.65,35446704.0,164029875.0,3.238917,17.828807,2.014808
2014-10-30,4.67,4.82,4.62,4.77,49514461.0,235518170.0,4.524348,18.288905,2.066803
2014-10-31,4.76,4.77,4.66,4.73,32816724.0,154527512.0,2.998604,20.812184,2.022865
2014-11-03,4.73,4.85,4.7,4.82,43162740.0,206494523.0,3.943964,21.208187,2.061355
2014-11-04,4.79,4.93,4.77,4.93,68895775.0,335393472.0,6.295301,21.692192,2.108398
2014-11-05,4.92,4.92,4.79,4.85,39933081.0,193198640.0,3.648856,21.340189,2.074185
2014-11-06,4.8,4.84,4.7,4.77,32426073.0,153987595.0,2.962909,20.988185,2.039971
2014-11-07,4.77,4.86,4.68,4.73,29503473.0,140627363.0,2.695858,20.812184,2.022865
2014-11-10,4.73,4.79,4.72,4.79,29225703.0,139007299.0,2.670477,21.076186,2.048525
2014-11-11,4.8,4.82,4.56,4.59,37976449.0,177091127.0,3.47007,20.196178,1.962991
2014-11-12,4.57,4.67,4.51,4.67,17236020.0,79367788.0,1.574929,20.548182,1.997205
2014-11-13,4.67,4.67,4.56,4.63,18252019.0,84064867.0,1.667765,20.37218,1.980098
2014-11-14,4.62,4.69,4.57,4.65,17381075.0,80656580.0,1.588183,20.460181,1.988651
2014-11-17,4.74,4.83,4.66,4.79,35912504.0,171212639.0,3.281479,21.076186,2.048525
2014-11-18,4.8,4.86,4.73,4.75,22092350.0,105524505.0,2.018672,20.900185,2.031418
2014-11-19,4.75,4.76,4.68,4.7,16080330.0,75607359.0,1.469328,20.680183,2.010035
2014-11-20,4.7,4.71,4.65,4.7,17072762.0,79930318.0,1.560011,20.680183,2.010035
2014-11-21,4.7,4.73,4.66,4.72,16857711.0,79055279.0,1.540361,20.768183,2.018588
2014-11-24,4.82,4.85,4.75,4.8,57602369.0,276904112.0,5.263374,21.120187,2.052801
2014-11-25,4.8,4.85,4.76,4.82,51260106.0,246694513.0,4.683855,21.208187,2.061355
2014-11-26,4.82,5.3,4.82,5.3,136501303.0,693847392.0,12.472707,23.320206,2.266635
2014-11-27,5.3,5.65,5.21,5.45,164252080.0,897831456.0,15.008414,23.980212,2.330785
2014-11-28,5.45,5.48,5.28,5.36,82534769.0,443591632.0,7.541554,23.584208,2.292295
2014-12-01,5.32,5.5,5.13,5.4,71750030.0,380808576.0,6.556107,23.76021,2.309401
2014-12-02,5.33,5.43,5.26,5.39,53798094.0,289151616.0,4.915762,23.71621,2.305125
2014-12-03,5.39,5.58,5.32,5.54,90409440.0,494844064.0,8.261096,24.376215,2.369275
2014-12-04,5.5,5.57,5.44,5.56,74089817.0,408081760.0,6.769903,24.464216,2.377828
2014-12-05,5.56,5.56,5.16,5.26,73710814.0,393705968.0,6.735272,23.144204,2.249528
2014-12-08,5.2,5.4,5.08,5.35,58292865.0,308644048.0,5.326468,23.540208,2.288018
2014-12-09,5.33,5.6,5.19,5.25,92616554.0,501491968.0,8.46277,23.100204,2.245251
2014-12-10,5.19,5.39,5.12,5.38,49211827.0,260511639.0,4.496695,23.672209,2.300848
2014-12-11,5.38,5.82,5.31,5.8,98781297.0,547305248.0,9.026069,25.520225,2.480468
2014-12-12,5.83,6.06,5.7,5.89,111122189.0,657183776.0,10.153709,25.916229,2.518958
2014-12-15,5.86,6.43,5.7,6.29,111736117.0,679087424.0,10.209806,27.676245,2.690025
2014-12-16,6.29,6.4,6.11,6.18,96554674.0,602118688.0,8.822613,27.19224,2.642982
2014-12-17,6.06,6.08,5.68,5.8,269662880.0,1566009392.0,13.342166,25.520225,2.480468
2014-12-18,5.69,5.94,5.5,5.8,337467376.0,1913691808.0,16.696943,25.520225,2.480468
2014-12-19,5.7,5.8,5.55,5.74,225403447.0,1277716192.0,11.152333,25.256223,2.454808
2014-12-22,5.7,5.7,5.17,5.17,269204448.0,1437801200.0,13.319484,22.748201,2.211038
2014-12-23,5.07,5.24,4.93,5.08,91347693.0,464909248.0,4.519629,22.352197,2.172548
2014-12-24,5.09,5.26,5.09,5.21,99340348.0,512832352.0,4.915083,22.924203,2.228145
2014-12-25,5.24,5.3,5.16,5.29,104963746.0,549192160.0,5.193313,23.276206,2.262358
2014-12-26,5.41,5.66,5.41,5.5,182435749.0,1008880304.0,9.026411,24.200214,2.352168
2014-12-29,5.52,5.78,5.33,5.66,203766327.0,1144790640.0,10.081789,24.90422,2.420595
2014-12-30,5.62,5.69,5.48,5.52,100000766.0,555431920.0,4.947759,24.288215,2.360722
2014-12-31,5.5,5.58,5.34,5.46,87800788.0,477196000.0,4.344138,24.024212,2.335062
2015-01-05,5.46,5.54,5.35,5.5,111908345.0,610483136.0,5.536912,24.200214,2.352168
2015-01-06,5.47,5.59,5.38,5.52,95807149.0,526867264.0,4.74027,24.288215,2.360722
2015-01-07,5.5,5.54,5.4,5.45,75618341.0,412534832.0,3.741384,23.980212,2.330785
2015-01-08,5.43,5.43,5.25,5.28,77857627.0,414427280.0,3.852178,23.232205,2.258081
2015-01-09,5.32,5.47,5.31,5.35,75099414.0,406283936.0,3.715709,23.540208,2.288018
2015-01-12,5.3,5.31,5.12,5.17,56779733.0,294625856.0,2.809303,22.748201,2.211038
2015-01-13,5.18,5.25,5.18,5.2,31150454.0,162292593.0,1.541237,22.880202,2.223868
2015-01-14,5.21,5.35,5.21,5.32,52156981.0,275891808.0,2.580582,23.408207,2.275188
2015-01-15,5.3,5.37,5.26,5.36,49959242.0,265994625.0,2.471844,23.584208,2.292295
2015-01-16,5.36,5.36,5.26,5.32,57060768.0,302261936.0,2.823207,23.408207,2.275188
2015-01-19,5.2,5.21,4.8,4.93,92408058.0,467578432.0,4.572093,21.692192,2.108398
2015-01-20,4.95,5.08,4.95,5.07,51043388.0,256937891.0,2.525484,22.308197,2.168271
2015-01-21,5.07,5.23,5.05,5.21,64415088.0,331093552.0,3.187079,22.924203,2.228145
2015-01-22,5.21,5.37,5.17,5.34,82513680.0,435501520.0,4.082546,23.496208,2.283741
2015-01-23,5.31,5.34,5.23,5.25,45734443.0,241106189.0,2.262813,23.100204,2.245251
2015-01-26,5.22,5.36,5.22,5.34,57935738.0,307250016.0,2.866499,23.496208,2.283741
2015-01-27,5.36,5.45,5.26,5.44,95085824.0,509215936.0,4.704581,23.936211,2.326508
2015-01-28,5.4,5.98,5.36,5.83,331944368.0,1917289936.0,16.42368,25.652227,2.493298
2015-01-29,5.64,5.74,5.5,5.55,185149158.0,1041006016.0,9.160663,24.420216,2.373552
2015-01-30,5.55,5.64,5.39,5.4,97509388.0,534717568.0,4.824492,23.76021,2.309401
2015-02-02,5.34,5.36,5.24,5.28,70074511.0,371532016.0,3.467091,23.232205,2.258081
2015-02-03,5.28,5.35,5.21,5.33,66050798.0,348929600.0,3.268009,23.452207,2.279465
2015-02-04,5.34,5.46,5.25,5.32,85444497.0,456297344.0,4.227555,23.408207,2.275188
2015-02-05,5.33,5.36,5.19,5.19,72238841.0,381244720.0,3.574176,22.836202,2.219591
2015-02-06,5.15,5.19,5.0,5.07,70580051.0,357876768.0,3.492104,22.308197,2.168271
2015-02-09,5.06,5.14,5.03,5.12,28900296.0,147492029.0,1.429906,22.528199,2.189655
2015-02-10,5.12,5.2,5.08,5.2,34738433.0,178537211.0,1.718761,22.880202,2.223868
2015-02-11,5.21,5.23,5.14,5.16,33007675.0,170674844.0,1.633128,22.704201,2.206761
2015-02-12,5.17,5.24,5.16,5.19,36498159.0,189782731.0,1.805827,22.836202,2.219591
2015-02-13,5.22,5.3,5.2,5.25,46566339.0,244861062.0,2.303972,23.100204,2.245251
2015-02-16,5.27,5.32,5.23,5.29,37345374.0,197107923.0,1.847745,23.276206,2.262358
2015-02-17,5.3,5.35,5.29,5.34,49353905.0,263051987.0,2.441893,23.496208,2.283741
2015-02-25,5.36,5.45,5.32,5.42,60704282.0,326900400.0,3.003478,23.848211,2.317955
2015-02-26,5.42,5.58,5.38,5.55,96157148.0,530609376.0,4.757587,24.420216,2.373552
2015-02-27,5.54,5.58,5.45,5.51,99645834.0,548303312.0,4.930198,24.244214,2.356445
2015-03-02,5.55,5.58,5.49,5.55,98206141.0,542595216.0,4.858966,24.420216,2.373552
2015-03-03,5.55,5.77,5.5,5.62,185265302.0,1046136256.0,9.16641,24.728218,2.403488
2015-03-04,5.62,5.66,5.5,5.58,94512455.0,525968000.0,4.676212,24.552217,2.386382
2015-03-05,5.57,5.57,5.43,5.54,98775708.0,541982704.0,4.887146,24.376215,2.369275
2015-03-06,5.55,5.9,5.5,5.73,268961440.0,1543943920.0,13.307461,25.212223,2.450532
2015-03-09,5.7,6.0,5.63,5.89,237793012.0,1396743808.0,11.765334,25.916229,2.518958
2015-03-10,5.88,5.96,5.82,5.83,135890781.0,796780640.0,6.723496,25.652227,2.493298
2015-03-11,5.83,6.24,5.76,6.13,219624681.0,1312792304.0,10.866416,26.972238,2.621598
2015-03-12,6.07,6.37,6.04,6.1,234179242.0,1450313472.0,11.586535,26.840237,2.608768
2015-03-13,6.12,6.19,6.01,6.13,135962604.0,826049648.0,6.72705,26.972238,2.621598
2015-03-16,6.15,6.25,6.1,6.22,152779213.0,944512016.0,7.559089,27.368242,2.660088
2015-03-17,6.23,6.44,6.2,6.39,213717551.0,1351466992.0,10.574148,28.116248,2.732792
2015-03-18,6.4,6.52,6.31,6.46,178543559.0,1147964544.0,8.833837,28.424251,2.762728
2015-03-19,6.46,6.77,6.37,6.6,232084450.0,1527585376.0,11.48289,29.040257,2.822602
2015-03-20,6.6,6.69,6.5,6.57,165264553.0,1086215600.0,8.176829,28.908255,2.809772
2015-03-23,6.54,6.66,6.53,6.61,179293098.0,1181220736.0,8.870922,29.084257,2.826878
2015-03-24,6.62,6.64,6.13,6.41,247599338.0,1584970160.0,12.250524,28.204249,2.741345
2015-03-25,6.38,6.4,6.22,6.32,139388937.0,877576400.0,6.896575,27.808246,2.702855
2015-03-26,6.31,6.47,6.22,6.42,135414728.0,863787712.0,6.699943,28.24825,2.745622
2015-03-27,6.43,6.46,6.35,6.39,92894900.0,594712448.0,4.59618,28.116248,2.732792
2015-03-30,6.4,6.83,6.4,6.73,243124545.0,1619255088.0,12.029123,29.612262,2.878199
2015-03-31,6.8,6.84,6.52,6.56,168127080.0,1115842032.0,8.318458,28.864255,2.805495
2015-04-01,6.57,6.64,6.54,6.63,120925854.0,798130576.0,5.983074,29.172258,2.835432
2015-04-02,6.65,6.8,6.58,6.74,169170071.0,1132154128.0,8.370063,29.656262,2.882475
2015-04-03,6.85,7.36,6.85,7.13,253569719.0,1806736160.0,12.545922,31.372277,3.049265
2015-04-07,7.16,7.35,7.1,7.31,188212703.0,1362436368.0,9.312239,32.164284,3.126245
2015-04-08,7.3,7.3,7.01,7.14,170670516.0,1222820368.0,8.4443,31.416278,3.053542
2015-04-09,7.15,7.18,6.76,6.91,146335633.0,1012534624.0,7.240278,30.404269,2.955179
2015-04-10,6.85,7.09,6.84,7.05,103750025.0,729263728.0,5.133261,31.020274,3.015052
2015-04-13,7.06,7.27,7.06,7.26,147716382.0,1063399008.0,7.308594,31.944282,3.104862
2015-04-14,7.27,7.6,7.16,7.41,183120572.0,1360237024.0,9.060294,32.604288,3.169012
2015-04-15,7.43,7.79,7.21,7.49,207588325.0,1553458288.0,10.270891,32.956291,3.203225
2015-04-16,7.4,7.66,7.23,7.55,151321615.0,1134554176.0,7.486971,33.220294,3.228885
2015-04-17,7.54,8.19,7.5,7.93,268860640.0,2102220656.0,13.302474,34.892308,3.391399
2015-04-20,7.9,8.46,7.7,8.12,285093072.0,2305810032.0,14.105609,35.728316,3.472656
2015-04-21,8.12,8.32,7.81,8.18,180892696.0,1454471424.0,8.950065,35.992318,3.498316
2015-04-22,8.5,8.55,8.17,8.24,262328264.0,2182731984.0,12.97927,27.855367,3.333174
2015-04-23,8.2,8.2,8.0,8.11,190786171.0,1543516528.0,9.439567,27.415901,3.280588
2015-04-24,7.94,8.11,7.83,8.04,148290144.0,1179029424.0,7.336982,27.179266,3.252272
2015-04-27,8.29,8.4,7.96,8.1,155481114.0,1264881312.0,7.692771,27.382096,3.276543
2015-04-28,8.06,8.07,7.68,7.87,181396400.0,1423589072.0,8.974987,26.60458,3.183505
2015-04-29,7.75,7.96,7.71,7.82,87966143.0,689845936.0,4.352319,26.435554,3.163279
2015-04-30,7.82,7.98,7.74,7.82,98210164.0,773484432.0,4.859165,26.092074,3.134957
2015-05-04,7.83,7.94,7.82,7.9,87240044.0,687536400.0,4.316394,26.359001,3.167028
2015-05-05,7.9,7.9,7.18,7.33,149717201.0,1133443216.0,7.407589,24.457149,2.938521
2015-05-06,7.27,7.45,6.8,6.93,110775106.0,792927952.0,5.480843,23.122516,2.778165
2015-05-07,6.87,6.91,6.55,6.56,104598130.0,699223936.0,5.175223,21.88798,2.629836
2015-05-08,6.62,7.05,6.61,7.02,120323902.0,813663520.0,5.953291,23.422808,2.814245
2015-05-11,7.08,7.37,7.0,7.27,133915720.0,966020736.0,6.625776,24.256954,2.914468
2015-05-12,7.23,7.35,7.11,7.22,113869001.0,822736080.0,5.63392,24.090125,2.894423
2015-05-13,7.2,7.3,7.0,7.12,139722937.0,999339440.0,6.913101,23.756466,2.854334
2015-05-14,7.13,7.16,6.9,6.99,99781041.0,698615856.0,4.936887,23.322711,2.802219
2015-05-15,6.99,6.99,6.73,6.8,86472755.0,588469072.0,4.27843,22.68876,2.72605
2015-05-18,6.75,6.94,6.65,6.83,74548486.0,508063168.0,3.688451,22.788858,2.738076
2015-05-19,6.8,7.11,6.79,7.1,102822268.0,718454832.0,5.087359,23.689735,2.846317
2015-05-20,7.14,7.3,7.05,7.06,127880743.0,914508528.0,6.327182,23.556271,2.830281
2015-05-21,7.03,7.14,6.96,7.12,109480164.0,772319744.0,5.416773,23.756466,2.854334
2015-05-22,7.22,7.5,7.13,7.5,235311350.0,1728917632.0,11.642548,25.024368,3.006673
2015-05-25,7.56,7.79,7.56,7.71,259981164.0,1992558848.0,12.863142,25.72505,3.090859
2015-05-26,7.73,7.78,7.45,7.75,260914118.0,1990792512.0,12.909302,25.858513,3.106895
2015-05-27,7.75,8.19,7.6,8.05,334779744.0,2657383504.0,16.563967,26.859488,3.227162
2015-05-28,8.05,8.24,7.57,7.6,318477552.0,2542343536.0,15.75738,25.358026,3.046761
2015-05-29,7.56,7.7,7.0,7.34,176159384.0,1301220784.0,8.715874,24.490515,2.94253
2015-06-01,7.32,7.68,7.3,7.67,133691396.0,1005747680.0,6.614677,25.591587,3.074824
2015-06-02,7.67,7.85,7.57,7.84,172188106.0,1329384224.0,8.519387,26.158806,3.142975
2015-06-03,7.85,7.88,7.52,7.69,161709770.0,1242332688.0,8.000948,25.658318,3.082842
2015-06-04,7.63,7.65,7.11,7.62,147963625.0,1104578800.0,7.320827,25.424758,3.054779
2015-06-05,7.67,7.87,7.56,7.79,221518006.0,1713559552.0,10.960092,25.991977,3.122931
2015-06-08,7.87,8.35,7.78,8.22,350894496.0,2843917776.0,17.36128,27.426707,3.295313
2015-06-09,8.2,8.2,7.85,8.0,229983833.0,1838679936.0,11.378958,26.692659,3.207117
2015-06-10,7.9,8.29,7.83,8.17,205258139.0,1662590064.0,10.155599,27.259878,3.275269
2015-06-11,8.14,8.25,8.03,8.14,162911337.0,1325025744.0,8.060398,27.15978,3.263242
2015-06-12,8.17,8.48,8.08,8.42,274275360.0,2280517648.0,13.570379,28.094023,3.375491
2015-06-15,8.43,8.97,8.42,8.73,316301504.0,2758955264.0,15.649715,29.128364,3.499767
2015-06-16,8.68,9.15,8.5,8.9,289335472.0,2559576416.0,14.315511,29.695583,3.567918
2015-06-17,8.94,9.09,8.12,8.74,224906598.0,1940899808.0,11.12775,29.16173,3.503776
2015-06-18,8.75,9.11,8.58,8.7,230957101.0,2032823808.0,11.427112,29.028267,3.48774
2015-06-19,8.41,8.59,7.83,7.83,159960059.0,1304619280.0,7.914377,26.12544,3.138966
2015-06-23,7.82,7.95,7.05,7.69,151537004.0,1133768352.0,7.497628,25.658318,3.082842
2015-06-24,7.72,7.96,7.58,7.91,160165890.0,1249118000.0,7.924561,26.392366,3.171037
2015-06-25,7.91,7.91,7.3,7.4,157143386.0,1198156048.0,7.775016,24.690709,2.966584
2015-06-26,7.2,7.28,6.66,6.66,136029513.0,941429120.0,6.73036,22.221639,2.669925
2015-06-29,6.88,6.94,5.99,6.07,149842880.0,952794880.0,7.413807,20.253055,2.4334
2015-06-30,6.02,6.54,5.52,6.53,148269352.0,899836800.0,4.910016,21.787883,2.61781
2015-07-01,6.52,6.79,6.09,6.16,135129815.0,883846720.0,4.474893,20.553347,2.46948
2015-07-02,6.18,6.37,5.62,5.77,115870933.0,696972336.0,3.837126,19.25208,2.313133
2015-07-03,5.52,5.9,5.19,5.19,139191788.0,752387984.0,4.609408,17.316862,2.080617
2015-07-06,5.71,5.71,4.73,5.68,270516128.0,1454400032.0,8.958281,18.951788,2.277053
2015-07-07,5.55,5.69,5.11,5.11,146375419.0,779516944.0,4.847297,17.049936,2.048546
2015-07-08,4.6,5.2,4.6,4.7,288510592.0,1420672736.0,9.554177,15.681937,1.884181
2015-07-09,4.7,5.17,4.63,5.17,107932796.0,542774592.0,3.57425,17.250131,2.0726
2015-07-10,5.5,5.63,5.26,5.63,89929475.0,501295616.0,2.978061,18.784959,2.257009
2015-07-13,5.97,6.19,5.7,6.19,159415476.0,963303376.0,5.279125,20.653445,2.481507
2015-07-14,6.21,6.46,5.91,6.07,181106071.0,1117036992.0,5.997421,20.253055,2.4334
2015-07-15,5.9,5.98,5.46,5.47,127475224.0,722374384.0,4.221408,18.251106,2.192866
2015-07-16,5.47,5.84,5.47,5.74,85660594.0,484104896.0,2.836695,19.151983,2.301107
2015-07-17,5.8,6.2,5.76,6.19,105403615.0,632241424.0,3.490495,20.653445,2.481507
2015-07-20,6.19,6.33,6.0,6.13,119039356.0,737124912.0,3.942049,20.45325,2.457454
2015-07-21,6.02,6.47,5.95,6.29,123108617.0,769178512.0,4.076805,20.987103,2.521596
2015-07-22,6.32,6.46,6.11,6.3,121061731.0,763751568.0,4.009021,21.020469,2.525605
2015-07-23,6.26,6.4,6.16,6.39,125744544.0,794104336.0,4.164095,21.320761,2.561685
2015-07-24,6.4,6.5,6.16,6.22,128441206.0,813916960.0,4.253397,20.753542,2.493534
2015-07-27,6.1,6.16,5.6,5.6,99654802.0,590161488.0,3.30012,18.684861,2.244982
2015-07-28,5.47,5.66,5.05,5.43,99040318.0,529466624.0,3.279771,18.117642,2.176831
2015-07-29,5.55,5.79,5.37,5.77,61909168.0,342581568.0,2.050154,19.25208,2.313133
2015-07-30,5.7,5.87,5.51,5.59,62285342.0,357134272.0,2.062611,18.651495,2.240973
2015-07-31,5.48,5.62,5.47,5.52,43135967.0,238195703.0,1.42847,18.417935,2.212911
2015-08-03,5.47,5.63,5.24,5.61,57263930.0,307738432.0,1.896324,18.718227,2.248991
2015-08-04,5.57,5.88,5.57,5.86,58445951.0,334856528.0,1.935468,19.552373,2.349213
2015-08-05,5.96,6.12,5.81,5.91,93721582.0,560957296.0,3.103638,19.719202,2.369258
2015-08-06,5.79,6.12,5.7,6.0,70762149.0,420469712.0,2.343325,20.019494,2.405338
2015-08-07,5.98,6.1,5.98,6.04,83906035.0,506084176.0,2.778591,20.152957,2.421374
2015-08-10,6.05,6.3,6.0,6.27,119598430.0,737516704.0,3.960563,20.920371,2.513578
2015-08-11,6.24,6.24,6.1,6.17,93596604.0,578267728.0,3.0995,20.586713,2.473489
2015-08-12,6.09,6.19,5.96,5.97,67900240.0,412786848.0,2.248551,19.919397,2.393311
2015-08-13,5.94,6.08,5.86,6.07,58321263.0,349632992.0,1.931339,20.253055,2.4334
2015-08-14,6.08,6.22,6.06,6.11,82406268.0,505285328.0,2.728926,20.386518,2.449436
2015-08-17,6.08,6.54,6.04,6.49,149131079.0,942900112.0,4.938552,21.65442,2.601774
2015-08-18,6.42,6.43,5.84,5.84,132076557.0,815070656.0,4.373783,19.485641,2.341196
2015-08-19,5.6,6.15,5.5,6.1,83529321.0,488027984.0,2.766116,20.353152,2.445427
2015-08-20,5.96,6.11,5.8,5.81,57704989.0,343326000.0,1.91093,19.385544,2.329169
2015-08-21,5.7,5.79,5.36,5.47,56603342.0,317113600.0,1.874449,18.251106,2.192866
2015-08-24,5.08,5.35,4.92,4.92,61469632.0,308045232.0,2.035598,16.415985,1.972377
2015-08-25,4.45,4.68,4.43,4.43,54213775.0,244050973.0,1.795317,14.78106,1.775941
2015-08-26,4.5,4.64,4.21,4.35,64974860.0,291002496.0,2.151676,14.514133,1.74387
2015-08-27,4.45,4.6,4.34,4.58,44249434.0,198281133.0,1.465343,15.281547,1.836075
2015-08-28,4.63,4.99,4.6,4.97,62944663.0,298154192.0,2.084445,16.582814,1.992422
2015-08-31,4.96,4.97,4.65,4.7,52333954.0,249387102.0,1.733066,20.389022,1.845133
2015-09-01,4.71,4.72,4.33,4.43,46523329.0,208791373.0,1.540644,19.217738,1.739136
2015-09-02,4.29,4.55,4.08,4.44,45712056.0,201708759.0,1.513778,19.261119,1.743062
2015-09-07,4.51,4.66,4.47,4.51,34222323.0,156789502.0,1.13329,19.564785,1.770542
2015-09-08,4.53,4.85,4.45,4.76,35082673.0,162122730.0,1.161781,20.649308,1.868688
2015-09-09,4.76,5.24,4.71,5.24,121459799.0,611757280.0,4.022204,22.731591,2.057127
2015-09-10,5.1,5.21,4.92,4.98,112014294.0,570977632.0,3.709411,21.603688,1.955056
2015-09-11,4.91,5.05,4.87,4.98,46628288.0,231671571.0,1.54412,21.603688,1.955056
2015-09-14,5.03,5.09,4.48,4.53,61470512.0,292449552.0,2.035628,19.651547,1.778394
2015-09-15,4.38,4.6,4.24,4.31,45902167.0,201844412.0,1.520074,18.697167,1.692026
2015-09-16,4.38,4.73,4.32,4.66,46376860.0,209629977.0,1.535794,20.215499,1.82943
2015-09-17,4.6,4.79,4.48,4.49,57012849.0,264376630.0,1.88801,19.478024,1.762691
2015-09-18,4.53,4.65,4.45,4.55,28281511.0,128428541.0,0.936557,19.738309,1.786246
2015-09-21,4.5,4.75,4.46,4.69,37765275.0,174540323.0,1.250616,20.345642,1.841207
2015-09-22,4.68,4.8,4.62,4.7,43864688.0,206074126.0,1.452602,20.389022,1.845133
2015-09-23,4.6,4.65,4.51,4.53,30378899.0,138876685.0,1.006013,19.651547,1.778394
2015-09-24,4.53,4.62,4.53,4.6,22459006.0,102731697.0,0.743742,19.955213,1.805875
2015-09-25,4.57,4.58,4.41,4.46,22916016.0,102877971.0,0.758876,19.347881,1.750913
2015-09-28,4.45,4.53,4.4,4.49,13544814.0,60563253.0,0.448543,19.478024,1.762691
2015-09-29,4.41,4.46,4.36,4.39,17285534.0,76154352.0,0.572419,19.044215,1.723433
2015-09-30,4.43,4.59,4.41,4.46,17969044.0,80773456.0,0.595054,19.347881,1.750913
2015-10-08,4.58,4.68,4.55,4.62,36941628.0,170323192.0,1.223341,20.041975,1.813726
2015-10-09,4.6,4.68,4.58,4.65,32170816.0,149076466.0,1.065353,20.172118,1.825504
2015-10-12,4.65,4.87,4.65,4.82,58717048.0,280391344.0,1.944445,20.909593,1.892243
2015-10-13,4.9,5.0,4.82,4.89,64195762.0,314988464.0,2.125876,21.21326,1.919723
2015-10-14,4.98,4.99,4.78,4.79,47778139.0,233727129.0,1.582198,20.779451,1.880465
2015-10-15,4.76,4.93,4.7,4.91,58041825.0,281628208.0,1.922085,21.300021,1.927575
2015-10-16,4.93,5.0,4.83,4.99,75927681.0,373419808.0,2.514384,21.647068,1.958981
2015-10-19,4.99,5.12,4.92,4.97,69015066.0,345520432.0,2.285469,21.560307,1.95113
2015-10-20,4.95,5.02,4.88,5.0,48813650.0,241654409.0,1.616489,21.690449,1.962907
2015-10-21,5.01,5.07,4.64,4.71,75093715.0,367902032.0,2.486767,20.432403,1.849059
2015-10-22,4.71,4.84,4.65,4.82,39881977.0,189712758.0,1.320712,20.909593,1.892243
2015-10-23,4.86,4.91,4.79,4.89,40208374.0,194927618.0,1.331521,21.21326,1.919723
2015-10-26,4.96,4.98,4.85,4.89,43706652.0,214683603.0,1.447368,21.21326,1.919723
2015-10-27,4.87,5.1,4.65,4.98,66274711.0,323491872.0,2.194721,21.603688,1.955056
2015-10-28,4.98,5.1,4.94,4.96,76947289.0,385877776.0,2.548149,21.516926,1.947204
2015-10-29,4.95,4.99,4.88,4.93,38065774.0,187651520.0,1.260568,21.386783,1.935427
2015-10-30,4.93,4.93,4.83,4.87,32033388.0,156428183.0,1.060802,21.126498,1.911872
2015-11-02,4.84,5.17,4.81,5.05,111192671.0,561927472.0,3.682202,21.15848,1.923472
2015-11-03,5.06,5.08,4.88,4.93,53426336.0,265653669.0,1.769241,20.655704,1.877765
2015-11-04,4.94,5.34,4.94,5.3,121476839.0,624714048.0,4.022768,22.205929,2.018693
2015-11-05,5.29,5.51,5.22,5.34,182094310.0,970849440.0,6.030147,22.373521,2.033928
2015-11-06,5.26,5.37,5.24,5.34,97841413.0,518855648.0,3.240069,22.373521,2.033928
2015-11-09,5.3,5.4,5.26,5.35,84277797.0,450191824.0,2.790903,22.415419,2.037737
2015-11-10,5.33,5.34,5.21,5.27,63676497.0,336479968.0,2.10868,22.080235,2.007266
2015-11-11,5.27,5.31,5.22,5.28,44264635.0,232791717.0,1.465846,22.122133,2.011075
2015-11-12,5.28,5.3,5.17,5.23,48365095.0,252732502.0,1.601635,21.912643,1.992031
2015-11-13,5.17,5.34,5.15,5.23,58978888.0,310462240.0,1.953116,21.912643,1.992031
2015-11-16,5.14,5.26,5.12,5.25,41149963.0,213428325.0,1.362702,21.996439,1.999649
2015-11-17,5.26,5.3,5.2,5.23,51750856.0,272406208.0,1.713756,21.912643,1.992031
2015-11-18,5.22,5.24,5.14,5.15,34361099.0,178422028.0,1.137885,21.577459,1.96156
2015-11-19,5.2,5.28,5.15,5.27,32308900.0,168102528.0,1.069926,22.080235,2.007266
2015-11-20,5.27,5.27,5.2,5.25,38348958.0,200621815.0,1.269945,21.996439,1.999649
2015-11-23,5.24,5.27,5.16,5.19,37748818.0,197272162.0,1.250072,21.745051,1.976796
2015-11-24,5.16,5.19,5.1,5.17,27482920.0,141302817.0,0.910111,21.661255,1.969178
2015-11-25,5.16,5.19,5.11,5.19,29238788.0,150770593.0,0.968257,21.745051,1.976796
2015-11-26,5.2,5.27,5.18,5.22,43482777.0,227489465.0,1.439955,21.870745,1.988222
2015-11-27,5.17,5.21,4.82,4.86,51704839.0,261355355.0,1.712232,20.362418,1.851103
2015-11-30,4.85,4.94,4.68,4.88,34233582.0,165544082.0,1.133663,20.446214,1.858721
2015-12-01,4.9,5.04,4.85,4.97,37985636.0,188673350.0,1.257914,20.823296,1.893001
2015-12-02,4.95,5.01,4.79,5.0,29145716.0,143589183.0,0.965175,20.94899,1.904427
2015-12-03,4.97,5.02,4.95,5.01,24293353.0,121179758.0,0.804487,20.990888,1.908236
2015-12-04,4.99,5.23,4.94,5.1,61466999.0,314332224.0,2.035511,21.367969,1.942516
2015-12-07,5.08,5.09,4.98,5.02,38927722.0,195164210.0,1.289112,21.032786,1.912045
2015-12-08,5.0,5.0,4.89,4.9,29138660.0,143417226.0,0.964942,20.53001,1.866339
2015-12-09,4.87,4.91,4.82,4.84,19411022.0,94300224.0,0.642806,20.278622,1.843486
2015-12-10,4.84,4.89,4.81,4.82,15396331.0,74592992.0,0.509857,20.194826,1.835868
2015-12-11,4.82,4.82,4.75,4.76,18227980.0,87020777.0,0.603629,19.943438,1.813015
2015-12-14,4.74,4.89,4.72,4.87,19344409.0,93374871.0,0.6406,20.404316,1.854912
2015-12-15,4.87,4.9,4.82,4.85,18341870.0,89136401.0,0.6074,20.32052,1.847295
2015-12-16,4.87,5.06,4.86,4.96,56453219.0,281689008.0,1.869477,20.781398,1.889192
2015-12-17,4.96,5.09,4.96,5.06,47231092.0,238689673.0,1.564082,21.200378,1.927281
2015-12-18,5.06,5.2,4.99,5.15,55788756.0,285484736.0,1.847473,21.577459,1.96156
2015-12-21,5.2,5.49,5.12,5.27,108241526.0,572991968.0,3.584474,22.080235,2.007266
2015-12-22,5.25,5.25,5.13,5.19,47355998.0,245076316.0,1.568218,21.745051,1.976796
2015-12-23,5.22,5.24,5.06,5.12,48566647.0,249834002.0,1.608309,21.451765,1.950134
2015-12-24,5.15,5.15,5.05,5.1,25784340.0,131173411.0,0.853862,21.367969,1.942516
2015-12-25,5.11,5.18,5.1,5.17,30274978.0,155744654.0,1.002571,21.661255,1.969178
2015-12-28,5.15,5.26,5.05,5.05,52588075.0,271821264.0,1.741481,21.15848,1.923472
2015-12-29,5.02,5.15,5.02,5.12,22592459.0,114882652.0,0.748161,21.451765,1.950134
2015-12-30,5.13,5.26,5.09,5.18,42024553.0,217793740.0,1.391665,21.703153,1.972987
2015-12-31,5.18,5.27,5.09,5.1,30145770.0,156336063.0,0.998293,21.367969,1.942516
2016-01-04,5.1,5.1,4.61,4.62,37463698.0,182735865.0,1.24063,19.356866,1.759691
2016-01-05,4.55,4.74,4.49,4.67,58118490.0,269470080.0,1.924624,19.566356,1.778735
2016-01-06,4.68,4.79,4.63,4.78,55954560.0,263142434.0,1.852964,20.027234,1.820633
2016-01-07,4.7,4.71,4.33,4.36,12613050.0,57231143.0,0.417688,18.267519,1.660661
2016-01-08,4.58,4.58,4.36,4.53,39019633.0,175624506.0,1.292155,18.979785,1.725411
2016-01-11,4.47,4.56,4.25,4.26,35098881.0,155147097.0,1.162317,17.848539,1.622572
2016-01-12,4.34,4.36,4.17,4.31,23885815.0,102549224.0,0.790991,18.058029,1.641616
2016-01-13,4.32,4.37,4.22,4.23,22877872.0,98245584.0,0.757612,17.722845,1.611146
2016-01-14,4.1,4.33,4.09,4.31,22562903.0,95363547.0,0.747182,18.058029,1.641616
2016-01-15,4.3,4.32,4.13,4.16,21588270.0,90928835.0,0.714907,17.429559,1.584484
2016-01-18,4.09,4.2,4.06,4.15,22229281.0,92226304.0,0.736134,17.387661,1.580675
2016-01-19,4.1,4.32,4.09,4.3,28828263.0,122139684.0,0.954663,18.016131,1.637808
2016-01-20,4.26,4.29,4.18,4.21,25011724.0,105995275.0,0.828276,17.639049,1.603528
2016-01-21,4.16,4.24,4.09,4.1,20284970.0,84589243.0,0.671747,17.178172,1.56163
2016-01-22,4.14,4.17,4.06,4.16,15957642.0,65931331.0,0.528446,17.429559,1.584484
2016-01-25,4.18,4.21,4.15,4.18,12071197.0,50428314.0,0.399744,17.513355,1.592101
2016-01-26,4.12,4.15,3.86,3.9,28154619.0,113327029.0,0.932355,16.340212,1.485453
2016-01-27,3.91,3.94,3.61,3.81,27562467.0,104279567.0,0.912745,15.96313,1.451174
2016-01-28,3.8,3.82,3.62,3.64,14908334.0,55450043.0,0.493697,15.250864,1.386423
2016-01-29,3.63,3.76,3.62,3.74,17020768.0,63248068.0,0.563651,15.669844,1.424512
2016-02-01,3.74,3.74,3.64,3.68,11662687.0,43079815.0,0.386216,15.418456,1.401659
2016-02-02,3.66,3.78,3.66,3.77,13269673.0,49795343.0,0.439432,15.795538,1.435938
2016-02-03,3.73,3.84,3.72,3.84,17905564.0,67502971.0,0.592952,16.088824,1.4626
2016-02-04,3.85,4.04,3.81,4.02,27641127.0,107707989.0,0.91535,16.842988,1.53116
2016-02-05,3.96,3.99,3.85,3.88,22289975.0,87620879.0,0.738144,16.256416,1.477836
2016-02-15,3.77,3.89,3.7,3.82,12313982.0,46759930.0,0.407784,16.005028,1.454983
2016-02-16,3.85,3.96,3.85,3.95,19390878.0,76159964.0,0.642139,16.549702,1.504498
2016-02-17,3.94,4.03,3.91,3.99,25847410.0,102908665.0,0.85595,16.717294,1.519733
2016-02-18,4.03,4.03,3.95,3.96,20817490.0,83085754.0,0.689382,16.5916,1.508306
2016-02-19,3.96,4.0,3.94,3.97,14805656.0,58729982.0,0.490297,16.633498,1.512115
2016-02-22,4.01,4.06,3.98,4.05,24832575.0,99961033.0,0.822343,16.968682,1.542586
2016-02-23,4.04,4.07,3.96,4.06,27353440.0,110006315.0,0.905823,17.01058,1.546395
2016-02-24,4.02,4.1,3.98,4.06,25293063.0,102249516.0,0.837593,17.01058,1.546395
2016-02-25,4.04,4.04,3.66,3.71,34137683.0,132261212.0,1.130487,15.54415,1.413085
2016-02-26,3.75,3.83,3.69,3.79,22751481.0,85472084.0,0.753427,15.879334,1.443556
2016-02-29,3.78,3.79,3.61,3.67,19293578.0,70549636.0,0.638917,15.376558,1.39785
2016-03-01,3.7,3.76,3.66,3.74,17122190.0,63494327.0,0.56701,15.669844,1.424512
2016-03-02,3.73,3.91,3.72,3.91,27481465.0,105434588.0,0.910063,16.38211,1.489262
2016-03-03,3.91,3.96,3.88,3.91,24628349.0,96718191.0,0.81558,16.38211,1.489262
2016-03-04,3.9,3.93,3.8,3.86,23570430.0,91308711.0,0.780547,16.17262,1.470218
2016-03-07,3.88,3.96,3.88,3.94,20768504.0,81542789.0,0.68776,16.507804,1.500689
2016-03-08,3.92,3.98,3.8,3.96,24925374.0,96369535.0,0.825417,16.5916,1.508306
2016-03-09,3.9,3.9,3.84,3.87,15854165.0,61202876.0,0.525019,16.214518,1.474027
2016-03-10,3.87,3.89,3.8,3.81,10885843.0,41874646.0,0.36049,15.96313,1.451174
2016-03-11,3.79,3.86,3.76,3.8,10879387.0,41409129.0,0.360276,15.921232,1.447365
2016-03-14,3.84,3.93,3.81,3.9,21569750.0,83986797.0,0.714293,16.340212,1.485453
2016-03-15,3.9,3.9,3.83,3.86,13819826.0,53404051.0,0.457651,16.17262,1.470218
2016-03-16,3.88,3.91,3.83,3.84,14894508.0,57603354.0,0.493239,16.088824,1.4626
2016-03-17,3.87,3.93,3.85,3.92,25073245.0,97787019.0,0.830313,16.424008,1.493071
2016-03-18,3.92,4.01,3.9,4.0,37396765.0,148534220.0,1.238413,16.759192,1.523542
2016-03-21,4.02,4.06,3.99,4.06,37627048.0,151819665.0,1.246039,17.01058,1.546395
2016-03-22,4.03,4.04,3.99,4.0,24028702.0,96543763.0,0.795723,16.759192,1.523542
2016-03-23,4.0,4.03,3.96,4.02,20777326.0,83107464.0,0.688052,16.842988,1.53116
2016-03-24,4.0,4.06,3.94,4.02,35512712.0,142236154.0,1.176022,16.842988,1.53116
2016-03-25,4.02,4.02,4.02,4.02,0.0,0.0,,16.842988,1.53116
2016-03-28,4.02,4.02,4.02,4.02,0.0,0.0,,16.842988,1.53116
2016-03-29,4.02,4.02,4.02,4.02,0.0,0.0,,16.842988,1.53116
2016-03-30,4.02,4.02,4.02,4.02,0.0,0.0,,16.842988,1.53116
2016-03-31,4.02,4.02,4.02,4.02,0.0,0.0,,16.842988,1.53116
2016-04-01,4.02,4.02,4.02,4.02,0.0,0.0,,16.842988,1.53116
2016-04-05,4.02,4.02,4.02,4.02,0.0,0.0,,16.842988,1.53116
2016-04-06,4.02,4.02,4.02,4.02,0.0,0.0,,16.842988,1.53116
2016-04-07,4.02,4.02,4.02,4.02,0.0,0.0,,16.842988,1.53116
2016-04-08,4.02,4.02,4.02,4.02,0.0,0.0,,16.842988,1.53116
2016-04-11,4.23,4.25,4.11,4.12,52503453.0,218719652.0,1.738679,17.261967,1.569248
2016-04-12,4.08,4.12,4.02,4.06,27843899.0,112859682.0,0.922065,17.01058,1.546395
2016-04-13,4.06,4.17,4.06,4.12,30054728.0,124013192.0,0.995278,17.261967,1.569248
2016-04-14,4.12,4.16,4.08,4.13,19738539.0,81200628.0,0.653652,17.303865,1.573057
2016-04-15,4.16,4.18,4.12,4.13,23098020.0,95688582.0,0.764903,12.166163,1.445409
2016-04-18,4.13,4.14,4.07,4.08,14794658.0,60556781.0,0.489933,12.018873,1.427911
2016-04-19,4.1,4.12,4.06,4.1,13310289.0,54458121.0,0.440777,12.077789,1.43491
2016-04-20,4.11,4.13,3.83,3.9,30865952.0,122186594.0,1.022142,11.488629,1.364915
2016-04-21,3.92,4.07,3.9,3.92,21721082.0,86592203.0,0.719305,11.547545,1.371914
2016-04-22,3.94,3.98,3.89,3.97,13340799.0,52466053.0,0.441787,11.694835,1.389413
2016-04-25,3.93,3.97,3.89,3.96,12113287.0,47641110.0,0.401138,11.665377,1.385913
2016-04-26,3.96,4.01,3.93,3.99,11982355.0,47548749.0,0.396802,11.753751,1.396413
2016-04-27,3.99,4.0,3.94,3.96,11705567.0,46493349.0,0.387636,11.665377,1.385913
2016-04-28,3.95,3.98,3.9,3.94,11183274.0,43970975.0,0.37034,11.606461,1.378914
2016-04-29,3.92,3.98,3.91,3.94,7702899.0,30432298.0,0.255085,11.606461,1.378914
2016-05-03,3.96,4.03,3.93,4.02,19179440.0,76583204.0,0.635137,11.523261,1.398763
2016-05-04,4.0,4.07,3.99,4.03,17575579.0,71038430.0,0.582024,11.551925,1.402243
2016-05-05,4.03,4.06,4.01,4.05,12284031.0,49581344.0,0.406792,11.609255,1.409202
2016-05-06,4.05,4.06,3.9,3.91,21206876.0,83878868.0,0.702277,11.207948,1.360488
2016-05-09,3.91,3.91,3.81,3.84,17358400.0,66773367.0,0.574832,11.007294,1.336132
2016-05-10,3.85,3.86,3.82,3.84,8882679.0,34125495.0,0.294154,11.007294,1.336132
2016-05-11,3.86,3.86,3.82,3.83,10437372.0,40091120.0,0.345639,10.978629,1.332652
2016-05-12,3.8,3.83,3.76,3.79,10767408.0,40740800.0,0.356568,10.86397,1.318734
2016-05-13,3.79,3.84,3.77,3.8,9196965.0,34985548.0,0.304562,10.892634,1.322214
2016-05-16,3.8,3.82,3.77,3.81,9702539.0,36845877.0,0.321305,10.921299,1.325693
2016-05-17,3.81,3.82,3.77,3.79,10654157.0,40401813.0,0.352818,10.86397,1.318734
2016-05-18,3.8,3.8,3.7,3.74,13728883.0,51318850.0,0.454639,10.720645,1.301337
2016-05-19,3.75,3.79,3.72,3.74,8752778.0,32907004.0,0.289853,10.720645,1.301337
2016-05-20,3.7,3.79,3.7,3.77,9568870.0,35837287.0,0.316878,10.80664,1.311775
2016-05-23,3.76,3.8,3.75,3.77,11162848.0,42095669.0,0.369663,10.80664,1.311775
2016-05-24,3.77,3.78,3.7,3.74,9780930.0,36446740.0,0.323901,10.720645,1.301337
2016-05-25,3.74,3.77,3.71,3.73,8650327.0,32389216.0,0.28646,10.691981,1.297857
2016-05-26,3.76,3.77,3.7,3.73,9405232.0,35075091.0,0.311459,10.691981,1.297857
2016-05-27,3.74,3.75,3.72,3.73,8209766.0,30696320.0,0.271871,10.691981,1.297857
2016-05-30,3.73,3.76,3.69,3.74,7162541.0,26726819.0,0.237191,10.720645,1.301337
2016-05-31,3.74,3.87,3.74,3.86,22213431.0,84936925.0,0.735609,11.064623,1.343091
2016-06-01,3.87,3.88,3.84,3.84,17662347.0,68101946.0,0.584898,11.007294,1.336132
2016-06-02,3.84,3.86,3.82,3.85,12283218.0,47146233.0,0.406765,11.035959,1.339611
2016-06-03,3.84,3.86,3.81,3.85,14072157.0,53981785.0,0.466007,11.035959,1.339611
2016-06-06,3.85,3.86,3.82,3.84,12004349.0,46031130.0,0.39753,11.007294,1.336132
2016-06-07,3.84,3.85,3.81,3.83,9028357.0,34482759.0,0.298979,10.978629,1.332652
2016-06-08,3.85,3.87,3.83,3.85,20107699.0,77440538.0,0.665877,11.035959,1.339611
2016-06-13,3.83,3.83,3.71,3.72,16178545.0,61080973.0,0.535761,10.663316,1.294378
2016-06-14,3.71,3.73,3.7,3.72,9695664.0,35991523.0,0.321077,10.663316,1.294378
2016-06-15,3.7,3.79,3.68,3.77,14468110.0,54304297.0,0.479119,10.80664,1.311775
2016-06-16,3.77,3.77,3.73,3.74,10849737.0,40653984.0,0.359295,10.720645,1.301337
2016-06-17,3.75,3.78,3.73,3.74,10237160.0,38454292.0,0.339009,10.720645,1.301337
2016-06-20,3.74,3.76,3.71,3.75,8870506.0,33175434.0,0.293751,10.74931,1.304816
2016-06-21,3.76,3.78,3.72,3.73,10962339.0,41162859.0,0.363023,10.691981,1.297857
2016-06-22,3.73,3.79,3.73,3.78,12008659.0,45153273.0,0.397673,10.835305,1.315255
2016-06-23,3.77,3.78,3.73,3.77,10343850.0,38839557.0,0.342542,10.80664,1.311775
2016-06-24,3.81,4.05,3.76,3.85,46167851.0,178488023.0,1.528872,11.035959,1.339611
2016-06-27,3.8,3.88,3.77,3.88,24232566.0,93007789.0,0.802474,11.121953,1.35005
2016-06-28,3.84,3.9,3.82,3.89,21335650.0,82142753.0,0.706541,11.150618,1.353529
2016-06-29,3.89,4.02,3.86,3.98,35426675.0,139503076.0,1.173173,11.408601,1.384845
2016-06-30,3.99,3.99,3.91,3.94,22057073.0,86951685.0,0.730431,11.293942,1.370927
2016-07-01,3.93,3.95,3.89,3.9,15663819.0,61361008.0,0.518715,11.179283,1.357009
2016-07-04,3.9,3.97,3.89,3.97,20690831.0,81663606.0,0.685188,11.379936,1.381366
2016-07-05,3.96,3.99,3.95,3.97,18150122.0,71983681.0,0.601051,11.379936,1.381366
2016-07-06,4.01,4.03,3.97,3.99,21253442.0,84826667.0,0.703819,11.437266,1.388325
2016-07-07,3.96,4.0,3.89,3.96,27677458.0,108869237.0,0.916553,11.351272,1.377886
2016-07-08,3.94,3.95,3.9,3.91,14665756.0,57428436.0,0.485664,11.207948,1.360488
2016-07-11,3.92,3.95,3.9,3.91,16977119.0,66635071.0,0.562206,11.207948,1.360488
2016-07-12,3.9,3.95,3.89,3.95,20397840.0,80031497.0,0.675485,11.322607,1.374407
2016-07-13,3.93,4.02,3.92,4.01,37869423.0,151150889.0,1.254065,11.494596,1.395284
2016-07-14,3.99,4.0,3.96,3.98,17087083.0,67945884.0,0.565848,11.408601,1.384845
2016-07-15,3.97,4.02,3.96,3.99,17112221.0,68324765.0,0.56668,11.437266,1.388325
2016-07-18,3.97,3.99,3.94,3.96,15123135.0,59912828.0,0.50081,11.351272,1.377886
2016-07-19,3.96,3.97,3.92,3.95,17340351.0,68306961.0,0.574235,11.322607,1.374407
2016-07-20,3.95,3.96,3.93,3.94,12495097.0,49326086.0,0.413782,11.293942,1.370927
2016-07-21,3.94,3.98,3.94,3.96,13261510.0,52474027.0,0.439162,11.351272,1.377886
2016-07-22,3.95,3.96,3.92,3.93,15565312.0,61224618.0,0.515453,11.265277,1.367447
2016-07-25,3.92,3.99,3.91,3.98,23601984.0,93566626.0,0.781592,11.408601,1.384845
2016-07-26,3.98,3.98,3.95,3.98,16877757.0,66991704.0,0.558916,11.408601,1.384845
2016-07-27,3.98,4.0,3.82,3.85,32004362.0,125083977.0,1.059841,11.035959,1.339611
2016-07-28,3.86,3.88,3.82,3.87,16973869.0,65382855.0,0.562098,11.093288,1.34657
2016-07-29,3.87,3.91,3.86,3.88,12199627.0,47368999.0,0.403997,11.121953,1.35005
2016-08-01,3.87,3.87,3.83,3.85,13200376.0,50830179.0,0.437137,11.035959,1.339611
2016-08-02,3.85,3.88,3.84,3.87,9884132.0,38150388.0,0.327318,11.093288,1.34657
2016-08-03,3.86,3.97,3.86,3.94,19598486.0,76724417.0,0.649014,11.293942,1.370927
2016-08-04,3.96,3.99,3.95,3.97,24276932.0,96306974.0,0.803943,11.379936,1.381366
2016-08-05,3.96,3.96,3.92,3.93,15042893.0,59233458.0,0.498153,11.265277,1.367447
2016-08-08,3.93,3.96,3.9,3.95,13213478.0,51989019.0,0.437571,11.322607,1.374407
2016-08-09,3.96,4.02,3.93,4.0,31908012.0,127290514.0,1.05665,11.465931,1.391804
2016-08-10,4.01,4.02,3.96,3.96,17747515.0,70784507.0,0.587718,11.351272,1.377886
2016-08-11,3.96,4.02,3.93,3.96,19238903.0,76431415.0,0.637106,11.351272,1.377886
2016-08-12,3.95,4.0,3.93,3.99,19557008.0,77503430.0,0.64764,11.437266,1.388325
2016-08-15,3.99,4.07,3.98,4.06,44402055.0,179224785.0,1.470397,11.63792,1.412681
2016-08-16,4.05,4.08,4.04,4.05,25742425.0,104286301.0,0.852474,11.609255,1.409202
2016-08-17,4.04,4.06,4.02,4.05,17953789.0,72496928.0,0.594549,11.609255,1.409202
2016-08-18,4.03,4.08,4.03,4.05,20542779.0,83280531.0,0.680285,11.609255,1.409202
2016-08-19,4.05,4.07,4.01,4.07,21175374.0,85644835.0,0.701233,11.666585,1.416161
2016-08-22,4.07,4.14,4.05,4.09,39041651.0,160238915.0,1.292884,11.723914,1.42312
2016-08-23,4.09,4.14,4.07,4.12,26264349.0,108020527.0,0.869757,11.809909,1.433558
2016-08-24,4.12,4.12,4.05,4.07,18171063.0,74202533.0,0.601744,11.666585,1.416161
2016-08-25,4.07,4.07,4.0,4.05,20851858.0,83864425.0,0.69052,11.609255,1.409202
2016-08-26,4.05,4.05,4.01,4.02,21502894.0,86583534.0,0.712079,11.523261,1.398763
2016-08-29,4.0,4.15,4.0,4.11,30893366.0,126242994.0,1.02305,11.781244,1.430079
2016-08-30,4.1,4.14,4.05,4.06,21637390.0,88520636.0,0.716533,11.63792,1.412681
2016-08-31,4.05,4.08,4.03,4.06,12320286.0,49877445.0,0.407993,11.710528,1.409832
2016-09-01,4.12,4.15,4.03,4.03,23192078.0,94770384.0,0.768018,11.623997,1.399414
2016-09-02,4.0,4.04,4.0,4.02,16081091.0,64606556.0,0.532534,11.595153,1.395942
2016-09-05,4.04,4.07,4.03,4.05,11322800.0,45862906.0,0.37496,11.681684,1.406359
2016-09-06,4.03,4.08,4.0,4.07,17311393.0,69916395.0,0.573276,11.739372,1.413304
2016-09-07,4.07,4.22,4.06,4.2,81586944.0,340015696.0,2.701794,12.114339,1.458446
2016-09-08,4.15,4.2,4.12,4.17,37380172.0,155385494.0,1.237864,12.027808,1.448029
2016-09-09,4.21,4.25,4.13,4.15,36354859.0,152318362.0,1.20391,11.970121,1.441084
2016-09-12,4.1,4.12,4.04,4.06,33464468.0,136313449.0,1.108193,11.710528,1.409832
2016-09-13,4.08,4.18,4.06,4.17,33653291.0,138549394.0,1.114446,12.027808,1.448029
2016-09-14,4.15,4.15,4.08,4.09,21010753.0,86405524.0,0.695782,11.797059,1.420249
2016-09-19,4.1,4.14,4.09,4.14,15026992.0,61838270.0,0.497627,11.941277,1.437611
2016-09-20,4.15,4.41,4.09,4.27,80744988.0,343907632.0,2.673912,12.316245,1.482754
2016-09-21,4.24,4.25,4.19,4.2,39016822.0,164359850.0,1.292062,12.114339,1.458446
2016-09-22,4.22,4.26,4.21,4.24,32885196.0,139214239.0,1.08901,12.229714,1.472336
2016-09-23,4.25,4.52,4.24,4.39,100364025.0,439993824.0,3.323606,12.662369,1.524424
2016-09-26,4.35,4.49,4.31,4.36,63450926.0,278984880.0,2.10121,12.575838,1.514006
2016-09-27,4.31,4.39,4.24,4.38,47245349.0,202849186.0,1.564554,12.633525,1.520951
2016-09-28,4.36,4.37,4.29,4.32,28830791.0,124684089.0,0.954746,12.460463,1.500116
2016-09-29,4.31,4.36,4.29,4.32,27330712.0,118174555.0,0.905071,12.460463,1.500116
2016-09-30,4.31,4.37,4.26,4.35,33870742.0,146026260.0,1.121647,12.546994,1.510534
2016-10-10,4.36,4.43,4.33,4.42,36922747.0,161811357.0,1.222716,12.7489,1.534841
2016-10-11,4.4,4.45,4.39,4.42,29983943.0,132364274.0,0.992934,12.7489,1.534841
2016-10-12,4.41,4.42,4.36,4.39,22720783.0,99706017.0,0.75241,12.662369,1.524424
2016-10-13,4.36,4.4,4.34,4.35,23569568.0,102765242.0,0.780518,12.546994,1.510534
2016-10-14,4.34,4.37,4.29,4.33,19872140.0,85983415.0,0.658076,12.489307,1.503589
2016-10-17,4.34,4.36,4.27,4.28,19560422.0,84491932.0,0.647753,12.345089,1.486226
2016-10-18,4.26,4.36,4.26,4.36,23307304.0,100928368.0,0.771833,12.575838,1.514006
2016-10-19,4.36,4.38,4.3,4.32,22038670.0,95498802.0,0.729822,12.460463,1.500116
2016-10-20,4.32,4.33,4.28,4.29,13639172.0,58551864.0,0.451668,12.373932,1.489699
2016-10-21,4.29,4.4,4.26,4.34,28981186.0,125849824.0,0.959727,12.518151,1.507061
2016-10-24,4.36,4.53,4.36,4.5,96356912.0,431289408.0,3.190909,12.979649,1.562621
2016-10-25,4.5,4.53,4.42,4.47,39009321.0,173856435.0,1.291814,12.893118,1.552204
2016-10-26,4.46,4.48,4.41,4.45,28343803.0,125649003.0,0.93862,12.835431,1.545259
2016-10-27,4.43,4.47,4.39,4.46,17824236.0,78858615.0,0.590259,12.864275,1.548731
2016-10-28,4.46,4.47,4.38,4.39,18887538.0,83417035.0,0.625471,12.662369,1.524424
2016-10-31,4.38,4.43,4.36,4.38,16299682.0,71651912.0,0.539772,11.702595,1.461401
2016-11-01,4.39,4.45,4.38,4.43,26062573.0,115373385.0,0.863076,11.836187,1.478084
2016-11-02,4.41,4.42,4.33,4.35,27354436.0,119551776.0,0.905856,11.622441,1.451391
2016-11-03,4.35,4.45,4.33,4.42,32543502.0,143367473.0,1.077695,11.809468,1.474747
2016-11-04,4.4,4.41,4.33,4.36,26640739.0,116321111.0,0.882222,11.649159,1.454728
2016-11-07,4.35,4.44,4.31,4.36,28463656.0,124402900.0,0.942589,11.649159,1.454728
2016-11-08,4.36,4.39,4.34,4.37,17197214.0,75079510.0,0.569495,11.675877,1.458064
2016-11-09,4.39,4.39,4.25,4.28,32821612.0,141721063.0,1.086905,11.435413,1.428036
2016-11-10,4.32,4.39,4.32,4.36,29113256.0,127003155.0,0.9641,11.649159,1.454728
2016-11-11,4.36,4.48,4.34,4.44,53268448.0,236621339.0,1.764012,11.862905,1.48142
2016-11-14,4.43,4.54,4.4,4.49,52878204.0,236284867.0,1.751089,11.996496,1.498103
2016-11-15,4.49,4.62,4.46,4.53,40666310.0,184592141.0,1.346686,12.103369,1.511449
2016-11-16,4.53,4.55,4.46,4.49,26682952.0,119817709.0,0.88362,11.996496,1.498103
2016-11-17,4.5,4.57,4.42,4.55,36823363.0,165667523.0,1.219425,12.156806,1.518122
2016-11-18,4.55,4.56,4.48,4.5,25170300.0,114035137.0,0.833527,12.023214,1.501439
2016-11-21,4.48,4.63,4.47,4.57,45861035.0,209792694.0,1.518712,12.210242,1.524795
2016-11-22,4.57,4.6,4.53,4.57,23897391.0,108892820.0,0.791374,12.210242,1.524795
2016-11-23,4.56,4.66,4.53,4.6,45248454.0,207835845.0,1.498426,12.290397,1.534805
2016-11-24,4.58,4.69,4.55,4.57,34856875.0,160855355.0,1.154303,12.210242,1.524795
2016-11-25,4.57,4.58,4.45,4.56,32254187.0,145479329.0,1.068114,12.183524,1.521459
2016-11-28,5.02,5.02,4.83,5.02,163213394.0,812422368.0,5.404895,13.412564,1.674939
2016-11-29,5.15,5.49,5.12,5.46,236865334.0,1261762688.0,7.843917,14.588167,1.821746
2016-11-30,5.26,5.26,5.07,5.16,144465762.0,745227008.0,4.784058,13.786619,1.721651
2016-12-01,5.18,5.2,5.07,5.15,76112454.0,389456512.0,2.520503,13.759901,1.718314
2016-12-02,5.11,5.15,5.01,5.05,68543548.0,347819760.0,2.269855,13.492718,1.684949
2016-12-05,4.9,4.97,4.72,4.76,90648061.0,437493488.0,3.001857,12.717889,1.588189
2016-12-06,4.75,4.87,4.74,4.82,45283342.0,217818598.0,1.499581,12.878199,1.608208
2016-12-07,4.82,4.95,4.79,4.92,47643481.0,232370942.0,1.577738,13.145381,1.641574
2016-12-08,4.94,4.94,4.8,4.83,39794822.0,193131663.0,1.317826,12.904917,1.611545
2016-12-09,4.82,4.93,4.79,4.88,37624046.0,183046398.0,1.24594,13.038508,1.628228
2016-12-12,4.89,4.95,4.66,4.68,56579740.0,269852448.0,1.873667,12.504143,1.561497
2016-12-13,4.65,4.71,4.56,4.71,33209260.0,153999870.0,1.099742,12.584298,1.571507
2016-12-14,4.69,4.69,4.57,4.59,27792396.0,128850973.0,0.920359,12.263679,1.531468
2016-12-15,4.6,4.66,4.58,4.62,25546932.0,117904659.0,0.846,12.343833,1.541478
2016-12-16,4.6,4.72,4.57,4.71,29947959.0,139645233.0,0.991742,12.584298,1.571507
2016-12-19,4.72,4.78,4.67,4.72,25422377.0,120291791.0,0.841875,12.611016,1.574843
2016-12-20,4.71,4.71,4.6,4.62,22992232.0,106685010.0,0.7614,12.343833,1.541478
2016-12-21,4.63,4.69,4.62,4.69,20037109.0,93342429.0,0.663539,12.530861,1.564834
2016-12-22,4.68,4.92,4.67,4.87,55110328.0,266346431.0,1.825007,13.01179,1.624891
2016-12-23,4.8,4.85,4.76,4.8,31818594.0,152558802.0,1.053689,12.824762,1.601535
2016-12-26,4.8,4.86,4.7,4.86,30486219.0,145412876.0,1.009567,12.985072,1.621555
2016-12-27,4.99,5.13,4.89,4.9,81637423.0,409627072.0,2.703465,13.091945,1.634901
2016-12-28,4.84,4.92,4.78,4.82,39245146.0,189592767.0,1.299623,12.878199,1.608208
2016-12-29,4.8,4.83,4.75,4.79,20319808.0,97267482.0,0.672901,12.798044,1.598199
2016-12-30,4.78,4.83,4.74,4.74,17096155.0,81667673.0,0.566148,12.664452,1.581516
2017-01-03,4.73,4.85,4.73,4.85,24450803.0,117594985.0,0.809701,12.958353,1.618218
2017-01-04,4.84,4.91,4.81,4.9,27237864.0,132958924.0,0.901996,13.091945,1.634901
2017-01-05,4.89,4.96,4.86,4.89,27293735.0,133804460.0,0.903846,13.065226,1.631564
2017-01-06,4.87,4.98,4.86,4.96,37538189.0,184789192.0,1.243096,13.252254,1.65492
2017-01-09,4.95,5.09,4.93,5.06,51835196.0,261819486.0,1.716549,13.519437,1.688285
2017-01-10,5.06,5.06,5.0,5.01,25913417.0,130105110.0,0.858136,13.385845,1.671603
2017-01-11,5.03,5.05,4.9,4.93,25588873.0,127038194.0,0.847389,13.172099,1.64491
2017-01-12,4.93,4.94,4.89,4.9,15376760.0,75543353.0,0.509209,13.091945,1.634901
2017-01-13,4.89,4.9,4.83,4.86,18734344.0,91037384.0,0.620397,12.985072,1.621555
2017-01-16,4.87,4.88,4.51,4.68,35937512.0,168833426.0,1.190089,12.504143,1.561497
2017-01-17,4.63,4.7,4.62,4.69,13738780.0,64098161.0,0.454967,12.530861,1.564834
2017-01-18,4.68,4.77,4.66,4.72,15645427.0,74126430.0,0.518106,12.611016,1.574843
2017-01-19,4.7,4.73,4.65,4.67,14569278.0,68344265.0,0.482469,12.477425,1.55816
2017-01-20,4.68,4.82,4.65,4.77,19866612.0,94310921.0,0.657893,12.744607,1.591526
2017-01-23,4.75,4.81,4.73,4.79,14567627.0,69584825.0,0.482414,12.798044,1.598199
2017-01-24,4.78,4.92,4.76,4.87,36011332.0,175012770.0,1.192534,13.01179,1.624891
2017-01-25,4.86,4.89,4.84,4.87,15822643.0,76933617.0,0.523975,13.01179,1.624891
2017-01-26,4.86,4.89,4.86,4.88,10023600.0,48875139.0,0.331937,13.038508,1.628228
2017-02-03,4.89,4.9,4.8,4.81,11067848.0,53464938.0,0.366517,12.85148,1.604872
2017-02-06,4.81,4.92,4.8,4.9,16746438.0,81724319.0,0.554567,13.091945,1.634901
2017-02-07,4.92,4.96,4.89,4.93,19581238.0,96418944.0,0.648443,13.172099,1.64491
2017-02-08,4.93,4.96,4.87,4.96,16433904.0,80763345.0,0.544217,13.252254,1.65492
2017-02-09,4.96,5.11,4.95,5.03,38623901.0,194637800.0,1.27905,13.439282,1.678276
2017-02-10,5.05,5.28,5.05,5.17,102448930.0,531324608.0,3.392649,13.813337,1.724987
2017-02-13,5.33,5.38,5.14,5.16,61175868.0,318942624.0,2.02587,13.786619,1.721651
2017-02-14,5.16,5.25,5.08,5.23,62900088.0,323657888.0,2.082969,13.973647,1.745006
2017-02-15,5.21,5.22,5.08,5.09,42993053.0,221367041.0,1.423737,13.599591,1.698295
2017-02-16,5.1,5.19,5.09,5.17,27876655.0,143758326.0,0.92315,13.813337,1.724987
2017-02-17,5.17,5.17,5.07,5.1,25393928.0,129854401.0,0.840933,13.62631,1.701631
2017-02-20,5.12,5.21,5.1,5.2,33622709.0,173877492.0,1.113433,13.893492,1.734997
2017-02-21,5.2,5.22,5.12,5.16,31493472.0,162401012.0,1.042923,13.786619,1.721651
2017-02-22,5.15,5.17,5.12,5.16,26899300.0,138408445.0,0.890784,13.786619,1.721651
2017-02-23,5.17,5.18,5.03,5.1,35762749.0,182195719.0,1.184302,13.62631,1.701631
2017-02-24,5.08,5.09,5.04,5.08,16815722.0,85166767.0,0.556861,13.572873,1.694958
2017-02-27,5.09,5.12,5.01,5.03,24819176.0,125735880.0,0.8219,13.439282,1.678276
2017-02-28,5.04,5.07,4.99,5.05,18514878.0,93073272.0,0.61313,13.492718,1.684949
2017-03-01,5.05,5.11,5.03,5.07,22905099.0,116348597.0,0.758514,13.546155,1.691622
2017-03-02,5.08,5.1,5.01,5.01,16068997.0,81053850.0,0.532133,13.385845,1.671603
2017-03-03,5.0,5.01,4.96,5.0,14449782.0,72063046.0,0.478512,13.359127,1.668266
2017-03-06,5.0,5.04,4.97,5.0,16019354.0,79942624.0,0.530489,13.359127,1.668266
2017-03-07,4.98,5.0,4.91,4.94,26648454.0,131521426.0,0.882477,13.198818,1.648247
2017-03-08,4.93,4.98,4.93,4.95,15992932.0,79204208.0,0.529614,13.225536,1.651583
2017-03-09,4.95,4.96,4.82,4.84,25090690.0,122121403.0,0.830891,12.931635,1.614881
2017-03-10,4.85,4.86,4.79,4.8,22979231.0,110674851.0,0.760969,12.824762,1.601535
2017-03-13,4.8,4.83,4.74,4.83,30046950.0,143692146.0,0.99502,12.904917,1.611545
2017-03-14,4.83,4.86,4.78,4.79,16071108.0,77493576.0,0.532203,12.798044,1.598199
2017-03-15,4.79,4.82,4.74,4.81,16579772.0,79330268.0,0.549048,12.85148,1.604872
2017-03-16,4.8,4.9,4.8,4.89,26031638.0,126689720.0,0.862051,13.065226,1.631564
2017-03-17,4.88,4.91,4.82,4.83,27595188.0,134398157.0,0.913829,12.904917,1.611545
2017-03-20,4.82,4.89,4.81,4.88,15426544.0,74955190.0,0.510858,13.038508,1.628228
2017-03-21,4.87,4.93,4.86,4.9,21079305.0,103347236.0,0.698052,13.091945,1.634901
2017-03-22,4.88,4.94,4.84,4.9,23820011.0,116599889.0,0.788812,13.091945,1.634901
2017-03-23,4.9,5.07,4.88,5.07,69708238.0,348670192.0,2.308424,13.546155,1.691622
2017-03-24,5.08,5.09,5.0,5.07,39173036.0,197660298.0,1.297235,13.546155,1.691622
2017-03-27,5.08,5.18,5.04,5.06,39850975.0,203313341.0,1.319686,13.519437,1.688285
2017-03-28,5.1,5.16,4.97,4.98,44776457.0,226828049.0,1.482795,13.305691,1.661593
2017-03-29,5.0,5.16,4.97,5.12,56253638.0,286274272.0,1.862868,13.679746,1.708304
2017-03-30,5.11,5.15,5.0,5.1,46336538.0,235077314.0,1.534458,13.62631,1.701631
2017-03-31,5.08,5.1,4.96,5.0,34728247.0,173595588.0,1.150044,13.359127,1.668266
2017-04-05,4.99,5.11,4.98,5.11,49090906.0,248296958.0,1.625671,13.653028,1.704968
2017-04-06,5.13,5.33,5.06,5.18,77259172.0,399732064.0,2.558477,13.840056,1.728324
2017-04-07,5.14,5.16,5.06,5.09,51631160.0,263254079.0,1.709792,13.599591,1.698295
2017-04-10,5.08,5.12,5.04,5.06,30412282.0,154119121.0,1.007118,13.519437,1.688285
2017-04-11,5.06,5.11,4.99,5.1,39717167.0,200643897.0,1.315254,13.62631,1.701631
2017-04-12,5.12,5.27,5.08,5.15,82217456.0,425536880.0,2.722673,13.759901,1.718314
2017-04-13,5.14,5.29,5.13,5.25,60939381.0,319063904.0,2.018039,14.027083,1.751679
2017-04-14,5.22,5.29,5.13,5.16,42883041.0,223038971.0,1.420094,13.786619,1.721651
2017-04-17,5.14,5.14,4.99,5.05,50138795.0,253613701.0,1.660372,14.599217,1.58116
2017-04-18,5.04,5.07,4.99,5.01,36949262.0,185669385.0,1.223594,14.48358,1.568636
2017-04-19,4.98,4.99,4.82,4.94,37347983.0,183126061.0,1.236798,14.281215,1.546719
2017-04-20,4.94,4.97,4.88,4.93,22202818.0,109216194.0,0.735258,14.252305,1.543588
2017-04-21,4.94,4.96,4.9,4.94,13101652.0,64655038.0,0.433868,14.281215,1.546719
2017-04-24,4.93,4.93,4.56,4.67,28980962.0,138890137.0,0.959719,13.500662,1.462182
2017-04-25,4.65,4.77,4.59,4.64,23602892.0,110607267.0,0.781622,13.413934,1.452789
2017-04-26,4.65,4.72,4.65,4.69,20214866.0,94897490.0,0.669426,13.558481,1.468444
2017-04-27,4.69,4.74,4.56,4.74,21007106.0,97849239.0,0.695661,13.703028,1.484099
2017-04-28,4.73,4.75,4.69,4.73,14777701.0,69707197.0,0.489371,13.674119,1.480968
2017-05-02,4.7,4.7,4.59,4.61,32178900.0,148416360.0,1.065621,13.578845,1.443526
2017-05-03,4.59,4.64,4.46,4.48,34022742.0,154331936.0,1.126681,13.195928,1.40282
2017-05-04,4.47,4.48,4.34,4.36,42935386.0,189241828.0,1.421827,12.842465,1.365244
2017-05-05,4.35,4.36,4.23,4.25,39720392.0,170228894.0,1.315361,12.518458,1.3308
2017-05-08,4.24,4.27,4.2,4.24,20438074.0,86391177.0,0.676817,12.489003,1.327669
2017-05-09,4.21,4.26,4.18,4.26,20248777.0,85522378.0,0.670549,12.547913,1.333931
2017-05-10,4.26,4.28,4.07,4.07,27151194.0,113302876.0,0.899126,11.988265,1.274437
2017-05-11,4.04,4.07,3.95,4.04,23348990.0,93656690.0,0.773214,11.899899,1.265043
2017-05-12,4.03,4.1,4.01,4.07,16684144.0,67729964.0,0.552504,11.988265,1.274437
2017-05-15,4.08,4.12,4.05,4.07,12033619.0,49215310.0,0.398499,11.988265,1.274437
2017-05-16,4.04,4.11,4.0,4.1,24805389.0,100500017.0,0.821443,12.07663,1.28383
2017-05-17,4.11,4.16,4.09,4.12,21605724.0,89204152.0,0.715485,12.135541,1.290093
2017-05-18,4.08,4.12,4.06,4.07,13091990.0,53532897.0,0.433548,11.988265,1.274437
2017-05-19,4.07,4.1,4.02,4.07,12681309.0,51460961.0,0.419948,11.988265,1.274437
2017-05-22,4.07,4.07,3.98,4.0,21352637.0,85738449.0,0.707104,11.782078,1.252518
2017-05-23,3.98,3.99,3.86,3.88,22575176.0,88407435.0,0.747589,11.428616,1.214942
2017-05-24,3.85,3.91,3.83,3.9,13525919.0,52434822.0,0.447918,11.487526,1.221205
2017-05-25,3.9,3.98,3.87,3.98,17059225.0,67064495.0,0.564925,11.723168,1.246255
2017-05-26,3.96,4.0,3.95,3.97,11321329.0,45010484.0,0.374912,11.693713,1.243124
2017-05-31,3.99,4.03,3.97,3.97,12487056.0,49907154.0,0.413515,11.693713,1.243124
2017-06-01,3.98,3.99,3.92,3.92,12128407.0,48081865.0,0.401638,11.546437,1.227467
2017-06-02,3.92,3.98,3.88,3.98,11670935.0,45937061.0,0.386489,11.723168,1.246255
2017-06-05,3.99,4.01,3.98,4.0,9267024.0,37042855.0,0.306882,11.782078,1.252518
2017-06-06,4.0,4.05,3.98,4.04,13145089.0,52874754.0,0.435306,11.899899,1.265043
2017-06-07,4.04,4.1,4.03,4.1,16223654.0,66141652.0,0.537255,12.07663,1.28383
2017-06-08,4.13,4.17,4.11,4.12,20535077.0,85013532.0,0.68003,12.135541,1.290093
2017-06-09,4.1,4.12,4.06,4.11,18571445.0,75912262.0,0.615003,12.106085,1.286962
2017-06-12,4.09,4.11,4.06,4.07,13576893.0,55438142.0,0.449606,11.988265,1.274437
2017-06-13,4.07,4.12,4.06,4.11,13055450.0,53519970.0,0.432338,12.106085,1.286962
2017-06-14,4.11,4.11,4.07,4.1,9410620.0,38446119.0,0.311638,12.07663,1.28383
2017-06-15,4.09,4.14,4.08,4.14,14593761.0,60057648.0,0.48328,12.194451,1.296356
2017-06-16,4.13,4.13,4.1,4.11,10122444.0,41691617.0,0.33521,12.106085,1.286962
2017-06-19,4.13,4.14,4.1,4.14,8371285.0,34503388.0,0.277219,12.194451,1.296356
2017-06-20,4.19,4.3,4.18,4.2,33955148.0,144113464.0,1.124442,12.371182,1.315143
2017-06-21,4.2,4.24,4.16,4.21,16088266.0,67491359.0,0.532771,12.400637,1.318275
2017-06-22,4.18,4.18,4.09,4.1,19127654.0,79250320.0,0.633422,12.07663,1.28383
2017-06-23,4.09,4.11,4.0,4.06,17158359.0,69467359.0,0.568208,11.958809,1.271305
2017-06-26,4.06,4.11,4.05,4.11,11839499.0,48488107.0,0.392071,12.106085,1.286962
2017-06-27,4.12,4.13,4.1,4.11,10355014.0,42580969.0,0.342912,12.106085,1.286962
2017-06-28,4.09,4.11,4.07,4.09,9233999.0,37766818.0,0.305789,12.047175,1.280699
2017-06-29,4.09,4.14,4.08,4.12,11178101.0,46051197.0,0.370169,12.135541,1.290093
2017-06-30,4.1,4.18,4.09,4.16,17296219.0,71652668.0,0.572773,12.253361,1.302618
2017-07-03,4.16,4.18,4.13,4.17,13436015.0,55836249.0,0.444941,12.282817,1.30575
2017-07-04,4.17,4.18,4.12,4.14,11438136.0,47403162.0,0.37878,12.194451,1.296356
2017-07-05,4.14,4.17,4.14,4.17,12649105.0,52570368.0,0.418882,12.282817,1.30575
2017-07-06,4.16,4.21,4.15,4.19,16096882.0,67369271.0,0.533057,12.341727,1.312012
2017-07-07,4.18,4.21,4.14,4.2,16578455.0,69118461.0,0.549004,12.371182,1.315143
2017-07-10,4.19,4.37,4.18,4.29,39874998.0,169334092.0,1.320481,12.636279,1.343325
2017-07-11,4.25,4.26,4.2,4.21,31405755.0,132768256.0,1.040018,12.400637,1.318275
2017-07-12,4.17,4.34,4.17,4.29,42938863.0,183698774.0,1.421943,12.636279,1.343325
2017-07-13,4.29,4.72,4.27,4.72,154272207.0,717517344.0,5.108803,13.902852,1.477971
2017-07-14,4.74,4.75,4.58,4.69,154710706.0,721273072.0,5.123325,13.814487,1.468577
2017-07-17,4.61,4.66,4.36,4.52,87889768.0,397690672.0,2.910515,13.313749,1.415345
2017-07-18,4.47,4.63,4.42,4.62,79460708.0,362164032.0,2.631382,13.6083,1.446658
2017-07-19,4.56,4.89,4.53,4.76,119616966.0,561776928.0,3.961177,14.020673,1.490496
2017-07-20,4.69,4.73,4.61,4.64,72052739.0,336374592.0,2.386063,13.667211,1.45292
2017-07-21,4.64,4.67,4.56,4.62,41728499.0,192136659.0,1.381861,13.6083,1.446658
2017-07-24,4.58,4.72,4.57,4.67,44064070.0,205924352.0,1.459204,13.755576,1.462314
2017-07-25,4.65,4.66,4.5,4.52,41285470.0,187922150.0,1.36719,13.313749,1.415345
2017-07-26,4.5,4.54,4.45,4.53,28876772.0,129709330.0,0.956269,13.343204,1.418476
2017-07-27,4.52,4.52,4.42,4.48,29089740.0,130041777.0,0.963322,13.195928,1.40282
2017-07-28,4.46,4.54,4.46,4.5,22914251.0,103204540.0,0.758817,13.254838,1.409082
2017-07-31,4.48,4.57,4.46,4.57,29626657.0,134383214.0,0.981102,13.461024,1.431001
2017-08-01,4.56,4.59,4.51,4.56,32702414.0,148739969.0,1.082957,13.431569,1.42787
2017-08-02,4.51,4.53,4.45,4.46,30985426.0,138921080.0,1.026098,13.137017,1.396557
2017-08-03,4.43,4.47,4.42,4.45,18232991.0,81046072.0,0.603795,13.107562,1.393426
2017-08-04,4.46,4.55,4.45,4.48,25985702.0,116928139.0,0.86053,13.195928,1.40282
2017-08-07,4.52,4.57,4.5,4.57,25037215.0,113774532.0,0.82912,13.461024,1.431001
2017-08-08,4.6,4.63,4.52,4.55,27920304.0,127537295.0,0.924595,13.402114,1.424739
2017-08-09,5.01,5.01,4.74,4.8,204503251.0,997515792.0,6.77223,14.138494,1.503021
2017-08-10,4.67,4.73,4.62,4.63,96001174.0,447083968.0,3.179128,13.637756,1.449789
2017-08-11,4.58,4.61,4.43,4.45,55910200.0,252579237.0,1.851495,13.107562,1.393426
2017-08-14,4.44,4.51,4.44,4.48,27927604.0,125018011.0,0.924837,13.195928,1.40282
2017-08-15,4.46,4.51,4.44,4.47,24967308.0,111547058.0,0.826805,13.166473,1.399688
2017-08-16,4.48,4.49,4.43,4.45,19590472.0,87196897.0,0.648749,13.107562,1.393426
2017-08-17,4.46,4.48,4.43,4.47,22835517.0,101769550.0,0.75621,13.166473,1.399688
2017-08-18,4.45,4.47,4.44,4.45,16923310.0,75323032.0,0.560424,13.107562,1.393426
2017-08-21,4.46,4.53,4.45,4.52,22013380.0,99249708.0,0.728984,13.313749,1.415345
2017-08-22,4.52,4.53,4.48,4.53,18845530.0,84878882.0,0.624079,13.343204,1.418476
2017-08-23,4.52,4.52,4.45,4.46,16382729.0,73389286.0,0.542522,13.137017,1.396557
2017-08-24,4.47,4.48,4.38,4.39,18959020.0,83585740.0,0.627838,12.930831,1.374638
2017-08-25,4.39,4.49,4.38,4.48,21078117.0,93766201.0,0.698013,13.195928,1.40282
2017-08-28,4.48,4.52,4.47,4.49,17813340.0,80122136.0,0.589898,13.225383,1.405951
2017-08-29,4.53,4.57,4.49,4.56,28286586.0,127952975.0,0.936725,13.431569,1.42787
2017-08-30,4.56,4.6,4.52,4.56,24315355.0,110913504.0,0.805215,13.431569,1.42787
2017-08-31,4.55,4.59,4.49,4.56,24613912.0,111730793.0,0.815102,12.986489,1.381646
2017-09-01,4.57,4.66,4.56,4.64,37662280.0,174213322.0,1.247206,13.214322,1.405885
2017-09-04,4.64,4.68,4.6,4.62,26987778.0,125321842.0,0.893714,13.157364,1.399825
2017-09-05,4.62,4.64,4.58,4.6,15339597.0,70546144.0,0.507979,13.100406,1.393765
2017-09-06,4.58,4.64,4.56,4.63,16098154.0,73991949.0,0.533099,13.185843,1.402855
2017-09-07,4.65,4.66,4.53,4.55,25607360.0,117291679.0,0.848001,12.95801,1.378616
2017-09-08,4.55,4.57,4.52,4.53,13283992.0,60272902.0,0.439906,12.901052,1.372556
2017-09-11,4.53,4.58,4.5,4.55,14859881.0,67482322.0,0.492093,15.493168,1.648334
2017-09-12,4.55,4.58,4.51,4.52,17567859.0,79727269.0,0.581769,15.391015,1.637466
2017-09-13,4.53,4.54,4.51,4.54,14590661.0,66063118.0,0.483177,15.459117,1.644711
2017-09-14,4.55,4.64,4.53,4.63,41358821.0,190580003.0,1.369619,15.765575,1.677315
2017-09-15,4.75,4.88,4.74,4.77,109578350.0,525892053.0,3.628743,16.242288,1.728033
2017-09-18,4.79,4.94,4.75,4.87,76466675.0,371886471.0,2.532233,16.582797,1.764261
2017-09-19,4.82,4.92,4.76,4.9,58429638.0,282851973.0,1.934928,16.68495,1.775129
2017-09-20,4.86,4.88,4.83,4.87,26010505.0,126314215.0,0.861351,16.582797,1.764261
2017-09-21,4.85,4.86,4.74,4.75,30073712.0,143857439.0,0.995906,16.174186,1.720788
2017-09-22,4.77,4.77,4.67,4.68,18652459.0,87580467.0,0.617686,15.93583,1.695429
2017-09-25,4.69,4.73,4.59,4.61,21724124.0,100652080.0,0.719406,15.697473,1.67007
2017-09-26,4.61,4.62,4.55,4.61,13572680.0,62283862.0,0.449466,15.697473,1.67007
2017-09-27,4.61,4.63,4.55,4.55,22286200.0,102120695.0,0.738019,15.493168,1.648334
2017-09-28,4.54,4.57,4.52,4.55,14354285.0,65314508.0,0.47535,15.493168,1.648334
2017-09-29,4.55,4.61,4.53,4.6,13277365.0,60760283.0,0.439687,15.663423,1.666447
2017-10-09,4.64,4.74,4.62,4.7,22936258.0,107191077.0,0.759546,16.003932,1.702674
2017-10-10,4.7,4.72,4.62,4.7,19034447.0,88860188.0,0.630335,16.003932,1.702674
2017-10-11,4.68,4.7,4.64,4.69,14530711.0,67763836.0,0.481192,15.969881,1.699052
2017-10-12,4.71,4.75,4.63,4.67,22563621.0,106167513.0,0.747206,15.901779,1.691806
2017-10-13,4.66,4.67,4.57,4.6,37216838.0,171266911.0,1.232455,15.663423,1.666447
2017-10-16,4.6,4.6,4.51,4.52,19660978.0,89493663.0,0.651083,15.391015,1.637466
2017-10-17,4.51,4.55,4.51,4.52,11810389.0,53453859.0,0.391107,15.391015,1.637466
2017-10-18,4.52,4.54,4.48,4.48,12576752.0,56807151.0,0.416486,15.254812,1.622975
2017-10-19,4.48,4.57,4.41,4.55,21338278.0,95493165.0,0.706628,15.493168,1.648334
2017-10-20,4.5,4.51,4.46,4.51,14120686.0,63393103.0,0.467614,15.356964,1.633843
2017-10-23,4.51,4.55,4.5,4.51,10011888.0,45215843.0,0.331549,15.356964,1.633843
2017-10-24,4.51,4.54,4.48,4.51,6967491.0,31380604.0,0.230732,15.356964,1.633843
2017-10-25,4.51,4.54,4.48,4.53,8171300.0,36920777.0,0.270597,15.425066,1.641088
2017-10-26,4.53,4.59,4.51,4.58,17471018.0,79780725.0,0.578562,15.595321,1.659202
2017-10-27,4.58,4.58,4.53,4.54,8498048.0,38681711.0,0.281417,15.459117,1.644711
2017-10-30,4.53,4.53,4.42,4.44,17517693.0,78026285.0,0.580107,15.118608,1.608484
2017-10-31,4.35,4.41,4.31,4.41,12525520.0,54887390.0,0.414789,17.606179,1.299637
2017-11-01,4.39,4.44,4.39,4.39,10020691.0,44127230.0,0.33184,17.526332,1.293743
2017-11-02,4.36,4.38,4.31,4.32,9531548.0,41348332.0,0.315642,17.246869,1.273114
2017-11-03,4.31,4.34,4.22,4.25,11036826.0,47206512.0,0.36549,16.967406,1.252485
2017-11-06,4.25,4.25,4.18,4.21,14559767.0,61150866.0,0.482154,16.807713,1.240697
2017-11-07,4.25,4.26,4.21,4.24,14558154.0,61666733.0,0.482101,16.927482,1.249538
2017-11-08,4.25,4.28,4.22,4.25,10197554.0,43379902.0,0.337697,16.967406,1.252485
2017-11-09,4.23,4.25,4.22,4.23,10418147.0,44071173.0,0.345002,16.887559,1.246591
2017-11-10,4.23,4.24,4.2,4.24,9620707.0,40625104.0,0.318595,16.927482,1.249538
2017-11-13,4.24,4.27,4.2,4.21,12480998.0,52785925.0,0.413315,16.807713,1.240697
2017-11-14,4.22,4.22,4.16,4.17,11212736.0,46913105.0,0.371316,16.648019,1.228908
2017-11-15,4.16,4.16,4.12,4.14,7363452.0,30468240.0,0.243844,16.528249,1.220067
2017-11-16,4.13,4.19,4.12,4.16,6414000.0,26671078.0,0.212403,16.608096,1.225961
2017-11-17,4.15,4.16,4.0,4.03,13018664.0,53287149.0,0.43112,16.089093,1.18765
2017-11-20,4.02,4.13,4.0,4.11,19278671.0,77875286.0,0.638423,16.408479,1.211226
2017-11-21,4.09,4.1,4.05,4.06,11813195.0,48084660.0,0.3912,16.208863,1.196491
2017-11-22,4.06,4.08,4.01,4.06,10836323.0,43778447.0,0.35885,16.208863,1.196491
2017-11-23,4.05,4.06,4.0,4.0,10282000.0,41425329.0,0.340494,15.969323,1.178809
2017-11-24,4.0,4.03,4.0,4.02,6675185.0,26808743.0,0.221052,16.04917,1.184703
2017-11-27,4.03,4.06,4.0,4.03,7583829.0,30544426.0,0.251142,16.089093,1.18765
2017-11-28,4.04,4.09,4.02,4.08,9676584.0,39275130.0,0.320445,16.28871,1.202385
2017-11-29,4.09,4.1,4.06,4.1,8429308.0,34402985.0,0.279141,16.368556,1.208279
2017-11-30,4.11,4.11,4.06,4.07,6114740.0,24902680.0,0.202493,16.248786,1.199438
2017-12-01,4.07,4.08,4.05,4.07,4780200.0,19436235.0,0.158299,16.248786,1.199438
2017-12-04,4.07,4.08,4.02,4.03,7341800.0,29730370.0,0.243127,16.089093,1.18765
2017-12-05,4.03,4.03,3.97,3.99,10092469.0,40403050.0,0.334217,15.9294,1.175862
2017-12-06,3.97,4.0,3.95,3.99,6489582.0,25753154.0,0.214906,15.9294,1.175862
2017-12-07,3.98,4.02,3.96,3.99,4378320.0,17485931.0,0.14499,15.9294,1.175862
2017-12-08,4.01,4.06,4.0,4.05,6945396.0,28060287.0,0.23,16.16894,1.193544
2017-12-11,4.03,4.09,4.03,4.07,7222780.0,29365965.0,0.239186,16.248786,1.199438
2017-12-12,4.08,4.09,4.03,4.03,5325530.0,21609681.0,0.176358,16.089093,1.18765
2017-12-13,4.03,4.05,4.02,4.03,5483700.0,22123178.0,0.181596,16.089093,1.18765
2017-12-14,4.03,4.06,4.02,4.04,4991792.0,20174030.0,0.165306,16.129016,1.190597
2017-12-15,4.05,4.05,4.02,4.03,3865132.0,15583414.0,0.127996,16.089093,1.18765
2017-12-18,4.04,4.06,4.03,4.05,7375460.0,29862083.0,0.244242,16.16894,1.193544
2017-12-19,4.05,4.07,4.04,4.06,6171212.0,25020882.0,0.204363,16.208863,1.196491
2017-12-20,4.06,4.06,3.99,4.0,8323612.0,33412837.0,0.275641,15.969323,1.178809
2017-12-21,4.0,4.02,3.98,4.02,5062499.0,20262451.0,0.167647,16.04917,1.184703
2017-12-22,4.02,4.03,4.0,4.0,3470000.0,13920733.0,0.114911,15.969323,1.178809
2017-12-25,4.0,4.02,3.98,3.99,5946883.0,23734378.0,0.196934,15.9294,1.175862
2017-12-26,3.99,4.02,3.98,4.02,5550757.0,22181355.0,0.183816,16.04917,1.184703
2017-12-27,4.02,4.05,4.0,4.04,8424680.0,33893504.0,0.278988,16.129016,1.190597
2017-12-28,4.05,4.07,4.0,4.05,11644902.0,47075088.0,0.385627,16.16894,1.193544
2017-12-29,4.06,4.08,4.03,4.07,8154603.0,33019587.0,0.270044,16.248786,1.199438
2018-01-02,4.07,4.11,4.06,4.1,11218647.0,45829183.0,0.371511,16.368556,1.208279
2018-01-03,4.12,4.16,4.12,4.12,18745493.0,77600232.0,0.620767,16.448403,1.214173
2018-01-04,4.14,4.14,4.09,4.11,13846291.0,56855163.0,0.458527,16.408479,1.211226
2018-01-05,4.11,4.19,4.08,4.17,20040744.0,83131372.0,0.66366,16.648019,1.228908
2018-01-08,4.15,4.18,4.13,4.18,13900701.0,57881930.0,0.460329,16.687943,1.231856
2018-01-09,4.2,4.22,4.16,4.18,12047402.0,50518041.0,0.398956,16.687943,1.231856
2018-01-10,4.18,4.19,4.12,4.14,9602020.0,39760365.0,0.317976,16.528249,1.220067
2018-01-11,4.11,4.13,4.07,4.12,8730476.0,35843608.0,0.289114,16.448403,1.214173
2018-01-12,4.12,4.13,4.09,4.11,8093684.0,33239303.0,0.268027,16.408479,1.211226
2018-01-15,4.1,4.1,4.03,4.04,10089200.0,41021964.0,0.334109,16.129016,1.190597
2018-01-16,4.03,4.07,4.03,4.06,7328917.0,29687138.0,0.242701,16.208863,1.196491
2018-01-17,4.04,4.08,4.04,4.07,8399408.0,34111430.0,0.278151,16.248786,1.199438
2018-01-18,4.06,4.11,4.05,4.1,11144092.0,45494880.0,0.369042,16.368556,1.208279
2018-01-19,4.1,4.14,4.06,4.14,14941665.0,61242870.0,0.494801,16.528249,1.220067
2018-01-22,4.12,4.17,4.11,4.14,11725110.0,48515440.0,0.388283,16.528249,1.220067
2018-01-23,4.14,4.15,4.11,4.12,6980137.0,28759011.0,0.231151,16.448403,1.214173
2018-01-24,4.09,4.12,4.09,4.11,9179460.0,37677481.0,0.303983,16.408479,1.211226
2018-01-25,4.1,4.12,4.09,4.1,9641562.0,39622716.0,0.319285,16.368556,1.208279
2018-01-26,4.11,4.11,4.08,4.1,7341200.0,30078604.0,0.243108,16.368556,1.208279
2018-01-29,4.09,4.11,4.07,4.07,8411590.0,34395795.0,0.278554,16.248786,1.199438
2018-01-30,4.06,4.1,4.06,4.08,6912600.0,28245883.0,0.228914,16.28871,1.202385
2018-01-31,4.09,4.1,4.0,4.01,11985783.0,48357027.0,0.396915,16.009246,1.181756
2018-02-01,4.0,4.03,3.91,3.91,14604486.0,57930123.0,0.483635,15.610013,1.152286
2018-02-02,3.92,3.94,3.86,3.92,8003488.0,31270794.0,0.26504,15.649937,1.155233
2018-02-05,3.92,3.92,3.88,3.91,8639119.0,33678455.0,0.286089,15.610013,1.152286
2018-02-06,3.88,3.89,3.76,3.77,14747435.0,56473748.0,0.488369,15.051087,1.111028
2018-02-07,3.8,3.84,3.75,3.77,10587876.0,40147522.0,0.350623,15.051087,1.111028
2018-02-08,3.77,3.83,3.75,3.79,7765000.0,29448136.0,0.257142,15.130934,1.116922
2018-02-09,3.76,3.76,3.64,3.7,12061115.0,44656326.0,0.39941,14.771624,1.090398
2018-02-12,3.72,3.81,3.67,3.8,9714634.0,36333783.0,0.321705,15.170857,1.119869
2018-02-13,3.82,3.87,3.81,3.82,7775372.0,29851736.0,0.257485,15.250704,1.125763
2018-02-14,3.82,3.84,3.79,3.83,3492900.0,13341811.0,0.115669,15.290627,1.12871
2018-02-22,3.84,3.88,3.83,3.88,6928356.0,26691779.0,0.229436,15.490243,1.143445
2018-02-23,3.88,3.89,3.85,3.88,6161704.0,23816472.0,0.204048,15.490243,1.143445
2018-02-26,3.89,3.93,3.87,3.92,8930220.0,34819234.0,0.295729,15.649937,1.155233
2018-02-27,3.92,3.93,3.89,3.91,5688664.0,22174438.0,0.188383,15.610013,1.152286
2018-02-28,3.9,3.9,3.87,3.89,4732941.0,18384357.0,0.156734,15.530167,1.146392
2018-03-01,3.88,3.9,3.86,3.89,6530280.0,25326511.0,0.216254,15.530167,1.146392
2018-03-02,3.86,3.87,3.83,3.84,6100276.0,23472789.0,0.202014,15.33055,1.131657
2018-03-05,3.84,3.86,3.82,3.84,4171781.0,16018301.0,0.138151,15.33055,1.131657
2018-03-06,3.84,3.87,3.84,3.87,4963726.0,19145209.0,0.164376,15.45032,1.140498
2018-03-07,3.86,3.87,3.84,3.85,5587060.0,21512062.0,0.185018,15.370473,1.134604
2018-03-08,3.84,3.85,3.81,3.85,5530300.0,21210931.0,0.183139,15.370473,1.134604
2018-03-09,3.85,3.88,3.84,3.87,6739804.0,26000135.0,0.223192,15.45032,1.140498
2018-03-12,3.88,3.92,3.86,3.91,13620117.0,53105988.0,0.451037,15.610013,1.152286
2018-03-13,3.93,3.95,3.9,3.92,13038203.0,51198677.0,0.431767,15.649937,1.155233
2018-03-14,3.91,3.92,3.87,3.87,8099960.0,31531835.0,0.268234,15.45032,1.140498
2018-03-15,3.87,3.88,3.82,3.84,6324736.0,24329572.0,0.209447,15.33055,1.131657
2018-03-16,3.84,3.87,3.83,3.85,5021900.0,19346096.0,0.166303,15.370473,1.134604
2018-03-19,3.85,3.87,3.82,3.85,3570102.0,13731864.0,0.118226,15.370473,1.134604
2018-03-20,3.84,3.84,3.79,3.82,6685380.0,25465944.0,0.22139,15.250704,1.125763
2018-03-21,3.8,3.86,3.8,3.83,5851744.0,22451815.0,0.193784,15.290627,1.12871
2018-03-22,3.82,3.84,3.8,3.81,4369800.0,16672377.0,0.144708,15.21078,1.122816
2018-03-23,3.77,3.77,3.61,3.65,16158479.0,59724106.0,0.535096,14.572007,1.075663
2018-03-26,3.62,3.69,3.56,3.68,10383368.0,37578605.0,0.343851,14.691777,1.084504
2018-03-27,3.71,3.75,3.7,3.73,7472842.0,27805958.0,0.247467,14.891394,1.099239
2018-03-28,3.77,3.84,3.73,3.8,17032359.0,64681059.0,0.564035,15.170857,1.119869
2018-03-29,3.79,3.83,3.77,3.81,6626452.0,25154450.0,0.219438,15.21078,1.122816
2018-03-30,3.81,3.83,3.79,3.8,5066532.0,19250024.0,0.167781,15.170857,1.119869
2018-04-02,3.79,3.8,3.76,3.78,6755677.0,25532614.0,0.223718,15.09101,1.113975
2018-04-03,3.72,3.75,3.68,3.72,8957700.0,33233498.0,0.296639,14.85147,1.096292
2018-04-04,3.72,3.75,3.68,3.68,6174400.0,22943084.0,0.204468,14.691777,1.084504
2018-04-09,3.66,3.7,3.64,3.68,6198292.0,22745026.0,0.20526,14.691777,1.084504
2018-04-10,3.69,3.71,3.66,3.7,6994301.0,25756542.0,0.23162,14.771624,1.090398
2018-04-11,3.71,3.73,3.69,3.71,6001110.0,22258390.0,0.19873,14.811547,1.093345
2018-04-12,3.7,3.71,3.66,3.66,7415337.0,27300277.0,0.245563,14.611931,1.07861
2018-04-13,3.68,3.68,3.63,3.65,7941317.0,29027149.0,0.262981,14.572007,1.075663
2018-04-16,3.66,3.72,3.66,3.7,11905726.0,43943120.0,0.394264,12.553817,1.020095
2018-04-17,3.7,3.72,3.68,3.68,8129614.0,30064466.0,0.269216,12.485958,1.014581
2018-04-18,3.7,3.72,3.65,3.69,7634772.0,28091326.0,0.252829,12.519887,1.017338
2018-04-19,3.69,3.71,3.67,3.7,6600132.0,24382380.0,0.218567,12.553817,1.020095
2018-04-20,3.69,3.71,3.67,3.69,9446751.0,34868906.0,0.312834,12.519887,1.017338
2018-04-23,3.67,3.7,3.66,3.68,5531763.0,20349197.0,0.183187,12.485958,1.014581
2018-04-24,3.69,3.75,3.67,3.74,10539318.0,39175061.0,0.349015,12.689534,1.031123
2018-04-25,3.71,3.77,3.71,3.74,7507433.0,28103682.0,0.248613,12.689534,1.031123
2018-04-26,3.73,3.75,3.7,3.7,5312858.0,19733765.0,0.175938,12.553817,1.020095
2018-04-27,3.71,3.75,3.7,3.75,6183864.0,23049731.0,0.204782,12.723463,1.03388
2018-05-02,3.74,3.76,3.71,3.75,7567225.0,28240715.0,0.250593,12.449686,1.031913
2018-05-03,3.74,3.74,3.69,3.72,9418503.0,34941140.0,0.311899,12.350088,1.023657
2018-05-04,3.71,3.72,3.69,3.7,4644849.0,17183312.0,0.153817,12.28369,1.018154
2018-05-07,3.68,3.75,3.68,3.74,7811273.0,29121849.0,0.258674,12.416487,1.029161
2018-05-08,3.74,3.76,3.73,3.75,5518015.0,20642804.0,0.182732,12.449686,1.031913
2018-05-09,3.74,3.75,3.69,3.75,8939760.0,33348083.0,0.296045,12.449686,1.031913
2018-05-10,3.83,3.93,3.81,3.84,32113957.0,124283811.0,1.06347,12.748478,1.056679
2018-05-11,3.82,3.85,3.79,3.81,11301918.0,43109291.0,0.374269,12.648881,1.048423
2018-05-14,3.8,3.83,3.78,3.79,7154205.0,27176973.0,0.236915,12.582483,1.04292
2018-05-15,3.79,3.84,3.79,3.83,7643130.0,29185283.0,0.253106,12.715279,1.053927
2018-05-16,3.81,3.82,3.77,3.78,6410431.0,24286567.0,0.212285,12.549283,1.040168
2018-05-17,3.77,3.8,3.76,3.78,4377255.0,16512263.0,0.144955,12.549283,1.040168
2018-05-18,3.77,3.79,3.76,3.78,4595835.0,17342599.0,0.152193,12.549283,1.040168
2018-05-21,3.8,3.82,3.79,3.81,8362835.0,31800705.0,0.27694,12.648881,1.048423
2018-05-22,3.81,3.81,3.77,3.8,6002549.0,22701457.0,0.198777,12.615682,1.045672
2018-05-23,3.79,3.8,3.75,3.75,5548700.0,20888558.0,0.183748,12.449686,1.031913
2018-05-24,3.75,3.76,3.74,3.74,3788640.0,14210855.0,0.125463,12.416487,1.029161
2018-05-25,3.74,3.75,3.68,3.69,6292163.0,23346003.0,0.208368,12.250491,1.015402
2018-05-28,3.69,3.71,3.65,3.66,5588920.0,20604573.0,0.18508,12.150893,1.007147
2018-05-29,3.67,3.68,3.63,3.65,7054593.0,25762330.0,0.233616,12.117694,1.004395
2018-05-30,3.62,3.62,3.56,3.57,8279755.0,29756893.0,0.274188,11.852101,0.982381
2018-05-31,3.59,3.61,3.57,3.59,6653700.0,23862303.0,0.220341,11.918499,0.987884
2018-06-01,3.58,3.58,3.47,3.48,13458080.0,47232540.0,0.445671,11.553309,0.957615
2018-06-04,3.48,3.51,3.47,3.48,7420800.0,25826320.0,0.245744,11.553309,0.957615
2018-06-05,3.48,3.54,3.47,3.52,10233772.0,35730505.0,0.338897,11.686105,0.968622
2018-06-06,3.51,3.51,3.47,3.5,6158148.0,21469802.0,0.20393,11.619707,0.963119
2018-06-07,3.51,3.57,3.49,3.51,16547926.0,58147590.0,0.547993,11.652906,0.96587
2018-06-08,3.52,3.54,3.47,3.5,8500400.0,29720830.0,0.281495,11.619707,0.963119
2018-06-11,3.49,3.49,3.41,3.42,6850500.0,23720061.0,0.226858,11.354114,0.941104
2018-06-12,3.43,3.44,3.32,3.39,13919422.0,46945170.0,0.460949,11.254516,0.932849
2018-06-13,3.38,3.38,3.31,3.31,9112351.0,30460843.0,0.30176,10.988923,0.910835
2018-06-14,3.31,3.33,3.19,3.22,18090062.0,58892003.0,0.599062,10.69013,0.886069
2018-06-15,3.22,3.25,3.17,3.22,11169248.0,35856989.0,0.369875,10.69013,0.886069
2018-06-19,3.2,3.2,2.94,2.99,18780079.0,57683513.0,0.621912,9.92655,0.822778
2018-06-20,3.0,3.11,2.98,3.1,13261245.0,40453361.0,0.439153,10.29174,0.853048
2018-06-21,3.15,3.21,3.09,3.16,18019309.0,56903845.0,0.596719,10.490935,0.869558
2018-06-22,3.15,3.24,3.11,3.23,11765174.0,37654504.0,0.38961,10.723329,0.888821
2018-06-25,3.26,3.3,3.22,3.23,10166370.0,33137453.0,0.336665,10.723329,0.888821
2018-06-26,3.21,3.26,3.17,3.25,7035372.0,22553730.0,0.23298,10.789728,0.894324
2018-06-27,3.25,3.27,3.21,3.26,5979921.0,19375921.0,0.198028,10.822927,0.897076
2018-06-28,3.28,3.28,3.22,3.26,4985014.0,16195902.0,0.165081,10.822927,0.897076
2018-06-29,3.22,3.29,3.22,3.28,6228464.0,20370820.0,0.206259,10.889325,0.90258
2018-07-02,3.28,3.29,3.21,3.21,5637338.0,18275949.0,0.186683,10.656931,0.883317
2018-07-03,3.21,3.25,3.11,3.25,9371165.0,29914592.0,0.310331,10.789728,0.894324
2018-07-04,3.21,3.24,3.2,3.22,5326822.0,17146887.0,0.1764,10.69013,0.886069
2018-07-05,3.23,3.23,3.09,3.13,8684408.0,27371157.0,0.287589,10.391338,0.861303
2018-07-06,3.12,3.17,3.09,3.14,5976509.0,18730290.0,0.197915,10.424537,0.864055
2018-07-09,3.09,3.15,3.09,3.15,8885422.0,27674113.0,0.294245,10.457736,0.866807
2018-07-10,3.13,3.14,3.11,3.13,8675583.0,27078942.0,0.287296,10.391338,0.861303
2018-07-11,3.1,3.1,3.05,3.08,7535465.0,23172598.0,0.249541,10.225342,0.847544
2018-07-12,3.09,3.22,3.06,3.2,12843800.0,40537441.0,0.425329,10.623732,0.880566
2018-07-13,3.2,3.22,3.16,3.21,8109428.0,25828895.0,0.268548,10.656931,0.883317
2018-07-16,3.21,3.26,3.16,3.25,7443533.0,23879545.0,0.246496,10.789728,0.894324
2018-07-17,3.22,3.28,3.22,3.26,6692754.0,21713426.0,0.221634,10.822927,0.897076
2018-07-18,3.26,3.27,3.21,3.23,4599140.0,14916851.0,0.152303,10.723329,0.888821
2018-07-19,3.21,3.3,3.21,3.25,6849560.0,22336242.0,0.226827,10.789728,0.894324
2018-07-20,3.22,3.56,3.2,3.36,17666566.0,58844288.0,0.585037,11.154919,0.924594
2018-07-23,3.35,3.51,3.31,3.46,27128642.0,93004964.0,0.898379,11.48691,0.952111
2018-07-24,3.7,3.81,3.7,3.81,44123282.0,167760686.0,1.461165,12.648881,1.048423
2018-07-25,4.17,4.17,3.91,3.95,170254899.0,686758271.0,5.638079,13.113669,1.086948
2018-07-26,3.82,4.05,3.77,3.88,105621163.0,412202279.0,3.497699,12.881275,1.067686
2018-07-27,4.0,4.06,3.84,3.84,92155578.0,365049863.0,3.051779,12.748478,1.056679
2018-07-30,3.77,3.84,3.65,3.75,65246551.0,245266389.0,2.160673,12.449686,1.031913
2018-07-31,3.74,3.76,3.63,3.69,44842799.0,165204205.0,1.484992,12.250491,1.015402
2018-08-01,3.8,3.95,3.73,3.75,82229994.0,315370781.0,2.723089,12.449686,1.031913
2018-08-02,3.72,3.88,3.56,3.84,87531757.0,326843020.0,2.898659,12.748478,1.056679
2018-08-03,3.82,3.82,3.62,3.63,53276310.0,198754373.0,1.764272,12.051296,0.998892
2018-08-06,3.63,3.77,3.61,3.71,39105603.0,145035743.0,1.295002,12.316889,1.020906
2018-08-07,3.76,4.06,3.74,4.0,93680155.0,368981036.0,3.102266,13.279665,1.100707
2018-08-08,4.0,4.07,3.92,3.96,62940365.0,251820667.0,2.084303,13.146868,1.0897
2018-08-09,3.93,4.01,3.85,3.95,48313653.0,190248775.0,1.599931,13.113669,1.086948
2018-08-10,3.95,4.02,3.91,3.96,33029433.0,130920736.0,1.093787,13.146868,1.0897
2018-08-13,3.88,4.0,3.85,4.0,31653784.0,124852597.0,1.048231,13.279665,1.100707
2018-08-14,3.99,4.02,3.92,3.94,25734602.0,101856753.0,0.852215,13.08047,1.084196
2018-08-15,3.94,4.14,3.92,3.95,46198152.0,184930970.0,1.529876,13.113669,1.086948
2018-08-16,3.83,3.86,3.68,3.74,44693677.0,168157910.0,1.480054,12.416487,1.029161
2018-08-17,3.76,3.8,3.6,3.62,26176751.0,96117536.0,0.866857,12.018097,0.99614
2018-08-20,3.65,3.65,3.46,3.57,30047401.0,106489377.0,0.995035,11.852101,0.982381
2018-08-21,3.59,3.71,3.52,3.69,27430775.0,100431685.0,0.908384,12.250491,1.015402
2018-08-22,3.66,3.74,3.65,3.68,20260528.0,74754168.0,0.670938,12.217292,1.01265
2018-08-23,3.65,3.69,3.62,3.67,16774952.0,61437086.0,0.555511,12.184093,1.009899
2018-08-24,3.73,3.75,3.63,3.65,25285078.0,93430778.0,0.837328,12.117694,1.004395
2018-08-27,3.65,3.71,3.6,3.7,22898327.0,83764802.0,0.75829,12.28369,1.018154
2018-08-28,3.73,3.74,3.63,3.66,19625351.0,71738966.0,0.649904,12.150893,1.007147
2018-08-29,3.66,3.66,3.6,3.61,12390400.0,44869968.0,0.410314,11.984898,0.993388
2018-08-30,3.61,3.62,3.55,3.55,13279425.0,47496614.0,0.439755,11.785703,0.976877
2018-08-31,3.58,3.62,3.56,3.57,11352292.0,40714661.0,0.375937,11.042293,0.965442
2018-09-03,3.56,3.57,3.34,3.49,28180367.0,97315896.0,0.933207,10.794847,0.943807
2018-09-04,3.49,3.49,3.41,3.47,21850051.0,75378454.0,0.723576,10.732985,0.938399
2018-09-05,3.47,3.48,3.38,3.4,17341152.0,59396599.0,0.574261,10.51647,0.919468
2018-09-06,3.37,3.45,3.37,3.41,10529297.0,35986002.0,0.348683,10.5474,0.922173
2018-09-07,3.45,3.68,3.37,3.56,45030011.0,158537648.0,1.491192,11.011362,0.962738
2018-09-10,3.49,3.59,3.46,3.48,31188532.0,110003619.0,1.032824,10.763916,0.941103
2018-09-11,3.48,3.48,3.23,3.33,50514122.0,167912006.0,1.461182,10.299954,0.900538
2018-09-12,3.3,3.35,3.27,3.3,19950115.0,65994939.0,0.577081,10.207162,0.892425
2018-09-13,3.32,3.35,3.19,3.27,31252405.0,101522889.0,0.904013,10.114369,0.884312
2018-09-14,3.26,3.26,3.21,3.22,18166383.0,58592134.0,0.525485,9.959715,0.870791
2018-09-17,3.2,3.22,3.14,3.14,18844046.0,59563919.0,0.545087,9.712269,0.849156
2018-09-18,3.12,3.39,3.12,3.39,48121091.0,158442111.0,1.391961,10.485539,0.916764
2018-09-19,3.42,3.46,3.34,3.37,49298580.0,167973830.0,1.426021,10.423677,0.911355
2018-09-20,3.35,3.5,3.31,3.45,44948758.0,153816229.0,1.300197,10.671124,0.93299
2018-09-21,3.42,3.49,3.4,3.44,35167968.0,121023889.0,1.017276,10.640193,0.930286
2018-09-25,3.44,3.5,3.4,3.47,27051527.0,93711201.0,0.782498,10.732985,0.938399
2018-09-26,3.47,3.49,3.44,3.45,25800731.0,89363968.0,0.746317,10.671124,0.93299
2018-09-27,3.45,3.48,3.42,3.42,23453734.0,80998742.0,0.678428,10.578331,0.924877
2018-09-28,3.42,3.47,3.41,3.44,22115221.0,76028670.0,0.639709,10.640193,0.930286
2018-10-08,3.4,3.47,3.36,3.37,20112684.0,68784672.0,0.581784,10.423677,0.911355
2018-10-09,3.38,3.41,3.33,3.36,13231684.0,44601616.0,0.382742,10.392746,0.908651
2018-10-10,3.36,3.52,3.34,3.46,24916801.0,85984267.0,0.720749,10.702054,0.935694
2018-10-11,3.65,3.79,3.51,3.56,123394225.0,448897827.0,3.569327,11.011362,0.962738
2018-10-12,3.3,3.65,3.3,3.53,74571340.0,256810395.0,2.157066,10.91857,0.954625
2018-10-15,3.61,3.64,3.4,3.42,39457875.0,138396516.0,1.141367,10.578331,0.924877
2018-10-16,3.42,3.45,3.26,3.29,33831067.0,112850837.0,0.978604,10.176231,0.889721
2018-10-17,3.35,3.44,3.26,3.4,30339584.0,101490939.0,0.877609,10.51647,0.919468
2018-10-18,3.34,3.35,3.16,3.23,28431664.0,93285759.0,0.82242,9.990646,0.873495
2018-10-19,3.12,3.32,3.12,3.29,21745775.0,70314673.0,0.629023,10.176231,0.889721
2018-10-22,3.31,3.44,3.3,3.42,39760953.0,134723320.0,1.150134,10.578331,0.924877
2018-10-23,3.39,3.44,3.34,3.38,23332714.0,78884626.0,0.674927,10.454608,0.91406
2018-10-24,3.35,3.42,3.33,3.37,24992621.0,84269728.0,0.722942,10.423677,0.911355
2018-10-25,3.28,3.35,3.25,3.32,24314022.0,79887490.0,0.703312,10.269023,0.897834
2018-10-26,3.32,3.38,3.32,3.34,18770883.0,62758379.0,0.54297,10.330885,0.903242
2018-10-29,3.33,3.4,3.29,3.34,16675982.0,55660600.0,0.482373,10.330885,0.903242
2018-10-30,3.32,3.4,3.31,3.39,27814045.0,93645413.0,0.804555,10.485539,0.916764
2018-10-31,3.4,3.53,3.38,3.46,46828535.0,162427575.0,1.354572,10.578453,0.943595
2018-11-01,3.51,3.59,3.44,3.44,36573121.0,128150960.0,1.057922,10.517306,0.938141
2018-11-02,3.49,3.53,3.44,3.5,30312486.0,105554918.0,0.876825,10.700747,0.954504
2018-11-05,3.52,3.52,3.42,3.46,25558067.0,88528529.0,0.739298,10.578453,0.943595
2018-11-06,3.46,3.55,3.41,3.55,44390254.0,155330241.0,1.284042,10.853615,0.96814
2018-11-07,3.5,3.52,3.46,3.47,26923068.0,94048787.0,0.778782,10.609026,0.946322
2018-11-08,3.52,3.52,3.45,3.48,17287353.0,60200156.0,0.500058,10.6396,0.949049
2018-11-09,3.48,3.52,3.44,3.45,13280541.0,46088219.0,0.384156,10.547879,0.940868
2018-11-12,3.45,3.52,3.43,3.52,17732457.0,61888789.0,0.512933,10.761894,0.959958
2018-11-13,3.48,3.56,3.46,3.54,34098463.0,120100904.0,0.986339,10.823041,0.965412
2018-11-14,3.54,3.68,3.53,3.63,57275507.0,206378248.0,1.656763,11.098203,0.989957
2018-11-15,3.59,3.63,3.56,3.61,32036026.0,115044985.0,0.926681,11.037056,0.984502
2018-11-16,3.6,3.63,3.56,3.59,28578174.0,102744887.0,0.826658,10.975909,0.979048
2018-11-19,3.58,3.61,3.54,3.6,23118476.0,82626485.0,0.66873,11.006483,0.981775
2018-11-20,3.57,3.62,3.49,3.5,28080835.0,100010120.0,0.812272,10.700747,0.954504
2018-11-21,3.46,3.5,3.44,3.49,17234083.0,59864118.0,0.498517,10.670174,0.951777
2018-11-22,3.48,3.49,3.45,3.46,12067640.0,41921244.0,0.349071,10.578453,0.943595
2018-11-23,3.47,3.51,3.35,3.36,24459663.0,83958792.0,0.707525,10.272717,0.916324
2018-11-26,3.35,3.39,3.34,3.35,11650576.0,39157733.0,0.337007,10.242144,0.913596
2018-11-27,3.36,3.38,3.33,3.34,9336598.0,31316191.0,0.270072,10.21157,0.910869
2018-11-28,3.34,3.44,3.33,3.41,15115048.0,51072418.0,0.437221,10.425585,0.929959
2018-11-29,3.42,3.43,3.33,3.34,16048575.0,54449228.0,0.464224,10.21157,0.910869
2018-11-30,3.34,3.38,3.3,3.37,10193435.0,34110376.0,0.294857,10.303291,0.919051
2018-12-03,3.42,3.45,3.39,3.43,25895598.0,88430751.0,0.749061,10.486732,0.935414
2018-12-04,3.42,3.43,3.39,3.43,11111818.0,37931468.0,0.321423,10.486732,0.935414
2018-12-05,3.38,3.4,3.36,3.37,11470546.0,38730862.0,0.331799,10.303291,0.919051
2018-12-06,3.37,3.45,3.36,3.39,19243294.0,65460002.0,0.556635,10.364438,0.924505
2018-12-07,3.38,3.42,3.36,3.41,12595133.0,42747380.0,0.364329,10.425585,0.929959
2018-12-10,3.38,3.45,3.38,3.42,13669902.0,46760883.0,0.395418,10.456159,0.932687
2018-12-11,3.45,3.45,3.4,3.41,7184776.0,24553599.0,0.207828,10.425585,0.929959
2018-12-12,3.43,3.43,3.38,3.41,6524231.0,22165715.0,0.188721,10.425585,0.929959
2018-12-13,3.41,3.62,3.37,3.55,61209486.0,216650231.0,1.770558,10.853615,0.96814
2018-12-14,3.5,3.62,3.47,3.5,47521873.0,167889422.0,1.374627,10.700747,0.954504
2018-12-17,3.49,3.61,3.47,3.58,42089255.0,149693856.0,1.217482,10.945336,0.976321
2018-12-18,3.53,3.58,3.46,3.52,28330951.0,99756990.0,0.819507,10.761894,0.959958
2018-12-19,3.51,3.52,3.46,3.48,11927632.0,41636553.0,0.345021,10.6396,0.949049
2018-12-20,3.46,3.49,3.38,3.41,17575794.0,60200494.0,0.508401,10.425585,0.929959
2018-12-21,3.38,3.4,3.32,3.35,18362581.0,61608774.0,0.53116,10.242144,0.913596
2018-12-24,3.35,3.37,3.32,3.36,12541987.0,41978546.0,0.362792,10.272717,0.916324
2018-12-25,3.32,3.33,3.23,3.32,15371906.0,50434246.0,0.444651,10.150423,0.905415
2018-12-26,3.32,3.33,3.27,3.3,8927009.0,29434613.0,0.258224,10.089276,0.899961
2018-12-27,3.33,3.36,3.26,3.26,11977600.0,39627163.0,0.346467,9.966982,0.889052
2018-12-28,3.26,3.3,3.26,3.28,7052198.0,23124124.0,0.203993,10.028129,0.894506
2019-01-02,3.31,3.36,3.28,3.31,13062532.0,43298229.0,0.377849,10.119849,0.902688
2019-01-03,3.31,3.34,3.28,3.31,8793937.0,29122350.0,0.254375,10.119849,0.902688
2019-01-04,3.3,3.4,3.26,3.38,21957592.0,73494916.0,0.63515,10.333864,0.921778
2019-01-07,3.38,3.45,3.38,3.42,20250833.0,69100007.0,0.58578,10.456159,0.932687
2019-01-08,3.43,3.48,3.38,3.43,18171030.0,62396199.0,0.525619,10.486732,0.935414
2019-01-09,3.45,3.47,3.4,3.42,17734970.0,61005188.0,0.513005,10.456159,0.932687
2019-01-10,3.44,3.44,3.38,3.38,11769158.0,40020730.0,0.340437,10.333864,0.921778
2019-01-11,3.38,3.42,3.37,3.4,10682060.0,36273184.0,0.308991,10.395012,0.927232
2019-01-14,3.4,3.42,3.37,3.39,11380560.0,38668288.0,0.329196,10.364438,0.924505
2019-01-15,3.38,3.43,3.37,3.42,12371050.0,42087783.0,0.357848,10.456159,0.932687
2019-01-16,3.42,3.43,3.38,3.39,9997863.0,33987343.0,0.2892,10.364438,0.924505
2019-01-17,3.39,3.4,3.36,3.37,8023157.0,27087674.0,0.232079,10.303291,0.919051
2019-01-18,3.37,3.41,3.36,3.41,12434333.0,42203587.0,0.359678,10.425585,0.929959
2019-01-21,3.42,3.44,3.41,3.41,13466907.0,46141285.0,0.389547,10.425585,0.929959
2019-01-22,3.4,3.41,3.36,3.37,13310931.0,44952160.0,0.385035,10.303291,0.919051
2019-01-23,3.36,3.39,3.36,3.38,6218450.0,21027765.0,0.179876,10.333864,0.921778
2019-01-24,3.37,3.38,3.33,3.37,12844400.0,43130117.0,0.37154,10.303291,0.919051
2019-01-25,3.36,3.37,3.34,3.35,8139812.0,27295326.0,0.235454,10.242144,0.913596
2019-01-28,3.35,3.37,3.31,3.33,10419785.0,34782139.0,0.301405,10.180997,0.908142
2019-01-29,3.32,3.32,3.25,3.29,12266985.0,40180579.0,0.354837,10.058702,0.897234
2019-01-30,3.27,3.3,3.26,3.28,4886529.0,16049944.0,0.141349,10.028129,0.894506
2019-01-31,3.27,3.3,3.25,3.27,9073572.0,29709495.0,0.262464,9.997555,0.891779
2019-02-01,3.27,3.35,3.26,3.34,11750067.0,38948319.0,0.339885,10.21157,0.910869
2019-02-11,3.34,3.38,3.33,3.38,16842835.0,56527629.0,0.487199,10.333864,0.921778
2019-02-12,3.37,3.41,3.36,3.39,15271683.0,51751387.0,0.441752,10.364438,0.924505
2019-02-13,3.39,3.43,3.38,3.42,26220586.0,89310850.0,0.758462,10.456159,0.932687
2019-02-14,3.42,3.43,3.39,3.4,16145388.0,54987718.0,0.467025,10.395012,0.927232
2019-02-15,3.42,3.46,3.4,3.41,24873357.0,85340495.0,0.719492,10.425585,0.929959
2019-02-18,3.42,3.47,3.42,3.47,29286321.0,101128967.0,0.847142,10.609026,0.946322
2019-02-19,3.47,3.5,3.44,3.46,25385300.0,88033253.0,0.7343,10.578453,0.943595
2019-02-20,3.47,3.48,3.43,3.47,17802277.0,61524796.0,0.514952,10.609026,0.946322
2019-02-21,3.42,3.5,3.38,3.45,28162352.0,97476345.0,0.81463,10.547879,0.940868
2019-02-22,3.44,3.48,3.4,3.48,25613753.0,88220602.0,0.740909,10.6396,0.949049
2019-02-25,3.48,3.63,3.48,3.62,64023256.0,228329383.0,1.85195,11.06763,0.98723
2019-02-26,3.6,3.89,3.56,3.73,96929674.0,363588305.0,2.803808,11.403939,1.017228
2019-02-27,3.7,3.77,3.68,3.72,55166123.0,206109421.0,1.595747,11.373366,1.014501
2019-02-28,3.75,3.78,3.68,3.71,31750590.0,118169670.0,0.918424,11.342792,1.011774
2019-03-01,3.73,3.76,3.67,3.73,31529809.0,117071162.0,0.912038,11.403939,1.017228
2019-03-04,3.75,3.89,3.72,3.8,73410544.0,279467194.0,2.123489,11.617954,1.036318
2019-03-05,3.78,3.89,3.75,3.84,55486173.0,211383929.0,1.605004,11.740248,1.047227
2019-03-06,3.87,3.87,3.8,3.86,56161105.0,215670399.0,1.624528,11.801395,1.052681
2019-03-07,3.91,3.98,3.88,3.95,76297501.0,300083471.0,2.206997,12.076557,1.077226
2019-03-08,3.87,3.87,3.66,3.67,65212266.0,246736139.0,1.886343,11.220498,1.000865
2019-03-11,3.7,3.78,3.69,3.78,35013870.0,131058794.0,1.012818,11.556807,1.030864
2019-03-12,3.81,3.88,3.75,3.84,47809755.0,182998437.0,1.382955,11.740248,1.047227
2019-03-13,3.81,4.12,3.76,3.91,92885888.0,366268449.0,2.686836,11.954263,1.066317
2019-03-14,3.85,3.94,3.75,3.81,49517681.0,189812349.0,1.432359,11.648528,1.039046
2019-03-15,3.81,3.95,3.81,3.9,50513364.0,195333601.0,1.46116,11.92369,1.06359
2019-03-18,3.91,4.08,3.9,4.05,101201210.0,406905525.0,2.927367,12.382293,1.104497
2019-03-19,4.08,4.12,3.96,4.04,73154057.0,294802037.0,2.116069,12.35172,1.10177
2019-03-20,4.05,4.08,3.95,4.01,66206937.0,264743055.0,1.915115,12.259999,1.093589
2019-03-21,4.01,4.06,3.96,3.99,76841302.0,308215813.0,2.222727,12.198852,1.088134
2019-03-22,3.98,4.0,3.92,3.96,41069630.0,162345460.0,1.187989,12.107131,1.079953
2019-03-25,3.95,4.04,3.92,3.97,47713552.0,190173332.0,1.380172,12.137705,1.08268
2019-03-26,3.98,4.06,3.86,3.88,47190584.0,185547935.0,1.365045,11.862543,1.058136
2019-03-27,3.9,3.9,3.77,3.83,36671006.0,139883936.0,1.060753,11.709675,1.0445
2019-03-28,3.8,3.87,3.78,3.81,23254877.0,89130464.0,0.672675,11.648528,1.039046
2019-03-29,3.81,3.88,3.76,3.85,47171345.0,180738516.0,1.364488,11.770822,1.049954
2019-04-01,3.86,3.96,3.86,3.95,48423017.0,190049432.0,1.400694,12.076557,1.077226
2019-04-02,3.95,3.97,3.9,3.94,49435896.0,194680783.0,1.429993,12.045984,1.074498
2019-04-03,3.91,4.04,3.88,3.99,65810810.0,261158912.0,1.903657,12.198852,1.088134
2019-04-04,3.99,4.01,3.95,3.98,50863156.0,202356645.0,1.471278,12.168278,1.085407
2019-04-08,4.0,4.07,3.96,4.01,79541687.0,319189857.0,2.300839,12.259999,1.093589
2019-04-09,4.03,4.11,4.0,4.05,83009083.0,336472375.0,2.401138,12.382293,1.104497
2019-04-10,4.03,4.16,3.97,4.06,81221532.0,329150441.0,2.349431,12.412867,1.107224
2019-04-11,4.1,4.32,4.03,4.13,145505132.0,605698387.0,4.208911,12.626882,1.126314
2019-04-12,4.06,4.08,3.96,3.99,81738009.0,328101532.0,2.36437,12.198852,1.088134
2019-04-15,4.04,4.05,3.94,3.95,52095360.0,209130280.0,1.506921,12.076557,1.077226
2019-04-16,3.93,4.02,3.91,4.02,41284756.0,163287909.0,1.194211,12.290572,1.096316
2019-04-17,4.01,4.02,3.96,3.99,36699213.0,146517451.0,1.061569,12.198852,1.088134
2019-04-18,3.98,4.03,3.94,4.03,43260277.0,172632632.0,1.251356,12.321146,1.099043
2019-04-19,4.03,4.22,4.0,4.14,101607515.0,417145432.0,2.93912,12.657455,1.129042
2019-04-22,4.17,4.17,4.07,4.1,76451802.0,314055798.0,2.211461,12.633535,1.057545
2019-04-23,4.05,4.09,3.97,3.98,48887254.0,196390679.0,1.414123,12.263773,1.026593
2019-04-24,3.99,4.01,3.95,4.01,27642191.0,110187648.0,0.799584,12.356214,1.034331
2019-04-25,4.02,4.02,3.83,3.84,45508424.0,178366498.0,1.316386,11.832384,0.990482
2019-04-26,3.8,3.86,3.78,3.79,28115663.0,107271574.0,0.813279,11.678317,0.977585
2019-04-29,3.8,3.84,3.73,3.75,29670103.0,112550298.0,0.858244,11.555063,0.967267
2019-04-30,3.78,3.84,3.76,3.79,22200535.0,84434605.0,0.642177,9.736528,0.951132
2019-05-06,3.74,3.74,3.52,3.61,43735387.0,159513142.0,1.265099,9.274107,0.90596
2019-05-07,3.6,3.68,3.6,3.67,22153155.0,80598811.0,0.640807,9.428248,0.921017
2019-05-08,3.61,3.68,3.59,3.64,15345498.0,55886950.0,0.443887,9.351178,0.913489
2019-05-09,3.63,3.65,3.61,3.64,14321129.0,52006996.0,0.414256,9.351178,0.913489
2019-05-10,3.66,3.74,3.59,3.74,25679946.0,94658457.0,0.742823,9.608078,0.938585
2019-05-13,3.68,3.73,3.63,3.72,21191248.0,78287589.0,0.612982,9.556698,0.933565
2019-05-14,3.65,3.7,3.64,3.66,14104500.0,51888768.0,0.40799,9.402558,0.918508
2019-05-15,3.69,3.72,3.66,3.71,17576064.0,64910594.0,0.508409,9.531008,0.931056
2019-05-16,3.7,3.78,3.68,3.74,21519189.0,80324891.0,0.622468,9.608078,0.938585
2019-05-17,3.72,3.74,3.6,3.61,22261556.0,81461889.0,0.643942,9.274107,0.90596
2019-05-20,3.61,3.63,3.51,3.57,16520385.0,58754844.0,0.477872,9.171347,0.895922
2019-05-21,3.58,3.62,3.56,3.6,12528200.0,45106074.0,0.362393,9.248417,0.90345
2019-05-22,3.59,3.6,3.53,3.54,15051900.0,53546874.0,0.435394,9.094277,0.888393
2019-05-23,3.54,3.57,3.51,3.54,12218016.0,43134557.0,0.353421,9.094277,0.888393
2019-05-24,3.51,3.54,3.51,3.53,8177127.0,28815839.0,0.236533,9.068587,0.885883
2019-05-27,3.53,3.58,3.51,3.57,12529782.0,44500522.0,0.362439,9.171347,0.895922
2019-05-28,3.57,3.59,3.55,3.56,12720338.0,45444290.0,0.367951,9.145657,0.893412
2019-05-29,3.54,3.56,3.53,3.55,10847342.0,38467414.0,0.313772,9.119967,0.890902
2019-05-30,3.53,3.58,3.48,3.57,19525519.0,68795579.0,0.564799,9.171347,0.895922
2019-05-31,3.55,3.58,3.54,3.57,11776322.0,41892062.0,0.340644,9.171347,0.895922
2019-06-03,3.55,3.58,3.51,3.57,15883894.0,56207501.0,0.459461,9.171347,0.895922
2019-06-04,3.55,3.56,3.52,3.52,7594502.0,26797003.0,0.21968,9.042897,0.883374
2019-06-05,3.53,3.56,3.53,3.53,7469600.0,26463045.0,0.216067,9.068587,0.885883
2019-06-06,3.51,3.53,3.47,3.48,11014233.0,38456325.0,0.3186,8.940137,0.873335
2019-06-10,3.48,3.52,3.46,3.5,7003400.0,24454120.0,0.202582,8.991517,0.878355
2019-06-11,3.55,3.68,3.54,3.66,38680036.0,140672092.0,1.118867,9.402558,0.918508
2019-06-12,3.66,3.7,3.63,3.64,22056085.0,80651935.0,0.637999,9.351178,0.913489
2019-06-13,3.65,3.68,3.6,3.65,15923531.0,57865704.0,0.460607,9.376868,0.915998
2019-06-14,3.64,3.65,3.56,3.59,18405577.0,66416996.0,0.532404,9.222727,0.900941
2019-06-17,3.59,3.84,3.56,3.68,27692078.0,101667220.0,0.801027,9.453938,0.923527
2019-06-18,3.93,3.93,3.73,3.74,65468112.0,249526384.0,1.893744,9.608078,0.938585
2019-06-19,3.76,3.87,3.71,3.75,51101634.0,192952027.0,1.478176,9.633768,0.941094
2019-06-20,3.74,3.8,3.68,3.77,35447179.0,132632772.0,1.025352,9.685148,0.946113
2019-06-21,3.77,3.81,3.76,3.77,30487868.0,115213250.0,0.881898,9.685148,0.946113
2019-06-24,3.78,3.79,3.72,3.78,21317418.0,79924555.0,0.616632,9.710838,0.948623
2019-06-25,3.75,3.75,3.66,3.71,24024733.0,88976891.0,0.694944,9.531008,0.931056
2019-06-26,3.68,3.72,3.67,3.7,9855304.0,36439954.0,0.285077,9.505318,0.928546
2019-06-27,3.7,3.72,3.68,3.68,15035434.0,55579408.0,0.434918,9.453938,0.923527
2019-06-28,3.68,3.69,3.63,3.64,13885800.0,50668310.0,0.401664,9.351178,0.913489
2019-07-01,3.68,3.72,3.67,3.71,18962811.0,70070662.0,0.548522,9.531008,0.931056
2019-07-02,3.69,3.71,3.67,3.68,13335847.0,49196825.0,0.385755,9.453938,0.923527
2019-07-03,3.68,3.69,3.66,3.67,9884126.0,36248728.0,0.28591,9.428248,0.921017
2019-07-04,3.68,3.73,3.66,3.69,22402256.0,82741941.0,0.648012,9.479628,0.926037
2019-07-05,3.68,3.68,3.64,3.67,13961598.0,51171967.0,0.403856,9.428248,0.921017
2019-07-08,3.67,3.67,3.55,3.56,18018500.0,64641803.0,0.521207,9.145657,0.893412
2019-07-09,3.56,3.59,3.54,3.55,10138132.0,36045786.0,0.293258,9.119967,0.890902
2019-07-10,3.56,3.56,3.52,3.54,9382757.0,33231302.0,0.271408,9.094277,0.888393
2019-07-11,3.55,3.57,3.53,3.53,9728967.0,34527976.0,0.281422,9.068587,0.885883
2019-07-12,3.53,3.56,3.52,3.54,10299437.0,36436097.0,0.297924,9.094277,0.888393
2019-07-15,3.53,3.58,3.5,3.57,13740110.0,48663159.0,0.397449,9.171347,0.895922
2019-07-16,3.56,3.58,3.55,3.58,7122800.0,25420990.0,0.206036,9.197037,0.898431
2019-07-17,3.58,3.59,3.56,3.58,9530752.0,34083951.0,0.275688,9.197037,0.898431
2019-07-18,3.52,3.52,3.48,3.49,8637944.0,30195290.0,0.249863,8.965827,0.875845
2019-07-19,3.49,3.53,3.49,3.51,7753468.0,27240723.0,0.224278,9.017207,0.880864
2019-07-22,3.51,3.52,3.45,3.48,10378011.0,36115673.0,0.300196,8.940137,0.873335
2019-07-23,3.48,3.5,3.46,3.48,6334500.0,22057534.0,0.183233,8.940137,0.873335
2019-07-24,3.48,3.52,3.48,3.5,8507112.0,29801420.0,0.246078,8.991517,0.878355
2019-07-25,3.5,3.51,3.47,3.48,8333480.0,29009889.0,0.241056,8.940137,0.873335
2019-07-26,3.47,3.49,3.46,3.48,10482800.0,36440501.0,0.3032,8.940137,0.873335
2019-07-29,3.49,3.49,3.46,3.47,7717023.0,26778855.0,0.223224,8.914447,0.870826
2019-07-30,3.47,3.51,3.46,3.49,9219998.0,32164837.0,0.2667,8.965827,0.875845
2019-07-31,3.48,3.48,3.45,3.45,11450076.0,39620688.0,0.3312,8.863067,0.865807
2019-08-01,3.44,3.46,3.42,3.43,8387545.0,28831561.0,0.2426,8.811687,0.860787
2019-08-02,3.39,3.39,3.35,3.37,13223462.0,44557430.0,0.3825,8.657546,0.84573
2019-08-05,3.35,3.39,3.31,3.31,12413100.0,41564193.0,0.3591,8.503406,0.830672
2019-08-06,3.26,3.27,3.18,3.2,22818769.0,73409092.0,0.6601,8.220816,0.803067
2019-08-07,3.23,3.23,3.19,3.19,8411400.0,26987200.0,0.2433,8.195125,0.800557
2019-08-08,3.2,3.22,3.19,3.2,9804411.0,31400456.0,0.2836,8.220816,0.803067
2019-08-09,3.22,3.22,3.17,3.19,11141595.0,35635066.0,0.3223,8.195125,0.800557
2019-08-12,3.19,3.24,3.19,3.23,12189717.0,39178366.0,0.3526,8.297886,0.810596
2019-08-13,3.21,3.23,3.2,3.22,8475489.0,27257370.0,0.2452,8.272196,0.808086
2019-08-14,3.24,3.32,3.23,3.28,13888040.0,45520642.0,0.4017,8.426336,0.823144
2019-08-15,3.22,3.3,3.22,3.3,10984915.0,35942701.0,0.3178,8.477716,0.828163
2019-08-16,3.3,3.35,3.28,3.31,11514320.0,38179963.0,0.3331,8.503406,0.830672
2019-08-19,3.3,3.37,3.3,3.36,14487906.0,48443223.0,0.4191,8.631856,0.84322
2019-08-20,3.37,3.41,3.36,3.37,11723800.0,39618242.0,0.3391,8.657546,0.84573
2019-08-21,3.36,3.38,3.35,3.36,6407827.0,21518950.0,0.1854,8.631856,0.84322
2019-08-22,3.38,3.38,3.32,3.35,7793717.0,26111303.0,0.2254,8.606166,0.840711
2019-08-23,3.35,3.37,3.33,3.34,6552419.0,21935349.0,0.1895,8.580476,0.838201
2019-08-26,3.26,3.31,3.25,3.3,9476416.0,31125486.0,0.2741,8.477716,0.828163
2019-08-27,3.31,3.37,3.3,3.35,10592499.0,35450750.0,0.3064,8.606166,0.840711
2019-08-28,3.33,3.37,3.32,3.35,7547500.0,25298306.0,0.2183,8.606166,0.840711
2019-08-29,3.36,3.36,3.31,3.34,10364738.0,34527324.0,0.2998,8.580476,0.838201
2019-08-30,3.35,3.36,3.3,3.33,8323824.0,27700972.0,0.2408,8.554786,0.835692
2019-09-02,3.37,3.39,3.34,3.38,18103623.0,61132028.0,0.5237,8.391071,0.833611
2019-09-03,3.37,3.41,3.36,3.4,15221391.0,51572242.0,0.4403,8.440723,0.838543
2019-09-04,3.4,3.47,3.39,3.47,25591387.0,88092574.0,0.7403,8.614502,0.855808
2019-09-05,3.48,3.52,3.45,3.46,25403774.0,88364478.0,0.7348,8.589676,0.853341
2019-09-06,3.46,3.47,3.42,3.43,11607671.0,39892008.0,0.3358,8.515199,0.845942
2019-09-09,3.47,3.49,3.45,3.48,16187420.0,56130690.0,0.4682,8.639328,0.858274
2019-09-10,3.5,3.5,3.45,3.47,11730100.0,40605957.0,0.3393,8.614502,0.855808
2019-09-11,3.48,3.48,3.4,3.42,28837790.0,98789923.0,0.8342,8.490374,0.843476
2019-09-12,3.44,3.45,3.41,3.45,22213059.0,76309688.0,0.6425,8.564851,0.850875
2019-09-16,3.45,3.46,3.41,3.44,23510189.0,80762102.0,0.6801,8.540025,0.848409
2019-09-17,3.44,3.44,3.33,3.34,25729508.0,86618586.0,0.7443,8.291769,0.823746
2019-09-18,3.35,3.37,3.32,3.33,17411942.0,58206907.0,0.5037,8.266943,0.821279
2019-09-19,3.35,3.36,3.3,3.35,19663418.0,65368216.0,0.5688,8.316594,0.826212
2019-09-20,3.45,3.46,3.37,3.38,45924901.0,156770969.0,1.3284,8.391071,0.833611
2019-09-23,3.36,3.37,3.29,3.3,27295697.0,90361988.0,0.7896,8.192466,0.81388
2019-09-24,3.3,3.32,3.28,3.29,21040367.0,69379846.0,0.6086,8.16764,0.811414
2019-09-25,3.29,3.29,3.25,3.26,13627460.0,44474848.0,0.3942,8.093163,0.804015
2019-09-26,3.26,3.27,3.24,3.24,13345783.0,43443957.0,0.386,8.043512,0.799083
2019-09-27,3.24,3.26,3.24,3.25,7826971.0,25452038.0,0.2264,8.068338,0.801549
2019-09-30,3.26,3.26,3.23,3.23,8619581.0,27965854.0,0.2493,8.018686,0.796616
2019-10-08,3.25,3.27,3.23,3.27,9963064.0,32423399.0,0.2882,8.117989,0.806482
2019-10-09,3.25,3.28,3.24,3.28,8407527.0,27439376.0,0.2432,8.142815,0.808948
2019-10-10,3.27,3.31,3.27,3.31,13583994.0,44644383.0,0.3929,8.217292,0.816347
2019-10-11,3.3,3.32,3.28,3.31,13105269.0,43246729.0,0.3791,8.217292,0.816347
2019-10-14,3.32,3.36,3.32,3.34,18508987.0,61819388.0,0.5354,8.291769,0.823746
2019-10-15,3.34,3.35,3.32,3.33,13530157.0,45073449.0,0.3914,8.266943,0.821279
2019-10-16,3.34,3.35,3.3,3.31,12196692.0,40572537.0,0.3528,8.217292,0.816347
2019-10-17,3.31,3.33,3.29,3.3,9309324.0,30785663.0,0.2693,8.192466,0.81388
2019-10-18,3.3,3.31,3.23,3.25,12917505.0,42197129.0,0.3737,8.068338,0.801549
2019-10-21,3.24,3.25,3.21,3.24,9989935.0,32263839.0,0.289,8.043512,0.799083
2019-10-22,3.23,3.26,3.23,3.25,8007448.0,25964838.0,0.2316,8.068338,0.801549
2019-10-23,3.26,3.32,3.24,3.28,14417128.0,47242167.0,0.417,8.142815,0.808948
2019-10-24,3.28,3.28,3.24,3.26,9534880.0,31038882.0,0.2758,8.093163,0.804015
2019-10-25,3.25,3.28,3.23,3.28,10388326.0,33827630.0,0.3005,8.142815,0.808948
2019-10-28,3.28,3.3,3.26,3.3,12145907.0,39905557.0,0.3513,8.192466,0.81388
2019-10-29,3.3,3.31,3.27,3.28,9869942.0,32398398.0,0.2855,8.142815,0.808948
2019-10-30,3.27,3.28,3.23,3.24,10751080.0,34907139.0,0.311,8.043512,0.799083
2019-10-31,3.24,3.26,3.23,3.24,10392223.0,33694738.0,0.3006,8.002699,0.798707
2019-11-01,3.23,3.26,3.21,3.25,12569127.0,40648880.0,0.3636,8.027399,0.801172
2019-11-04,3.25,3.29,3.24,3.27,17305310.0,56490501.0,0.5006,8.076798,0.806103
2019-11-05,3.28,3.32,3.25,3.3,17472127.0,57415233.0,0.5054,8.150897,0.813498
2019-11-06,3.3,3.31,3.26,3.27,11046331.0,36237609.0,0.3195,8.076798,0.806103
2019-11-07,3.28,3.28,3.25,3.27,7320640.0,23879537.0,0.2118,8.076798,0.806103
2019-11-08,3.28,3.29,3.25,3.26,8517672.0,27855657.0,0.2464,8.052099,0.803637
2019-11-11,3.24,3.25,3.2,3.2,12633941.0,40712672.0,0.3655,7.903901,0.788847
2019-11-12,3.2,3.24,3.17,3.24,13465351.0,43169579.0,0.3895,8.002699,0.798707
2019-11-13,3.21,3.22,3.18,3.2,9473156.0,30312534.0,0.274,7.903901,0.788847
2019-11-14,3.22,3.26,3.21,3.23,13031169.0,42087635.0,0.3769,7.978,0.796242
2019-11-15,3.22,3.23,3.18,3.18,10117184.0,32321916.0,0.2927,7.854501,0.783916
2019-11-18,3.19,3.19,3.16,3.19,7959459.0,25299488.0,0.2302,7.879201,0.786381
2019-11-19,3.19,3.23,3.18,3.22,9545135.0,30627940.0,0.2761,7.9533,0.793777
2019-11-20,3.21,3.22,3.18,3.18,7220700.0,23055115.0,0.2089,7.854501,0.783916
2019-11-21,3.18,3.2,3.17,3.19,4689793.0,14922506.0,0.1357,7.879201,0.786381
2019-11-22,3.19,3.21,3.18,3.2,10265383.0,32817795.0,0.2969,7.903901,0.788847
2019-11-25,3.21,3.26,3.19,3.26,18706531.0,60557749.0,0.5411,8.052099,0.803637
2019-11-26,3.24,3.25,3.22,3.24,9388057.0,30387337.0,0.2716,8.002699,0.798707
2019-11-27,3.24,3.25,3.21,3.23,7661422.0,24756842.0,0.2216,7.978,0.796242
2019-11-28,3.23,3.26,3.22,3.23,7957421.0,25775555.0,0.2302,7.978,0.796242
2019-11-29,3.24,3.24,3.22,3.24,6686778.0,21598153.0,0.1934,8.002699,0.798707
2019-12-02,3.24,3.26,3.23,3.24,7784789.0,25223141.0,0.2252,8.002699,0.798707
2019-12-03,3.23,3.24,3.2,3.23,7074546.0,22770738.0,0.2046,7.978,0.796242
2019-12-04,3.22,3.23,3.2,3.21,6985319.0,22432264.0,0.2021,7.9286,0.791312
2019-12-05,3.21,3.24,3.21,3.22,7388082.0,23813623.0,0.2137,7.9533,0.793777
2019-12-06,3.23,3.24,3.21,3.24,8411711.0,27155558.0,0.2433,8.002699,0.798707
2019-12-09,3.24,3.25,3.22,3.24,8451815.0,27360183.0,0.2445,8.002699,0.798707
2019-12-10,3.23,3.24,3.21,3.22,12905724.0,41535148.0,0.3733,7.9533,0.793777
2019-12-11,3.22,3.22,3.2,3.21,10226120.0,32792427.0,0.2958,7.9286,0.791312
2019-12-12,3.22,3.22,3.19,3.2,7033198.0,22508443.0,0.2034,7.903901,0.788847
2019-12-13,3.21,3.24,3.2,3.23,14542930.0,46835914.0,0.4207,7.978,0.796242
2019-12-16,3.23,3.25,3.22,3.25,15562212.0,50374913.0,0.4502,8.027399,0.801172
2019-12-17,3.24,3.31,3.23,3.29,27698414.0,90680557.0,0.8012,8.126198,0.811033
2019-12-18,3.28,3.3,3.26,3.27,17761194.0,58259768.0,0.5138,8.076798,0.806103
2019-12-19,3.27,3.29,3.27,3.29,12711195.0,41718453.0,0.3677,8.126198,0.811033
2019-12-20,3.29,3.3,3.27,3.27,10530611.0,34534584.0,0.3046,8.076798,0.806103
2019-12-23,3.27,3.27,3.22,3.22,14295433.0,46383960.0,0.4135,7.9533,0.793777
2019-12-24,3.23,3.26,3.22,3.25,9809983.0,31765667.0,0.2838,8.027399,0.801172
2019-12-25,3.25,3.25,3.22,3.23,9740425.0,31534165.0,0.2818,7.978,0.796242
2019-12-26,3.23,3.25,3.23,3.24,12370283.0,40067624.0,0.3578,8.002699,0.798707
2019-12-27,3.25,3.27,3.23,3.24,16626833.0,54092120.0,0.481,8.002699,0.798707
2019-12-30,3.24,3.29,3.23,3.29,25072869.0,82049607.0,0.7253,8.126198,0.811033
2019-12-31,3.29,3.37,3.28,3.36,39732387.0,132482897.0,1.1493,8.299096,0.828289
2020-01-02,3.39,3.5,3.35,3.45,65122151.0,221927264.0,1.8837,8.521393,0.850475
2020-01-03,3.44,3.44,3.39,3.41,30636804.0,104660429.0,0.8862,8.422594,0.840615
2020-01-06,3.38,3.4,3.29,3.38,63180719.0,211428056.0,1.8276,8.348495,0.833219
2020-01-07,3.37,3.5,3.35,3.5,62619404.0,215223204.0,1.8113,8.644891,0.862801
2020-01-08,3.55,3.56,3.44,3.49,66085874.0,231270559.0,1.9116,8.620192,0.860336
2020-01-09,3.5,3.53,3.47,3.49,30300992.0,105952854.0,0.8765,8.620192,0.860336
2020-01-10,3.5,3.5,3.43,3.5,26426294.0,91426327.0,0.7644,8.644891,0.862801
2020-01-13,3.49,3.5,3.44,3.48,14836704.0,51473780.0,0.4292,8.595492,0.857871
2020-01-14,3.52,3.53,3.48,3.51,23023347.0,80482203.0,0.666,8.669591,0.865266
2020-01-15,3.5,3.5,3.44,3.45,14926703.0,51650595.0,0.4318,8.521393,0.850475
2020-01-16,3.46,3.46,3.39,3.4,18221725.0,62293650.0,0.5271,8.397894,0.83815
2020-01-17,3.42,3.53,3.41,3.48,68623500.0,238581006.0,1.985,8.595492,0.857871
2020-01-20,3.5,3.5,3.45,3.49,15927282.0,55324152.0,0.4607,8.620192,0.860336
2020-01-21,3.46,3.48,3.42,3.43,15086477.0,51854042.0,0.4364,8.471993,0.845545
2020-01-22,3.42,3.45,3.36,3.41,16431672.0,55887325.0,0.4753,8.422594,0.840615
2020-01-23,3.41,3.42,3.3,3.33,25325725.0,84784697.0,0.7326,8.224997,0.820894
2020-02-03,3.0,3.1,3.0,3.03,66972391.0,201643761.0,1.9373,7.484006,0.746939
2020-02-04,3.01,3.11,3.01,3.09,27537895.0,84874911.0,0.7966,7.632204,0.76173
2020-02-05,3.09,3.17,3.07,3.11,24264568.0,75829840.0,0.7019,7.681603,0.76666
2020-02-06,3.42,3.42,3.27,3.37,65700584.0,220614372.0,1.9005,8.323795,0.830754
2020-02-07,3.33,3.37,3.3,3.34,30166248.0,100588959.0,0.8726,8.249696,0.823359
2020-02-10,3.32,3.42,3.31,3.38,30501963.0,102778247.0,0.8823,8.567698,0.855097
2020-02-11,3.37,3.41,3.35,3.36,20008126.0,67387461.0,0.5788,8.517001,0.850037
2020-02-12,3.35,3.37,3.33,3.36,16924462.0,56625922.0,0.4896,8.517001,0.850037
2020-02-13,3.35,3.38,3.3,3.32,21882730.0,72973146.0,0.633,8.415608,0.839917
2020-02-14,3.31,3.33,3.28,3.3,16352047.0,53936889.0,0.473,8.364912,0.834858
2020-02-17,3.3,3.36,3.29,3.36,24866623.0,83043821.0,0.7193,8.517001,0.850037
2020-02-18,3.35,3.37,3.33,3.35,22519753.0,75341907.0,0.6514,8.491653,0.847507
2020-02-19,3.34,3.38,3.32,3.35,26201610.0,87735251.0,0.7579,8.491653,0.847507
2020-02-20,3.36,3.44,3.35,3.43,49462182.0,168708468.0,1.4308,8.694439,0.867746
2020-02-21,3.44,3.44,3.39,3.4,38574194.0,131283716.0,1.1158,8.618394,0.860156
2020-02-24,3.41,3.45,3.37,3.39,35270379.0,119881720.0,1.0202,8.593046,0.857627
2020-02-25,3.33,3.36,3.29,3.33,36290168.0,120828495.0,1.0497,8.440957,0.842447
2020-02-26,3.3,3.56,3.29,3.48,98816191.0,340016548.0,2.8584,8.82118,0.880395
2020-02-27,3.5,3.56,3.42,3.47,74666920.0,260409481.0,2.1598,8.795832,0.877866
2020-02-28,3.4,3.59,3.37,3.48,95803846.0,336262106.0,2.7712,8.82118,0.880395
2020-03-02,3.56,3.83,3.5,3.83,161796663.0,605029716.0,4.6802,9.708368,0.968941
2020-03-03,3.93,4.05,3.73,3.99,206515221.0,806234412.0,5.9737,10.113939,1.009419
2020-03-04,3.85,4.04,3.85,3.97,121892535.0,478795607.0,3.5259,10.063243,1.004359
2020-03-05,3.99,4.08,3.86,4.01,150682059.0,600621568.0,4.3587,10.164636,1.014479
2020-03-06,3.91,3.96,3.8,3.82,94722466.0,365130060.0,2.74,9.683019,0.966411
2020-03-09,3.74,3.83,3.67,3.68,59957022.0,223725505.0,1.7343,9.328144,0.930993
2020-03-10,3.61,3.79,3.6,3.75,58116364.0,215087712.0,1.6811,9.505582,0.948702
2020-03-11,3.76,3.76,3.65,3.67,46229790.0,170963507.0,1.3373,9.302796,0.928463
2020-03-12,3.63,3.67,3.6,3.62,32508780.0,117832569.0,0.9404,9.176055,0.915814
2020-03-13,3.49,3.6,3.45,3.57,44141062.0,155815722.0,1.2768,9.049314,0.903164
2020-03-16,3.58,3.65,3.51,3.52,42720912.0,153146693.0,1.2358,8.922573,0.890515
2020-03-17,3.86,3.87,3.66,3.85,115008662.0,435351777.0,3.3268,9.759064,0.974001
2020-03-18,3.78,3.87,3.68,3.73,73142161.0,276824295.0,2.1157,9.454885,0.943642
2020-03-19,3.73,3.77,3.65,3.74,48054613.0,178329842.0,1.39,9.480234,0.946172
2020-03-20,3.8,3.87,3.75,3.83,57998602.0,221388891.0,1.6777,9.708368,0.968941
2020-03-23,3.75,3.79,3.72,3.74,37698685.0,141723673.0,1.0905,9.480234,0.946172
2020-03-24,3.78,3.81,3.71,3.77,36000954.0,135316384.0,1.0414,9.556278,0.953762
2020-03-25,3.82,3.83,3.74,3.78,38774137.0,146710353.0,1.1216,9.581627,0.956292
2020-03-26,3.78,3.78,3.71,3.73,30578614.0,114297511.0,0.8845,9.454885,0.943642
2020-03-27,3.76,3.84,3.73,3.78,48740366.0,184649220.0,1.4099,9.581627,0.956292
2020-03-30,3.75,3.83,3.75,3.82,39962674.0,151908397.0,1.156,9.683019,0.966411
2020-03-31,3.82,3.86,3.78,3.85,42799036.0,163922268.0,1.238,9.759064,0.974001
2020-04-01,3.85,3.95,3.85,3.88,39308355.0,153241659.0,1.137,9.835109,0.98159
2020-04-02,3.91,3.94,3.86,3.94,40092452.0,156487115.0,1.1597,9.987198,0.99677
2020-04-03,3.97,3.97,3.9,3.91,58774196.0,231150617.0,1.7001,9.911153,0.98918
2020-04-07,3.91,3.91,3.91,3.91,0.0,0.0,,9.911153,0.98918
2020-04-08,4.06,4.06,3.9,3.92,44331887.0,176315440.0,1.2824,9.936502,0.99171
2020-04-09,3.94,3.95,3.82,3.83,26937938.0,103553964.0,0.7792,9.708368,0.968941
2020-04-10,3.86,3.94,3.8,3.9,32565590.0,126183358.0,0.942,9.885805,0.98665
2020-04-13,3.85,3.95,3.84,3.89,16693798.0,65102766.0,0.4829,9.860457,0.98412
2020-04-14,3.91,3.94,3.89,3.92,12634100.0,49505365.0,0.3655,9.936502,0.99171
2020-04-15,3.94,3.94,3.87,3.89,12504288.0,48650237.0,0.3617,9.860457,0.98412
2020-04-16,3.89,3.89,3.84,3.86,12170798.0,46935510.0,0.3521,9.784412,0.976531
2020-04-17,3.86,3.93,3.83,3.87,18827202.0,73077187.0,0.5446,9.80976,0.97906
2020-04-20,3.89,3.98,3.86,3.94,24774225.0,96902415.0,0.7166,9.987198,0.99677
2020-04-21,3.9,3.92,3.85,3.91,17264098.0,67024575.0,0.4994,9.911153,0.98918
2020-04-22,3.88,3.91,3.87,3.9,11605080.0,45237288.0,0.3357,9.885805,0.98665
2020-04-23,3.9,3.92,3.86,3.87,10498468.0,40754963.0,0.3037,9.80976,0.97906
2020-04-24,3.88,3.88,3.83,3.83,11757491.0,45325381.0,0.3401,9.708368,0.968941
2020-04-27,3.85,3.87,3.79,3.8,10933173.0,41891450.0,0.3163,9.632323,0.961351
2020-04-28,3.81,3.81,3.61,3.69,16880051.0,62424282.0,0.4883,9.353493,0.933523
2020-04-29,3.68,3.72,3.68,3.71,6043657.0,22400399.0,0.1748,9.404189,0.938582
2020-04-30,3.74,3.81,3.73,3.81,13269385.0,50130277.0,0.3838,8.638626,0.888378
2020-05-06,3.97,4.02,3.91,3.96,46773329.0,185126629.0,1.353,8.978729,0.923354
2020-05-07,3.96,3.98,3.91,3.92,25216146.0,99250120.0,0.7294,8.888035,0.914027
2020-05-08,3.94,3.95,3.91,3.92,16486100.0,64800278.0,0.4769,8.888035,0.914027
2020-05-11,3.94,3.97,3.89,3.94,23498092.0,92368146.0,0.6797,8.933382,0.91869
2020-05-12,3.95,3.97,3.9,3.92,19996679.0,78736430.0,0.5784,8.888035,0.914027
2020-05-13,3.92,4.01,3.9,3.98,24309537.0,96649984.0,0.7032,9.024077,0.928017
2020-05-14,3.98,4.02,3.92,4.01,30753665.0,122693308.0,0.8896,9.092097,0.935012
2020-05-15,4.02,4.1,4.02,4.05,24826961.0,100419353.0,0.7181,9.182791,0.944339
2020-05-18,4.31,4.33,4.16,4.19,69910844.0,295728868.0,2.0223,9.500221,0.976983
2020-05-19,4.21,4.22,4.11,4.13,32648621.0,135220850.0,0.9444,9.36418,0.962992
2020-05-20,4.12,4.12,4.03,4.07,30713593.0,124856454.0,0.8884,9.228139,0.949002
2020-05-21,4.06,4.09,4.03,4.06,15660346.0,63479088.0,0.453,9.205465,0.946671
2020-05-22,4.06,4.06,3.97,3.97,19164341.0,76745228.0,0.5544,9.001403,0.925685
2020-05-25,3.96,4.0,3.95,3.98,13204446.0,52466873.0,0.382,9.024077,0.928017
2020-05-26,3.98,3.99,3.95,3.97,23043335.0,91489590.0,0.6666,9.001403,0.925685
2020-05-27,3.98,3.98,3.92,3.93,13501893.0,53179484.0,0.3906,8.910709,0.916358
2020-05-28,3.93,3.96,3.92,3.93,13233980.0,52097929.0,0.3828,8.910709,0.916358
2020-05-29,3.92,3.94,3.91,3.94,10050634.0,39465106.0,0.2907,8.933382,0.91869
2020-06-01,3.95,4.05,3.94,4.04,21943676.0,88149491.0,0.6347,9.160118,0.942007
2020-06-02,4.05,4.08,4.03,4.06,19551975.0,79211184.0,0.5656,9.205465,0.946671
2020-06-03,4.06,4.07,4.03,4.04,12013635.0,48622944.0,0.3475,9.160118,0.942007
2020-06-04,4.05,4.06,4.01,4.04,9513731.0,38377019.0,0.2752,9.160118,0.942007
2020-06-05,4.05,4.08,4.03,4.07,12221402.0,49545143.0,0.3535,9.228139,0.949002
2020-06-08,4.08,4.1,4.04,4.07,11316858.0,45960290.0,0.3274,9.228139,0.949002
2020-06-09,4.06,4.07,4.01,4.05,11947129.0,48255303.0,0.3456,9.182791,0.944339
2020-06-10,4.05,4.06,4.01,4.05,9493968.0,38396108.0,0.2746,9.182791,0.944339
2020-06-11,4.05,4.07,4.02,4.04,9320941.0,37687711.0,0.2696,9.160118,0.942007
2020-06-12,4.01,4.03,3.98,4.0,14058336.0,56196796.0,0.4067,9.069424,0.93268
2020-06-15,4.0,4.04,3.94,4.03,16385849.0,65734942.0,0.474,9.137444,0.939675
2020-06-16,4.05,4.06,4.0,4.04,13272035.0,53501244.0,0.3839,9.160118,0.942007
2020-06-17,4.05,4.06,4.02,4.03,6366760.0,25646871.0,0.1842,9.137444,0.939675
2020-06-18,4.04,4.04,4.0,4.0,8701812.0,34922600.0,0.2517,9.069424,0.93268
2020-06-19,4.01,4.02,3.97,3.98,11836783.0,47207364.0,0.3424,9.024077,0.928017
2020-06-22,3.97,4.01,3.94,3.94,11264402.0,44673441.0,0.3258,8.933382,0.91869
2020-06-23,3.95,3.96,3.87,3.87,12159899.0,47412862.0,0.3517,8.774667,0.902368
2020-06-24,3.88,3.9,3.87,3.89,8285556.0,32150015.0,0.2397,8.820014,0.907032
2020-06-29,3.89,3.9,3.78,3.81,12885200.0,49298418.0,0.3727,8.638626,0.888378
2020-06-30,3.82,3.84,3.81,3.82,8374202.0,32008518.0,0.2422,8.6613,0.89071
2020-07-01,3.83,3.85,3.8,3.84,9561694.0,36596886.0,0.2766,8.706647,0.895373
2020-07-02,3.84,3.94,3.82,3.92,15670619.0,61170929.0,0.4533,8.888035,0.914027
2020-07-03,3.92,4.03,3.91,4.0,20073649.0,79853105.0,0.5807,9.069424,0.93268
2020-07-06,3.98,4.16,3.97,4.15,47318466.0,193550736.0,1.3687,9.409527,0.967656
2020-07-07,4.16,4.25,4.12,4.14,43850150.0,182486489.0,1.2684,9.386853,0.965324
2020-07-08,4.08,4.19,4.02,4.15,46553400.0,191226509.0,1.3466,9.409527,0.967656
2020-07-09,4.15,4.23,4.1,4.21,44385659.0,186005907.0,1.2839,9.545568,0.981646
2020-07-10,4.22,4.27,4.13,4.15,35120979.0,147178774.0,1.0159,9.409527,0.967656
2020-07-13,4.16,4.43,4.16,4.36,64128243.0,277780232.0,1.855,9.885672,1.016622
2020-07-14,4.36,4.4,4.25,4.32,37266742.0,160955719.0,1.078,9.794978,1.007295
2020-07-15,4.35,4.42,4.27,4.33,46916478.0,203690033.0,1.3571,9.817651,1.009626
2020-07-16,4.3,4.35,4.23,4.24,45441607.0,194688112.0,1.3145,9.613589,0.988641
2020-07-17,4.23,4.34,4.22,4.29,29604988.0,126858930.0,0.8564,9.726957,1.0003
2020-07-20,4.32,4.45,4.3,4.41,45183306.0,198223941.0,1.307,9.99904,1.02828
2020-07-21,4.42,4.43,4.32,4.35,25238450.0,110156948.62,0.7301,9.862998,1.01429
2020-07-22,4.34,4.38,4.28,4.31,23977974.0,103810050.4,0.6936,9.772304,1.004963
2020-07-23,4.3,4.4,4.21,4.37,36491816.0,156605593.09,1.0556,9.908345,1.018953
2020-07-24,4.32,4.42,4.17,4.3,32448466.0,139364163.83,0.9386,9.74963,1.002631
2020-07-27,4.24,4.31,4.22,4.29,21193594.0,90518782.24,0.6131,9.726957,1.0003
2020-07-28,4.3,4.34,4.26,4.28,17005892.0,73009551.2,0.4919,9.704283,0.997968
2020-07-29,4.29,4.34,4.2,4.32,23510980.0,100891184.92,0.6801,9.794978,1.007295
2020-07-30,4.31,4.34,4.28,4.29,14069124.0,60484491.64,0.407,9.726957,1.0003
2020-07-31,4.29,4.34,4.26,4.3,21022539.0,90389203.44,0.6081,9.74963,1.002631
2020-08-03,4.32,4.37,4.31,4.33,23621001.0,102328047.5,0.6833,9.817651,1.009626
2020-08-04,4.35,4.36,4.27,4.32,21424932.0,92299138.96,0.6197,9.794978,1.007295
2020-08-05,4.3,4.31,4.25,4.29,16991324.0,72716559.06,0.4915,9.726957,1.0003
2020-08-06,4.29,4.31,4.25,4.31,19611829.0,83854171.84,0.5673,9.772304,1.004963
2020-08-07,4.28,4.31,4.23,4.29,21853399.0,93365944.41,0.6321,9.726957,1.0003
2020-08-10,4.35,4.65,4.33,4.61,84028746.0,379237258.36,2.4306,10.452511,1.074914
2020-08-11,4.62,4.66,4.37,4.4,52294652.0,235350632.43,1.5127,9.976366,1.025948
2020-08-12,4.4,4.49,4.29,4.35,35971227.0,157249811.96,1.0405,9.862998,1.01429
2020-08-13,4.37,4.4,4.28,4.3,23483902.0,101402309.38,0.6793,9.74963,1.002631
2020-08-14,4.29,4.29,4.2,4.28,22778501.0,96909750.75,0.6589,9.704283,0.997968
2020-08-17,4.29,4.34,4.26,4.31,23137942.0,99543188.26,0.6693,9.772304,1.004963
2020-08-18,4.33,4.38,4.31,4.36,21632792.0,94132434.43,0.6258,9.885672,1.016622
2020-08-19,4.39,4.54,4.34,4.42,37431281.0,165982793.21,1.0827,10.021713,1.030612
2020-08-20,4.38,4.41,4.32,4.32,25897185.0,112763767.81,0.7491,9.794978,1.007295
2020-08-21,4.34,4.36,4.26,4.29,16790209.0,72171421.13,0.4857,9.726957,1.0003
2020-08-24,4.28,4.3,4.25,4.26,16952058.0,72388552.53,0.4904,9.658936,0.993305
2020-08-25,4.25,4.28,4.21,4.23,14243936.0,60429864.25,0.412,9.590915,0.986309
2020-08-26,4.21,4.23,4.1,4.11,20869874.0,86838548.3,0.6037,9.318833,0.958329
2020-08-27,4.17,4.48,4.17,4.38,67379520.0,294684885.91,1.949,8.412881,0.983093
2020-08-28,4.39,4.48,4.35,4.41,66003458.0,290678453.53,1.9092,8.470504,0.989827
2020-08-31,4.64,4.75,4.56,4.58,108100408.0,503077665.86,3.1269,8.797031,1.027983
2020-09-01,4.58,4.61,4.44,4.47,44131345.0,199003748.75,1.2766,8.585749,1.003294
2020-09-02,4.46,4.54,4.42,4.45,29789950.0,133069985.06,0.8617,8.547334,0.998805
2020-09-03,4.45,4.49,4.42,4.46,20556204.0,91451834.68,0.5946,8.566541,1.001049
2020-09-04,4.4,4.46,4.38,4.46,18722216.0,82812727.4,0.5416,8.566541,1.001049
2020-09-07,4.46,4.48,4.35,4.41,38176102.0,168639657.57,1.1043,8.470504,0.989827
2020-09-08,4.4,4.49,4.37,4.48,31877000.0,141947162.48,0.9221,8.604956,1.005538
2020-09-09,4.45,4.53,4.41,4.51,29875773.0,133939280.28,0.8642,8.662578,1.012272
2020-09-10,4.53,4.54,4.34,4.35,27434751.0,121406019.78,0.7936,8.355259,0.97636
2020-09-11,4.35,4.51,4.35,4.41,24795196.0,110164841.39,0.6867,8.470504,0.989827
2020-09-14,4.48,4.7,4.43,4.54,51578526.0,233977493.89,1.4286,8.720201,1.019005
2020-09-15,4.51,4.53,4.44,4.48,18411871.0,82354202.36,0.5099,8.604956,1.005538
2020-09-16,4.47,4.5,4.43,4.48,11461501.0,51172819.47,0.3174,8.604956,1.005538
2020-09-17,4.46,4.52,4.45,4.51,21164849.0,95032620.0,0.5862,8.662578,1.012272
2020-09-18,4.48,4.62,4.47,4.57,27398694.0,124861187.53,0.7589,8.777823,1.025739
2020-09-21,4.57,4.58,4.46,4.47,22522057.0,101304109.43,0.6238,8.585749,1.003294
2020-09-22,4.43,4.54,4.41,4.46,19794870.0,88303551.51,0.5483,8.566541,1.001049
2020-09-23,4.47,4.48,4.43,4.47,11532197.0,51354862.65,0.3194,8.585749,1.003294
2020-09-24,4.47,4.47,4.33,4.35,17477366.0,76453549.06,0.4841,8.355259,0.97636
2020-09-25,4.36,4.41,4.3,4.34,12477838.0,54104259.76,0.3456,8.336051,0.974115
2020-09-28,4.38,4.38,4.25,4.28,11599227.0,49760403.44,0.3213,8.220806,0.960648
2020-09-29,4.29,4.33,4.25,4.27,9479924.0,40618931.11,0.2626,8.201599,0.958403
2020-09-30,4.27,4.34,4.23,4.28,13453966.0,57495533.3,0.3726,8.220806,0.960648
2020-10-09,4.3,4.38,4.3,4.31,13466991.0,58480377.7,0.373,8.278429,0.967382
2020-10-12,4.33,4.38,4.32,4.37,16492686.0,71843577.8,0.4568,8.393674,0.980849
2020-10-13,4.37,4.37,4.34,4.35,9768691.0,42498339.63,0.2706,8.355259,0.97636
2020-10-14,4.36,4.38,4.32,4.35,9539462.0,41427875.5,0.2642,8.355259,0.97636
2020-10-15,4.35,4.46,4.34,4.44,21877384.0,96475238.97,0.6059,8.528126,0.99656
2020-10-16,4.38,4.5,4.38,4.46,16395222.0,72956527.99,0.4541,8.566541,1.001049
2020-10-19,4.57,4.59,4.42,4.45,26035950.0,116899604.54,0.7211,8.547334,0.998805
2020-10-20,4.43,4.48,4.41,4.47,9211887.0,41016882.75,0.2551,8.585749,1.003294
2020-10-21,4.45,4.47,4.38,4.43,13665223.0,60267574.58,0.3785,8.508919,0.994316
2020-10-22,4.42,4.42,4.36,4.41,9611173.0,42275922.8,0.2662,8.470504,0.989827
2020-10-23,4.4,4.44,4.38,4.39,8539107.0,37651926.48,0.2365,8.432089,0.985338
2020-10-26,4.39,4.4,4.24,4.28,19121708.0,82284829.0,0.5296,8.220806,0.960648
2020-10-27,4.29,4.29,4.23,4.29,8883736.0,37872560.84,0.2461,8.240014,0.962893
2020-10-28,4.26,4.29,4.2,4.29,11811900.0,50295333.0,0.3272,8.240014,0.962893
2020-10-29,4.24,4.29,4.21,4.24,9918351.0,42150038.71,0.2747,8.143976,0.95167
2020-10-30,4.33,4.54,4.32,4.46,53595526.0,237656745.73,1.4844,6.407057,0.956682
2020-11-02,4.5,4.64,4.45,4.63,71054384.0,325495956.41,1.968,6.651272,0.993147
2020-11-03,4.65,4.67,4.58,4.63,36233084.0,167914496.31,1.0035,6.651272,0.993147
2020-11-04,4.66,4.78,4.64,4.73,45871887.0,216790805.32,1.2705,6.794928,1.014597
2020-11-05,4.78,5.12,4.74,5.06,80061396.0,398494556.53,2.2174,7.268992,1.085383
2020-11-06,5.11,5.21,5.05,5.18,69852482.0,359543393.75,1.9347,7.44138,1.111123
2020-11-09,5.24,5.4,5.13,5.14,65888213.0,344551269.11,1.8249,7.383917,1.102543
2020-11-10,5.15,5.21,5.04,5.09,43336834.0,221364251.36,1.2003,7.312089,1.091818
2020-11-11,5.1,5.27,5.08,5.17,40623486.0,210835680.96,1.1251,7.427014,1.108978
2020-11-12,5.13,5.24,5.12,5.19,27532066.0,142637443.75,0.7626,7.455745,1.113268
2020-11-13,5.2,5.21,5.06,5.18,23546105.0,121152331.01,0.6522,7.44138,1.111123
2020-11-16,5.18,5.24,5.14,5.22,28388730.0,147357346.95,0.7863,7.498842,1.119704
2020-11-17,5.21,5.3,5.15,5.18,27547569.0,142992873.88,0.763,7.44138,1.111123
2020-11-18,5.24,5.24,5.13,5.17,27303159.0,141292530.63,0.7562,7.427014,1.108978
2020-11-19,5.18,5.19,5.07,5.17,24074889.0,123682988.79,0.6668,7.427014,1.108978
2020-11-20,5.15,5.25,5.1,5.22,22250443.0,115611991.14,0.6163,7.498842,1.119704
2020-11-23,5.22,5.32,5.16,5.25,28688363.0,150385466.81,0.7946,7.541939,1.126139
2020-11-24,5.25,5.34,5.22,5.29,24767046.0,130748950.03,0.686,7.599401,1.134719
2020-11-25,5.26,5.57,5.14,5.15,49960778.0,266063783.84,1.3838,9.52328,1.421986
2020-11-26,5.17,5.18,5.04,5.07,33330396.0,169475067.73,0.9231,9.375345,1.399897
2020-11-27,5.08,5.11,4.86,4.93,39821036.0,196646582.99,1.1029,9.11646,1.361241
2020-11-30,4.95,5.04,4.86,4.88,30657663.0,150729998.6,0.8491,9.024001,1.347436
2020-12-01,4.88,5.05,4.84,4.93,37263277.0,184708863.12,1.0321,9.11646,1.361241
2020-12-02,4.96,5.0,4.89,4.94,22551982.0,111075877.28,0.6246,9.134952,1.364002
2020-12-03,4.94,4.95,4.86,4.88,17640281.0,86173690.67,0.4886,9.024001,1.347436
2020-12-04,4.88,4.91,4.77,4.82,20095653.0,96614904.07,0.5566,8.91305,1.330869
2020-12-07,4.83,4.86,4.71,4.73,21329451.0,101570589.44,0.5908,8.746624,1.306018
2020-12-08,4.72,4.77,4.69,4.71,18624727.0,88045588.68,0.5158,8.70964,1.300496
2020-12-09,4.74,4.74,4.62,4.63,20629163.0,96419975.81,0.5714,8.561706,1.278407
2020-12-10,4.69,4.75,4.59,4.61,25698605.0,119540471.85,0.7118,8.524722,1.272885
2020-12-11,4.61,4.64,4.52,4.59,21140726.0,96573672.48,0.5855,8.487739,1.267363
2020-12-14,4.58,4.62,4.51,4.53,18118826.0,82443592.9,0.5018,8.376788,1.250796
2020-12-15,4.55,4.65,4.52,4.62,19044320.0,87374790.58,0.5275,8.543214,1.275646
2020-12-16,4.58,4.59,4.52,4.53,12372401.0,56193688.78,0.3427,8.376788,1.250796
2020-12-17,4.52,4.59,4.49,4.57,14086487.0,64035844.76,0.3902,8.464876,1.263949
2020-12-18,4.6,4.6,4.51,4.53,16264084.0,73845443.91,0.4505,8.390786,1.252886
2020-12-21,4.52,4.59,4.5,4.57,15206715.0,69264396.4,0.4212,8.464876,1.263949
2020-12-22,4.55,4.57,4.43,4.43,19620806.0,88107206.87,0.5434,8.205559,1.225228
2020-12-23,4.44,4.49,4.41,4.44,14166324.0,63077736.14,0.3924,8.224081,1.227994
2020-12-24,4.45,4.51,4.44,4.45,15186294.0,67803486.56,0.4206,8.242604,1.23076
2020-12-25,4.45,4.48,4.42,4.45,14429917.0,64226111.13,0.3997,8.242604,1.23076
2020-12-28,4.46,4.46,4.35,4.39,16997207.0,74466507.59,0.4708,8.131468,1.214165
2020-12-29,4.36,4.47,4.36,4.45,18600122.0,82350994.37,0.5152,8.242604,1.23076
2020-12-30,4.46,4.46,4.4,4.42,13426789.0,59416380.98,0.3719,8.187036,1.222463
2020-12-31,4.42,4.52,4.41,4.51,21278254.0,95362053.92,0.5893,8.35374,1.247354
2021-01-04,4.51,4.66,4.48,4.65,33514551.0,153181356.07,0.9282,8.613058,1.286075
2021-01-05,4.65,4.66,4.53,4.57,33479584.0,152851476.99,0.9273,8.464876,1.263949
2021-01-06,4.53,4.55,4.46,4.49,20869254.0,93838705.54,0.578,8.316695,1.241823
2021-01-07,4.48,4.48,4.38,4.4,23090795.0,101832920.89,0.6395,8.14999,1.216931
2021-01-08,4.42,4.64,4.39,4.63,40272967.0,183126002.66,1.1154,8.576013,1.280543
2021-01-11,4.71,4.83,4.65,4.71,46787574.0,221390223.18,1.2959,8.724194,1.302669
2021-01-12,4.66,4.73,4.62,4.69,36362312.0,169601034.82,1.0071,8.687149,1.297138
2021-01-13,4.68,4.82,4.63,4.79,40933917.0,193936554.17,1.1337,8.872376,1.324795
2021-01-14,4.78,4.88,4.72,4.78,36545307.0,175554197.29,1.0122,8.853853,1.32203
2021-01-15,4.75,4.82,4.68,4.72,24870296.0,117725497.81,0.6888,8.742717,1.305435
2021-01-18,4.69,4.73,4.66,4.67,18800641.0,88202483.73,0.5207,8.650103,1.291606
2021-01-19,4.66,4.75,4.63,4.72,20741401.0,97394284.2,0.5745,8.742717,1.305435
2021-01-20,4.73,4.73,4.63,4.64,23529406.0,109786376.02,0.6517,8.594535,1.283309
2021-01-21,4.62,4.67,4.6,4.62,20461522.0,94759694.08,0.5667,8.55749,1.277778
2021-01-22,4.6,4.62,4.49,4.51,20710280.0,93805684.4,0.5736,8.35374,1.247354
2021-01-25,4.52,4.55,4.41,4.46,18995032.0,84588835.59,0.5261,8.261127,1.233526
2021-01-26,4.44,4.49,4.4,4.44,12522255.0,55590175.59,0.3468,8.224081,1.227994
2021-01-27,4.42,4.61,4.42,4.52,21946573.0,99344713.88,0.6078,8.372263,1.25012
2021-01-28,4.8,4.95,4.71,4.75,77998514.0,376236603.62,2.1603,8.798285,1.313732
2021-01-29,4.75,4.79,4.6,4.64,44452076.0,207357060.85,1.2312,8.594535,1.283309
2021-02-01,4.66,5.0,4.65,4.98,68964918.0,339229798.42,1.9101,9.224307,1.377345
2021-02-02,4.97,4.97,4.77,4.9,66465448.0,323126502.73,1.8409,9.076126,1.355219
2021-02-03,4.86,4.98,4.82,4.89,38485783.0,189202558.01,1.0659,9.057603,1.352453
2021-02-04,4.93,4.97,4.81,4.88,23322426.0,113652493.82,0.646,9.03908,1.349687
2021-02-05,4.9,4.94,4.73,4.75,23283378.0,111694950.44,0.6449,8.798285,1.313732
2021-02-08,4.75,5.04,4.74,4.93,41027843.0,202308369.15,1.1363,9.131694,1.363516
2021-02-09,4.91,4.99,4.88,4.94,24410986.0,120472444.01,0.6761,9.150217,1.366282
2021-02-10,4.93,4.97,4.85,4.92,27535166.0,135361076.33,0.7626,9.113171,1.36075
2021-02-18,5.0,5.03,4.92,4.96,26759181.0,132708643.24,0.7411,9.187262,1.371813
2021-02-19,4.97,5.2,4.94,5.16,45196853.0,230066455.33,1.2518,9.557716,1.427128
2021-02-22,5.17,5.48,5.17,5.32,67922378.0,362350075.21,1.8812,9.854079,1.47138
2021-02-23,5.33,5.4,5.18,5.21,30406289.0,159785294.74,0.8422,9.65033,1.440957
2021-02-24,5.28,5.34,5.22,5.27,28713421.0,151351816.2,0.7953,9.761466,1.457551
2021-02-25,5.37,5.41,5.26,5.38,34984623.0,187244489.28,0.969,9.965216,1.487975
2021-02-26,5.29,5.3,5.16,5.19,33400300.0,174525715.35,0.9251,9.613284,1.435425
2021-03-01,5.19,5.25,5.18,5.22,20883238.0,109017578.35,0.5784,9.668852,1.443723
2021-03-02,5.24,5.26,5.06,5.09,31693741.0,163035107.12,0.8778,9.428057,1.407768
2021-03-03,5.13,5.43,5.12,5.41,47892594.0,253828348.97,1.3265,10.020784,1.496272
2021-03-04,5.39,5.74,5.36,5.63,87406993.0,491685924.1,2.4209,10.428283,1.557119
2021-03-05,5.58,5.72,5.53,5.68,41272466.0,233670618.42,1.1431,10.520897,1.570947
2021-03-08,5.68,5.8,5.61,5.69,40794893.0,233031204.94,1.1299,10.539419,1.573713
2021-03-09,5.64,5.95,5.56,5.8,65085914.0,374136588.31,1.8027,10.743169,1.604136
2021-03-10,5.76,5.91,5.72,5.77,43210900.0,250604681.47,1.1968,10.687601,1.595839
2021-03-11,5.71,5.83,5.71,5.77,32781330.0,188979525.75,0.9079,10.687601,1.595839
2021-03-12,5.75,5.85,5.71,5.8,30863160.0,178879670.22,0.8548,10.743169,1.604136
2021-03-15,5.84,5.94,5.8,5.86,32895270.0,192757925.98,0.9111,10.854305,1.620731
2021-03-16,5.89,6.08,5.86,6.06,48961190.0,292962045.73,1.3561,11.22476,1.676046
2021-03-17,6.09,6.11,5.91,6.05,41425157.0,249560039.22,1.1473,11.206237,1.67328
2021-03-18,6.05,6.48,6.03,6.45,63323324.0,400002351.66,1.7539,11.947145,1.78391
2021-03-19,6.58,7.1,6.4,6.94,166794737.0,1157850353.96,4.6197,12.854758,1.919432
2021-03-22,7.01,7.43,6.98,7.26,130741493.0,948743325.35,3.6211,13.447484,2.007936
2021-03-23,7.3,7.37,6.81,6.89,96733708.0,678912399.42,2.6792,12.762144,1.905603
2021-03-24,6.75,6.79,6.29,6.42,94559052.0,611734771.19,2.619,11.891577,1.775613
2021-03-25,6.38,6.39,6.1,6.18,62786404.0,390262529.68,1.739,11.447032,1.709235
2021-03-26,6.3,6.38,6.14,6.16,68679081.0,429371364.54,1.9022,11.409987,1.703703
2021-03-29,6.23,6.35,6.14,6.16,64424370.0,399459493.78,1.7843,11.409987,1.703703
2021-03-30,6.17,6.18,5.92,6.09,46553202.0,281119388.41,1.2894,11.280328,1.684343
2021-03-31,6.03,6.14,6.0,6.07,26808755.0,162833917.1,0.7425,11.243282,1.678812
2021-04-01,6.04,6.45,6.02,6.38,58230949.0,365901691.56,1.6128,11.817486,1.76455
2021-04-02,6.38,6.88,6.33,6.59,64928133.0,431553698.06,1.7983,12.206463,1.822631
2021-04-06,6.67,6.89,6.64,6.64,43726202.0,295521403.52,1.2111,12.299076,1.83646
2021-04-07,6.85,6.88,6.64,6.75,52254081.0,353560181.94,1.4473,12.502826,1.866883
2021-04-08,6.76,6.85,6.64,6.77,39536816.0,267719750.02,1.095,12.539872,1.872414
2021-04-09,6.7,6.86,6.7,6.81,28373924.0,192602292.83,0.7859,12.613962,1.883477
2021-04-12,6.73,6.79,6.6,6.67,34020942.0,227394726.73,0.9423,12.354645,1.844757
2021-04-13,6.61,6.7,6.51,6.57,25055730.0,165194373.94,0.694,12.169417,1.817099
2021-04-14,6.6,6.73,6.57,6.66,25569763.0,169631991.77,0.7082,12.336122,1.841991
2021-04-15,6.7,6.7,6.53,6.61,20148445.0,133508404.69,0.558,12.243508,1.828162
2021-04-16,6.61,6.9,6.57,6.85,38428983.0,261635311.44,1.0644,12.688053,1.89454
2021-04-19,6.9,6.94,6.71,6.71,32050839.0,216996993.28,0.8877,12.428735,1.85582
2021-04-20,6.8,6.84,6.57,6.72,34425475.0,231213968.59,0.9535,10.61254,1.4197
2021-04-21,6.72,6.83,6.67,6.69,25528576.0,172048615.24,0.7071,10.565163,1.413362
2021-04-22,6.72,6.8,6.6,6.62,23902100.0,159238772.34,0.662,10.454615,1.398574
2021-04-23,6.68,6.83,6.61,6.8,34477882.0,232517843.18,0.9549,10.73888,1.436601
2021-04-26,6.83,6.87,6.65,6.66,27560840.0,185816529.92,0.7633,10.517785,1.407024
2021-04-27,6.61,6.7,6.61,6.65,17194328.0,114537725.78,0.4762,10.501993,1.404911
2021-04-28,6.68,6.79,6.61,6.64,20280358.0,135118413.37,0.5617,10.4862,1.402799
2021-04-29,6.75,6.89,6.63,6.67,48152480.0,325609811.99,1.3337,8.085479,1.334161
2021-04-30,6.67,6.79,6.66,6.73,26664966.0,179223834.27,0.7385,8.158212,1.346162
2021-05-06,6.74,6.82,6.58,6.77,39858979.0,267814401.61,1.104,8.2067,1.354163
2021-05-07,6.77,6.84,6.66,6.78,37655261.0,254941941.55,1.0429,8.218822,1.356163
2021-05-10,6.78,6.84,6.66,6.67,35339837.0,236713961.72,0.9788,8.085479,1.334161
2021-05-11,6.73,6.73,6.12,6.42,58763056.0,372199930.41,1.6275,7.782425,1.284155
2021-05-12,6.45,6.8,6.41,6.79,57002866.0,380511419.43,1.5788,8.230945,1.358164
2021-05-13,6.7,6.92,6.7,6.87,36793469.0,251500260.06,1.0191,8.327922,1.374166
2021-05-14,6.88,7.47,6.88,7.39,80154295.0,585816937.51,2.22,8.958274,1.478178
2021-05-17,7.44,7.6,7.26,7.33,52420033.0,386617280.19,1.4519,8.885541,1.466177
2021-05-18,7.44,7.46,7.25,7.37,25895176.0,190284069.07,0.7172,8.93403,1.474178
2021-05-19,7.34,7.77,7.3,7.59,45836641.0,348654650.29,1.2695,9.200717,1.518183
2021-05-20,7.69,7.73,7.47,7.63,37632636.0,285349229.8,1.0423,9.245063,1.5255
2021-05-21,7.62,7.7,7.52,7.67,29028726.0,221091398.72,0.804,9.29353,1.533498
2021-05-24,7.81,7.83,7.53,7.64,40057828.0,307541391.64,1.1095,9.257179,1.5275
2021-05-25,7.64,7.66,7.34,7.57,40643821.0,305543377.97,1.1257,9.172362,1.513504
2021-05-26,7.57,7.69,7.43,7.54,31467704.0,236942741.36,0.8716,9.136012,1.507506
2021-05-27,7.64,7.68,7.25,7.54,48444454.0,363400640.65,1.3418,9.136012,1.507506
2021-05-28,7.54,7.55,7.3,7.32,34268265.0,252555749.84,0.9491,8.869444,1.463521
2021-05-31,7.36,7.37,7.15,7.23,33557119.0,243631429.22,0.9294,8.760394,1.445526
2021-06-01,7.29,7.3,7.06,7.11,41040753.0,293223073.09,1.1367,8.614993,1.421534
2021-06-02,7.17,7.23,7.03,7.09,30290756.0,215315818.2,0.839,8.59076,1.417536
2021-06-03,7.07,7.17,7.03,7.03,25333748.0,179249902.13,0.7017,8.518059,1.40554
2021-06-04,7.04,7.08,6.9,6.95,26808531.0,186781152.64,0.7425,8.421125,1.389545
2021-06-07,6.98,7.02,6.83,6.87,25440511.0,175268004.49,0.7046,8.324192,1.37355
2021-06-08,6.87,6.88,6.67,6.72,30043248.0,203001426.38,0.8321,8.142441,1.34356
2021-06-09,6.74,6.96,6.67,6.83,36729212.0,250723635.27,1.0173,8.275725,1.365553
2021-06-10,6.83,6.86,6.62,6.66,27064602.0,181260091.05,0.7496,8.06974,1.331564
2021-06-11,6.66,6.68,6.5,6.55,30415422.0,199723709.9,0.8424,7.936456,1.309571
2021-06-15,6.55,6.56,6.29,6.34,40905841.0,261132617.29,1.133,7.682005,1.267585
2021-06-16,6.38,6.49,6.3,6.32,30053655.0,192152748.71,0.8324,7.657772,1.263586
2021-06-17,6.34,6.56,6.32,6.38,27766528.0,178965429.87,0.769,7.730472,1.275582
2021-06-18,6.39,6.44,6.31,6.39,17940442.0,114578630.92,0.4969,7.742589,1.277581
2021-06-21,6.38,6.49,6.37,6.4,22367421.0,143593695.53,0.6195,7.754705,1.279581
2021-06-22,6.47,6.52,6.4,6.5,20659310.0,133564881.0,0.5722,7.875873,1.299574
2021-06-23,6.54,6.55,6.31,6.41,31359564.0,200320228.7,0.8686,7.766822,1.28158
2021-06-24,6.36,6.48,6.34,6.39,17821418.0,114219263.42,0.4936,7.742589,1.277581
2021-06-25,6.41,6.52,6.39,6.45,21530551.0,139183299.77,0.5963,7.815289,1.289578
2021-06-28,6.46,6.5,6.4,6.42,15672400.0,101086549.0,0.4341,7.778939,1.283579
2021-06-29,6.43,6.44,6.33,6.37,14795014.0,94148942.64,0.4098,7.718355,1.273583
2021-06-30,6.33,6.38,6.16,6.27,22032282.0,137883854.44,0.6102,7.597188,1.253589
2021-07-01,6.36,6.46,6.32,6.37,22780510.0,146006430.12,0.6309,7.718355,1.273583
2021-07-02,6.41,6.41,6.25,6.27,21137351.0,132789548.51,0.5854,7.597188,1.253589
2021-07-05,6.28,6.34,6.21,6.21,17527633.0,109637898.41,0.4855,7.524488,1.241593
2021-07-06,6.22,6.41,6.18,6.32,26048701.0,164406559.57,0.7215,7.657772,1.263586
2021-07-07,6.35,6.5,6.32,6.39,23104416.0,147257365.63,0.6399,7.742589,1.277581
2021-07-08,6.2,6.22,6.12,6.16,25907343.0,160146405.03,0.7176,7.463904,1.231596
2021-07-09,6.16,6.35,6.1,6.29,25581231.0,159120598.18,0.7085,7.621421,1.257588
2021-07-12,6.29,6.36,6.24,6.24,21279480.0,133467967.01,0.5894,7.560838,1.247591
2021-07-13,6.23,6.58,6.22,6.48,37498620.0,241055920.74,1.0386,7.851639,1.295576
2021-07-14,6.66,6.96,6.53,6.89,53975141.0,369648358.29,1.4949,8.348425,1.377549
2021-07-15,6.9,7.04,6.75,6.87,38857235.0,265687371.36,1.0762,8.324192,1.37355
2021-07-16,6.93,7.14,6.88,7.05,44696060.0,315617794.83,1.2379,8.542293,1.409538
2021-07-19,7.06,7.15,6.75,6.79,51704611.0,354702025.06,1.4321,8.227258,1.357555
2021-07-20,6.73,6.75,6.41,6.54,44283792.0,290137417.6,1.2265,7.92434,1.307572
2021-07-21,6.57,6.75,6.46,6.53,30641156.0,200976963.76,0.8487,7.912223,1.305572
2021-07-22,6.59,6.59,6.37,6.39,32503607.0,208930248.14,0.9002,7.742589,1.277581
2021-07-23,6.42,6.5,6.3,6.31,33750602.0,215309349.35,0.9348,7.645655,1.261587
2021-07-26,6.37,6.39,6.16,6.24,28768017.0,179197360.12,0.7968,7.560838,1.247591
2021-07-27,6.24,6.3,6.1,6.11,29534525.0,183356539.61,0.818,7.40332,1.2216
2021-07-28,6.11,6.14,5.8,5.91,32136057.0,191350022.97,0.8901,7.160986,1.181613
2021-07-29,5.97,6.05,5.9,5.97,20564022.0,122781525.48,0.5696,7.233686,1.193609
2021-07-30,5.97,6.14,5.87,6.08,22948424.0,138105438.31,0.6356,7.36697,1.215602
2021-08-02,6.06,6.22,5.95,6.13,23720353.0,144593575.55,0.657,7.427554,1.225598
2021-08-03,6.15,6.43,6.09,6.37,30481868.0,192019599.19,0.8443,7.718355,1.273583
2021-08-04,6.38,6.4,6.28,6.3,22464857.0,141921339.54,0.6222,7.633538,1.259587
2021-08-05,6.31,6.35,6.14,6.21,23476188.0,145794512.82,0.6502,7.524488,1.241593
2021-08-06,6.22,6.32,6.19,6.27,14376748.0,90118652.78,0.3982,7.597188,1.253589
2021-08-09,6.29,6.45,6.22,6.4,22653047.0,144188834.95,0.6274,7.754705,1.279581
2021-08-10,6.4,7.04,6.39,7.04,73361608.0,505547942.04,2.0319,8.530176,1.407539
2021-08-11,7.31,7.74,7.28,7.74,159681413.0,1213589805.55,4.4227,9.378347,1.547493
2021-08-12,7.81,7.95,7.04,7.05,164604858.0,1225327846.4,4.559,8.542293,1.409538
2021-08-13,7.27,7.27,6.61,6.62,123125347.0,833636293.34,3.4102,8.021273,1.323566
2021-08-16,6.67,6.88,6.52,6.67,93353871.0,623503659.56,2.5856,8.081857,1.333563
2021-08-17,6.62,6.76,6.57,6.68,54564188.0,363842373.26,1.5113,8.093974,1.335562
2021-08-18,6.62,6.83,6.61,6.7,41053938.0,275412328.2,1.1371,8.118207,1.339561
2021-08-19,6.66,6.72,6.55,6.62,30485989.0,201735469.83,0.8444,8.021273,1.323566
2021-08-20,6.62,6.68,6.56,6.66,31640606.0,209628800.61,0.8763,8.06974,1.331564
2021-08-23,6.65,6.78,6.61,6.7,33212774.0,222373108.08,0.9199,8.118207,1.339561
2021-08-24,6.7,7.08,6.68,7.01,48499280.0,336806483.43,1.3433,8.493826,1.401541
2021-08-25,7.02,7.11,6.88,7.07,37496230.0,263064215.45,1.0385,8.566526,1.413537
2021-08-26,7.13,7.22,6.81,6.81,55290051.0,383043167.45,1.5314,7.142028,1.347592
2021-08-27,6.8,7.05,6.74,7.0,41903971.0,287200791.25,1.1606,7.341292,1.38519
2021-08-30,7.03,7.14,6.82,6.86,62206516.0,430116448.9,1.7229,7.194466,1.357486
2021-08-31,6.88,7.55,6.83,7.54,141971344.0,1043081004.74,3.9322,7.90762,1.492047
2021-09-01,7.44,7.93,7.35,7.46,152738359.0,1159188021.17,4.2304,7.82372,1.476217
2021-09-02,7.43,7.93,7.4,7.84,111498753.0,865157744.43,3.0882,8.222247,1.551413
2021-09-03,7.8,8.34,7.74,7.98,101147580.0,816740939.51,2.8015,8.369073,1.579117
2021-09-06,8.1,8.25,7.82,7.97,81183166.0,651744515.95,2.2485,8.358585,1.577138
2021-09-07,7.97,8.67,7.93,8.44,135783122.0,1143096455.5,3.7608,8.8515,1.670143
2021-09-08,8.44,8.62,8.26,8.33,79390906.0,667064403.82,2.1989,8.736137,1.648376
2021-09-09,8.36,8.6,8.26,8.49,64026054.0,539389061.97,1.7733,8.903938,1.680038
2021-09-10,8.45,8.83,8.33,8.48,91310252.0,779374328.96,2.529,8.893451,1.678059
2021-09-13,8.48,8.76,8.48,8.7,70055052.0,605828553.5,1.9403,9.124177,1.721593
2021-09-14,8.7,9.06,8.53,8.81,87350478.0,768710877.98,2.4193,9.23954,1.743361
2021-09-15,8.85,9.07,8.81,8.97,62191284.0,556146773.0,1.7225,9.407341,1.775022
2021-09-16,9.07,9.36,8.9,8.97,84725997.0,774571302.79,2.3466,9.407341,1.775022
2021-09-17,8.96,9.87,8.94,9.49,164602930.0,1579015728.53,4.559,9.952694,1.877922
2021-09-22,9.21,9.51,8.73,9.26,122892198.0,1122591089.79,3.4037,9.71148,1.832408
2021-09-23,9.47,9.98,9.26,9.89,109012427.0,1057381662.38,3.0193,10.372197,1.957076
2021-09-24,9.74,9.91,9.38,9.48,99205589.0,953217416.09,2.7477,9.942207,1.875943
2021-09-27,9.48,9.56,8.53,8.53,99391065.0,870163854.4,2.7528,8.945888,1.687953
2021-09-28,8.38,8.93,8.31,8.84,63462610.0,557499233.04,1.7577,9.271003,1.749297
2021-09-29,8.77,8.83,8.17,8.44,69356124.0,587612025.04,1.9209,8.8515,1.670143
2021-09-30,8.44,8.44,8.44,8.44,0.0,0.0,,8.8515,1.670143
2021-10-08,8.44,8.44,8.44,8.44,0.0,0.0,,8.8515,1.670143
2021-10-11,8.44,8.44,8.44,8.44,0.0,0.0,,8.8515,1.670143
2021-10-12,8.44,8.44,8.44,8.44,0.0,0.0,,8.8515,1.670143
2021-10-13,8.44,8.44,8.44,8.44,0.0,0.0,,8.8515,1.670143
2021-10-14,8.44,8.44,8.44,8.44,0.0,0.0,,8.8515,1.670143
2021-10-15,8.44,8.44,8.44,8.44,0.0,0.0,,8.8515,1.670143
2021-10-18,8.44,8.44,8.44,8.44,0.0,0.0,,8.8515,1.670143
2021-10-19,8.44,8.44,8.44,8.44,0.0,0.0,,8.8515,1.670143
2021-10-20,8.44,8.44,8.44,8.44,0.0,0.0,,8.8515,1.670143
2021-10-21,9.28,9.28,9.28,9.28,5659683.0,52521858.24,0.1568,9.732455,1.836366
2021-10-22,10.21,10.21,10.21,10.21,5231162.0,53410164.02,0.1449,10.707798,2.020399
2021-10-25,10.87,10.87,9.72,10.28,202316897.0,2080995976.27,5.6035,10.781211,2.03425
2021-10-26,10.29,11.18,9.9,10.59,144791523.0,1535866000.0,4.0103,11.106326,2.095595
2021-10-27,10.43,11.65,10.43,11.65,153525139.0,1747398299.18,4.2522,12.218007,2.305352
2021-10-28,11.76,11.86,10.91,11.14,171693697.0,1948612809.26,4.7554,11.683142,2.204431
2021-10-29,11.69,12.25,11.35,12.02,183336518.0,2194919245.3,5.0778,12.043353,2.278771
2021-11-01,11.83,12.33,11.29,11.35,170977873.0,2009656172.53,4.7355,11.372051,2.151751
2021-11-02,11.15,11.22,10.23,10.48,151357689.0,1603098845.88,4.1921,10.500361,1.986815
2021-11-03,10.38,10.61,10.1,10.53,77729757.0,811722420.27,2.1529,10.550458,1.996294
2021-11-04,10.56,11.43,10.2,11.17,120275614.0,1305987899.6,3.3312,11.191702,2.117627
2021-11-05,11.0,11.33,10.69,10.79,77935796.0,849092517.59,2.1586,10.810963,2.045586
2021-11-08,10.65,11.36,10.5,11.16,80006959.0,881015108.89,2.2159,11.181682,2.115731
2021-11-09,10.99,11.6,10.9,11.39,86451249.0,975192771.69,2.3944,11.412129,2.159335
2021-11-10,11.19,11.65,11.0,11.3,74216838.0,834196682.81,2.0556,11.321954,2.142272
2021-11-11,11.2,11.3,10.77,10.99,60900126.0,672244854.12,1.6867,11.011352,2.083502
2021-11-12,10.99,11.23,10.85,10.95,44773179.0,492565813.12,1.2401,10.971274,2.075919
2021-11-15,10.89,11.22,10.72,11.11,48229222.0,529487068.24,1.3358,11.131585,2.106252
2021-11-16,10.88,10.99,10.27,10.35,68852844.0,724679160.27,1.907,10.370109,1.96217
2021-11-17,10.44,10.7,10.33,10.55,34864028.0,367667743.59,0.9656,10.570497,2.000086
2021-11-18,10.4,10.85,10.31,10.68,38278883.0,405967516.16,1.0602,10.70075,2.024732
2021-11-19,10.64,10.86,10.51,10.79,38397314.0,411290029.96,1.0635,10.810963,2.045586
2021-11-22,10.71,11.29,10.69,11.22,55775538.0,615984912.72,1.5448,11.241799,2.127106
2021-11-23,11.11,11.11,10.26,10.56,93667676.0,993774373.57,2.5943,10.580517,2.001982
2021-11-24,10.47,10.62,10.3,10.32,41919795.0,435109670.41,1.161,10.34005,1.956482
2021-11-25,10.25,11.35,9.87,11.1,121774998.0,1298108361.88,3.3728,11.121566,2.104356
2021-11-26,11.06,11.64,10.84,11.12,95267372.0,1072550607.71,2.6386,11.141605,2.108147
2021-11-29,11.0,11.89,10.95,11.77,96830950.0,1119988276.26,2.6819,11.792867,2.231376
2021-11-30,12.05,12.29,11.77,12.0,76661041.0,917843745.84,2.1233,12.023314,2.274979
2021-12-01,12.1,13.19,11.91,13.0,102240556.0,1300864998.56,2.8317,13.025257,2.464561
2021-12-02,13.0,13.42,12.78,12.88,86186581.0,1125280158.93,2.3871,12.905024,2.441811
2021-12-03,12.88,12.99,12.31,12.75,72796617.0,921976593.47,2.0162,12.774771,2.417166
2021-12-06,12.74,13.3,12.73,12.85,54915424.0,715353486.45,1.521,12.874966,2.436124
2021-12-07,12.8,13.23,12.58,12.78,58004695.0,743416532.81,1.6065,12.80483,2.422853
2021-12-08,12.85,12.9,12.35,12.36,59560695.0,742654423.28,1.6496,12.384014,2.343229
2021-12-09,12.39,12.47,12.07,12.09,49499478.0,603694107.33,1.371,12.113489,2.292042
2021-12-10,12.09,12.44,12.04,12.1,45931897.0,559433968.03,1.2722,12.123509,2.293937
2021-12-13,12.1,12.34,11.89,12.02,43009241.0,518659386.07,1.1912,12.043353,2.278771
2021-12-14,12.0,12.21,11.77,12.05,46168330.0,553787088.91,1.2787,12.073411,2.284458
2021-12-15,12.29,12.49,12.0,12.04,48818432.0,594894868.35,1.3521,12.063392,2.282563
2021-12-16,12.0,12.15,11.88,12.04,27165525.0,326055508.65,0.7524,12.063392,2.282563
2021-12-17,12.0,12.13,11.85,11.86,28507390.0,340429316.39,0.7896,11.883042,2.248438
2021-12-20,11.82,12.09,11.6,11.79,29462506.0,348547863.36,0.816,11.812906,2.235167
2021-12-21,11.9,12.1,11.8,12.07,28811996.0,345359021.24,0.798,12.09345,2.28825
2021-12-22,12.12,12.12,11.65,11.72,35564078.0,418332382.5,0.985,11.74277,2.221896
2021-12-23,11.67,11.83,11.52,11.6,27910877.0,325047809.69,0.773,11.622537,2.199147
2021-12-24,11.57,11.64,11.2,11.22,35206897.0,400142814.75,0.9751,11.241799,2.127106
2021-12-27,11.3,11.59,11.25,11.29,22577249.0,258002564.47,0.6253,11.311935,2.140376
2021-12-28,11.32,11.46,11.13,11.38,25584480.0,288805889.37,0.7086,11.40211,2.157439
2021-12-29,11.47,11.88,11.24,11.52,36892752.0,424588643.4,1.0218,11.542382,2.18398
2021-12-30,11.33,11.94,11.32,11.84,40984051.0,479196567.28,1.1236,11.863003,2.244646
2021-12-31,12.01,12.08,11.8,12.04,32192821.0,385623856.56,0.8826,12.063392,2.282563
2022-01-04,12.0,12.3,11.62,11.71,46329905.0,548176944.62,1.2702,11.732751,2.220001
2022-01-05,11.65,11.71,11.31,11.45,28538125.0,327677722.55,0.7824,11.472246,2.170709
2022-01-06,11.28,11.55,11.27,11.49,28108452.0,322139208.53,0.7706,11.512323,2.178293
2022-01-07,11.49,12.06,11.46,11.48,46587545.0,546811758.54,1.2772,11.502304,2.176397
2022-01-10,11.5,11.8,11.3,11.55,31966059.0,367172476.51,0.8764,11.57244,2.189668
2022-01-11,11.6,11.6,10.96,11.0,37471169.0,421420041.91,1.0273,11.021371,2.085398
2022-01-12,11.06,11.33,11.04,11.31,24444228.0,273176636.69,0.6702,11.331974,2.144168
2022-01-13,11.3,11.32,10.93,10.93,23801232.0,263300119.54,0.6525,10.951235,2.072127
2022-01-14,10.9,10.91,10.5,10.58,34358040.0,365852557.47,0.9419,10.600555,2.005773
2022-01-17,10.58,10.75,10.52,10.64,19905883.0,211331646.58,0.5457,10.660672,2.017148
2022-01-18,10.82,11.3,10.74,11.14,41713715.0,461180645.91,1.1436,11.161643,2.111939
2022-01-19,11.18,11.4,11.01,11.11,29588945.0,330511060.01,0.8112,11.131585,2.106252
2022-01-20,11.07,11.18,10.85,11.04,20421843.0,225530252.0,0.5599,11.061449,2.092981
2022-01-21,11.11,11.21,10.89,10.91,20968362.0,231507165.41,0.5749,10.931197,2.068335
2022-01-24,10.92,11.2,10.71,11.17,27454109.0,302918918.94,0.7527,11.191702,2.117627
2022-01-25,11.18,11.18,10.66,10.68,22962702.0,250389624.33,0.6295,10.70075,2.024732
2022-01-26,10.69,10.91,10.62,10.81,18793115.0,202694137.94,0.5152,10.831002,2.049377
2022-01-27,10.84,11.01,10.65,10.68,19107949.0,206386339.58,0.5239,10.70075,2.024732
2022-01-28,10.91,10.91,10.41,10.7,25354629.0,270857956.18,0.6951,10.720789,2.028523
2022-02-07,10.86,11.19,10.86,11.12,32625049.0,360486850.19,0.8944,11.141605,2.108147
2022-02-08,11.18,11.22,10.86,11.16,31918782.0,353113690.17,0.8751,11.181682,2.115731
2022-02-09,11.25,11.45,10.86,11.16,38885951.0,432390143.9,1.0661,11.181682,2.115731
2022-02-10,11.09,11.38,11.01,11.17,29612580.0,332299844.22,0.8118,11.191702,2.117627
2022-02-11,11.1,11.4,11.02,11.05,25694125.0,287559752.05,0.7044,11.071469,2.094877
2022-02-14,11.05,11.13,10.75,10.81,27014551.0,295198417.45,0.7406,10.831002,2.049377
2022-02-15,10.81,10.87,10.66,10.84,15710075.0,169533030.61,0.4307,10.861061,2.055065
2022-02-16,10.9,11.38,10.85,11.19,35751720.0,399931876.53,0.9802,11.211741,2.121418
2022-02-17,11.31,11.54,11.12,11.38,39613720.0,448594014.0,1.086,11.40211,2.157439
2022-02-18,11.24,11.72,11.2,11.46,37733796.0,434740760.02,1.0345,11.482265,2.172605
2022-02-21,11.46,11.53,11.05,11.13,46144553.0,515929321.33,1.2651,11.151624,2.110043
2022-02-22,11.02,11.17,10.95,11.05,20011992.0,220920956.13,0.5486,11.071469,2.094877
2022-02-23,11.0,11.11,10.91,11.08,23434911.0,258296783.16,0.6425,11.101527,2.100564
2022-02-24,11.09,11.77,11.0,11.35,81932281.0,934831242.18,2.2462,11.370965,2.151546
2022-02-25,11.49,11.71,11.28,11.42,42136955.0,482215771.68,1.1552,11.441094,2.164815
2022-02-28,11.5,12.55,11.35,12.46,100538493.0,1203326048.0,2.7563,12.483015,2.361961
2022-03-01,12.28,12.66,11.78,11.92,73740949.0,893955600.0,2.0217,11.942017,2.259597
2022-03-02,11.82,12.15,11.75,12.02,35532800.0,425694416.0,0.9742,12.042202,2.278553
2022-03-03,12.19,12.76,12.15,12.49,70129982.0,879338912.0,1.9227,11.023132,2.367648
2022-03-04,12.56,12.69,12.23,12.3,45532092.0,563977600.0,1.2483,10.855446,2.331631
2022-03-07,12.31,12.31,12.01,12.1,36650835.0,444228464.0,1.0048,10.678935,2.293718
2022-03-08,12.03,12.24,11.75,11.88,32203730.0,386230560.0,0.8829,10.484772,2.252014
2022-03-09,12.0,12.1,10.9,11.45,57157601.0,654666032.0,1.567,10.105273,2.170502
2022-03-10,11.66,12.07,11.51,11.94,41552543.0,491808096.0,1.1392,10.537726,2.263388
2022-03-11,11.71,11.77,11.1,11.5,47251051.0,539045456.0,1.2954,10.149401,2.17998
2022-03-14,11.39,11.45,10.88,10.9,36794624.0,408502080.0,1.0087,9.619867,2.066242
2022-03-15,10.68,10.7,9.9,9.9,63305972.0,643693600.0,1.7356,8.73731,1.876679
2022-03-16,10.08,10.19,9.48,10.09,47689575.0,471175248.0,1.3074,8.904996,1.912696
2022-03-17,10.33,10.58,10.2,10.3,38469421.0,400596272.0,1.0547,9.090333,1.952504
2022-03-18,10.3,10.55,10.21,10.53,27417293.0,285379901.0,0.7517,9.293321,1.996104
2022-03-21,10.53,10.75,10.36,10.51,27411816.0,289012793.25,0.7515,9.27567,1.992312
2022-03-22,10.49,10.49,10.15,10.27,37678271.0,386280347.73,1.033,9.063856,1.946817
2022-03-23,10.1,10.35,10.03,10.31,27892862.0,284647268.1,0.7647,9.099158,1.9544
2022-03-24,10.3,10.33,10.03,10.13,17918836.0,182194521.91,0.4913,8.940298,1.920278
2022-03-25,10.16,10.25,10.05,10.1,16179043.0,164038045.82,0.4436,8.913821,1.914591
2022-03-28,10.12,10.13,9.81,10.04,21044846.0,210537905.94,0.577,8.860868,1.903217
2022-03-29,10.14,10.26,9.98,10.08,13687745.0,137858290.59,0.3753,8.89617,1.9108
2022-03-30,10.3,10.78,10.3,10.68,49525538.0,525884621.57,1.3578,9.135809,1.878374
2022-03-31,10.69,10.75,10.39,10.45,26295459.0,277001191.93,0.7209,8.939064,1.837922
2022-04-01,10.41,10.7,10.32,10.6,30017090.0,317164063.21,0.8229,9.067376,1.864304
2022-04-06,10.6,10.69,10.39,10.63,26650142.0,280615059.89,0.7306,9.093039,1.86958
2022-04-07,10.55,10.94,10.47,10.57,28785620.0,308999010.21,0.7892,9.041714,1.859028
2022-04-08,10.65,11.1,10.65,11.0,52542419.0,573459003.03,1.4405,9.409542,1.934655
2022-04-11,11.25,11.25,10.7,10.74,40945812.0,444568257.78,1.1226,9.187134,1.888927
2022-04-12,10.64,10.76,10.33,10.69,33842641.0,356235656.21,0.9278,9.144364,1.880133
2022-04-13,10.59,10.59,10.37,10.38,22363510.0,233593800.45,0.6131,8.879186,1.825611
2022-04-14,10.4,10.49,10.04,10.33,31163205.0,319782313.1,0.8544,8.836415,1.816817
2022-04-15,10.27,10.32,10.01,10.03,28049412.0,283202287.84,0.769,8.579791,1.764054
2022-04-18,10.02,10.14,9.84,9.98,20206025.0,201771744.3,0.554,8.53702,1.75526
2022-04-19,10.0,10.08,9.89,9.97,18537071.0,185224776.47,0.5082,8.528466,1.753501
2022-04-20,10.01,10.03,9.44,9.45,36077910.0,348222830.34,0.9891,8.083652,1.662045
2022-04-21,9.37,9.4,8.66,8.72,54277931.0,484352519.03,1.4881,7.4592,1.533654
2022-04-22,8.96,9.55,8.96,9.46,53564156.0,499540089.31,1.4685,7.582093,1.663803
2022-04-25,9.28,9.68,9.18,9.29,56719804.0,536267694.52,1.555,7.44584,1.633904
2022-04-26,9.31,9.93,9.17,9.6,53758824.0,514011844.44,1.4738,7.694302,1.688426
2022-04-27,9.8,10.06,9.51,10.05,59722742.0,591581594.35,1.6373,8.054972,1.767571
2022-04-28,9.88,10.43,9.82,10.24,49675220.0,506236756.16,1.3619,8.207255,1.800988
2022-04-29,10.3,10.52,10.19,10.46,45275055.0,469251173.17,1.2412,8.389531,1.732609
2022-05-05,10.45,10.68,10.36,10.52,41551135.0,437842177.18,1.1392,8.437654,1.742547
2022-05-06,10.3,10.46,10.14,10.19,33811626.0,347204913.13,0.927,8.172975,1.687886
2022-05-09,10.3,10.46,10.2,10.23,20494051.0,210801183.39,0.5619,8.205057,1.694511
2022-05-10,10.09,10.49,9.91,10.43,47572080.0,487664378.96,1.3042,8.365469,1.72764
2022-05-11,10.4,10.6,10.23,10.34,39789389.0,413668781.82,1.0909,8.293284,1.712732
2022-05-12,10.28,10.44,10.12,10.27,23147592.0,237592857.39,0.6346,8.237139,1.701137
2022-05-13,10.26,10.36,10.15,10.26,16363508.0,167803296.67,0.4486,8.229119,1.699481
2022-05-16,10.26,10.34,10.11,10.16,19075286.0,194132063.41,0.523,8.148913,1.682916
2022-05-17,10.16,10.33,9.98,10.32,21772881.0,221237959.74,0.5969,8.277242,1.709419
2022-05-18,10.4,10.4,10.22,10.27,19271750.0,198364199.86,0.5283,8.237139,1.701137
2022-05-19,10.26,10.34,10.05,10.32,17767720.0,181525438.56,0.4871,8.277242,1.709419
2022-05-20,10.34,10.44,10.3,10.34,21494747.0,222659031.63,0.5893,8.293284,1.712732
2022-05-23,10.28,10.35,10.15,10.28,18087981.0,185521110.65,0.4959,8.24516,1.702793
2022-05-24,10.28,10.28,9.89,9.91,28263737.0,284934867.9,0.5998,7.948398,1.641506
2022-05-25,9.89,10.35,9.8,10.34,31479926.0,320422505.28,0.6681,8.293284,1.712732
2022-05-26,10.33,10.8,10.3,10.61,33693136.0,358733555.2,0.7151,8.509839,1.757455
2022-05-27,10.65,10.69,10.5,10.61,21099903.0,223711288.59,0.4478,8.509839,1.757455
2022-05-30,10.65,10.75,10.46,10.53,20940472.0,220979005.85,0.4444,8.445675,1.744204
2022-05-31,10.54,10.63,10.25,10.63,26597001.0,276716558.08,0.5645,8.579393,1.771819
2022-06-01,10.51,10.52,10.29,10.38,21403800.0,222020695.43,0.4543,8.37762,1.730149
2022-06-02,10.58,10.59,10.33,10.41,18503131.0,192845840.79,0.3927,8.401833,1.73515
2022-06-06,10.4,10.66,10.32,10.57,25411738.0,266911278.28,0.5393,8.530967,1.761818
2022-06-07,10.53,10.88,10.52,10.72,31563237.0,339472525.59,0.6699,8.652031,1.786821
2022-06-08,10.85,11.0,10.7,10.87,28472022.0,308786496.69,0.6043,8.773095,1.811823
2022-06-09,10.88,11.3,10.8,11.14,37961081.0,421606572.72,0.8057,8.99101,1.856827
2022-06-10,11.1,11.35,10.96,11.27,35258975.0,395521055.01,0.7483,9.095932,1.878495
2022-06-13,11.83,11.83,11.18,11.25,46713217.0,529820462.48,0.9914,9.07979,1.875162
2022-06-14,11.15,11.36,10.96,11.31,33219569.0,371903127.21,0.705,9.128216,1.885162
2022-06-15,10.92,11.07,10.68,10.69,36410951.0,396226108.12,0.7728,8.627819,1.78182
2022-06-16,10.7,10.87,10.4,10.55,34520881.0,365049739.45,0.7326,8.514826,1.758485
2022-06-17,10.48,10.6,10.38,10.56,22219264.0,233704441.56,0.4716,8.522896,1.760152
2022-06-20,10.52,10.83,10.52,10.78,24681375.0,264830387.0,0.5238,8.700457,1.796822
2022-06-21,10.75,10.97,10.66,10.76,19955799.0,215408579.79,0.4235,8.684315,1.793488
2022-06-22,10.83,10.83,10.5,10.54,15088525.0,160694330.47,0.3202,8.506755,1.756818
2022-06-23,10.56,10.66,10.41,10.65,16874060.0,178191037.46,0.3581,8.595535,1.775153
2022-06-24,10.67,10.71,10.52,10.56,13811979.0,146231819.33,0.2931,8.522896,1.760152
2022-06-27,10.56,10.73,10.52,10.54,18020770.0,190724348.0,0.3825,8.506755,1.756818
2022-06-28,10.64,10.8,10.55,10.65,17137988.0,182084101.37,0.3637,8.595535,1.775153
2022-06-29,10.56,10.76,10.5,10.54,20840786.0,220878614.59,0.4423,8.506755,1.756818
2022-06-30,10.65,10.73,10.5,10.53,24619701.0,260624879.69,0.5225,8.498684,1.755151
2022-07-01,10.65,11.07,10.59,10.84,38999487.0,423695768.01,0.8277,8.748882,1.806822
2022-07-04,10.86,10.92,10.65,10.89,23366889.0,252200872.88,0.4959,8.789237,1.815156
2022-07-05,10.86,11.01,10.81,10.99,24522937.0,267793841.36,0.5205,8.869946,1.831825
2022-07-06,10.96,10.97,10.45,10.57,33475014.0,355018970.51,0.7104,8.530967,1.761818
2022-07-07,10.51,10.62,10.45,10.57,14413682.0,151954651.46,0.3059,8.530967,1.761818
2022-07-08,10.57,11.07,10.57,10.72,28608684.0,309738816.18,0.6072,8.652031,1.786821
2022-07-11,10.8,10.88,10.56,10.69,15586185.0,166162832.43,0.3308,8.627819,1.78182
2022-07-12,10.7,11.23,10.65,11.06,57818686.0,639466933.15,1.2271,8.926443,1.843492
2022-07-13,11.15,11.35,10.99,11.12,36381841.0,404984598.92,0.7721,8.974868,1.853493
2022-07-14,11.15,11.25,10.85,11.09,29250944.0,322239345.28,0.6208,8.950655,1.848493
2022-07-15,11.15,11.15,10.86,10.86,20806531.0,227983494.73,0.4416,8.765024,1.810156
2022-07-18,10.86,11.0,10.73,10.9,19504753.0,212232461.09,0.414,8.797308,1.816823
2022-07-19,10.9,10.97,10.64,10.74,20743040.0,222712185.51,0.4402,8.668173,1.790154
2022-07-20,10.73,10.75,10.66,10.7,13175526.0,140907903.68,0.2796,8.635889,1.783487
2022-07-21,10.66,10.69,10.5,10.5,18796708.0,198664477.34,0.3989,8.474471,1.750151
2022-07-22,10.5,10.55,10.35,10.39,14564705.0,151981572.88,0.3091,8.385691,1.731816
2022-07-25,10.4,10.46,10.3,10.3,13659753.0,141382797.2,0.2899,8.313052,1.716815
2022-07-26,10.35,10.46,10.23,10.46,11637240.0,120629149.71,0.247,8.442187,1.743484
2022-07-27,10.5,10.51,10.37,10.38,8375404.0,87080291.6,0.1778,8.37762,1.730149
2022-07-28,10.38,10.43,10.27,10.29,11659314.0,120599755.42,0.2474,8.304982,1.715148
2022-07-29,10.3,10.33,10.05,10.11,18995476.0,192998070.29,0.4031,8.159705,1.685145
2022-08-01,10.52,10.52,10.23,10.29,22919665.0,237328796.1,0.4864,8.304982,1.715148
2022-08-02,10.1,10.15,9.7,9.93,31271104.0,308554879.89,0.6637,8.014428,1.655143
2022-08-03,9.94,10.12,9.76,9.78,17972425.0,178494249.16,0.3814,7.893364,1.63014
2022-08-04,9.89,9.93,9.65,9.8,11043396.0,107913484.0,0.2344,7.909506,1.633474
2022-08-05,9.85,9.92,9.72,9.91,11014521.0,108086575.0,0.2338,7.998286,1.651809
2022-08-08,9.89,9.94,9.79,9.87,9425622.0,93085692.0,0.2,7.966003,1.645142
2022-08-09,9.9,10.24,9.79,10.06,19043510.0,191088308.0,0.4042,8.11935,1.676811
2022-08-10,9.89,10.16,9.85,10.11,17678493.0,176658181.0,0.3752,8.159705,1.685145
2022-08-11,10.29,10.42,10.25,10.32,19105400.0,197649465.0,0.4055,8.329194,1.720148
2022-08-12,10.26,10.38,10.22,10.33,11775822.0,121245317.0,0.2499,8.337265,1.721815
2022-08-15,10.22,10.4,10.2,10.26,10552475.0,108569924.37,0.224,8.280769,1.710147
2022-08-16,10.35,10.44,10.22,10.28,11732209.0,120949612.39,0.249,8.296911,1.713481
2022-08-17,10.28,10.33,10.18,10.31,10618100.0,108952667.34,0.2254,8.321123,1.718481
2022-08-18,10.28,10.29,10.16,10.21,9901256.0,101057655.41,0.2101,8.240414,1.701813
2022-08-19,10.25,10.28,10.08,10.17,15051550.0,153012252.02,0.3194,8.20813,1.695146
2022-08-22,10.18,10.44,10.11,10.4,18677264.0,193189187.03,0.3964,8.393762,1.733483
2022-08-23,10.39,10.4,10.27,10.39,10455061.0,108047790.29,0.2219,8.385691,1.731816
2022-08-24,10.39,10.59,10.32,10.36,17432263.0,181767813.83,0.37,8.361478,1.726815
2022-08-25,10.42,10.5,10.34,10.46,13990345.0,146066704.89,0.2969,8.442187,1.743484
2022-08-26,10.5,10.52,10.3,10.37,12807562.0,132796079.33,0.2718,8.369549,1.728482
2022-08-29,10.29,10.69,10.19,10.69,27504764.0,290489797.74,0.5837,8.627819,1.78182
2022-08-30,10.64,10.72,10.46,10.52,21416450.0,225872296.91,0.4545,7.584475,1.761748
2022-08-31,10.59,10.73,10.48,10.67,32961689.0,350217619.96,0.6996,7.692618,1.786868
2022-09-01,10.62,10.99,10.6,10.83,34164878.0,371672649.27,0.7251,7.807971,1.813662
2022-09-02,10.83,10.9,10.69,10.85,17189225.0,185705793.59,0.3648,7.822391,1.817012
2022-09-05,10.75,11.08,10.7,10.95,27099294.0,295735506.55,0.5751,7.894486,1.833758
2022-09-06,10.93,11.0,10.75,10.91,20158704.0,219191563.8,0.4278,7.865648,1.82706
2022-09-07,10.99,11.0,10.78,10.84,14378923.0,155657976.51,0.3052,7.815181,1.815337
2022-09-08,10.8,10.95,10.72,10.83,17574364.0,190392943.97,0.373,7.807971,1.813662
2022-09-09,10.86,11.02,10.83,10.88,15570125.0,170236056.33,0.3304,7.844019,1.822036
2022-09-13,10.89,10.97,10.81,10.89,13483974.0,147060245.24,0.2862,7.851229,1.82371
2022-09-14,10.8,10.8,10.66,10.71,12839186.0,137634169.44,0.2725,7.721457,1.793566
2022-09-15,10.7,10.8,10.53,10.68,17095308.0,182468180.23,0.3628,7.699828,1.788542
2022-09-16,10.64,10.68,10.22,10.3,24303644.0,252223424.54,0.5158,7.425864,1.724905
2022-09-19,10.29,10.45,10.21,10.36,14781399.0,152695118.29,0.3137,7.469121,1.734953
2022-09-20,10.33,10.43,10.16,10.2,12709131.0,130164872.33,0.2697,7.353768,1.708158
2022-09-21,10.26,10.56,10.05,10.51,20080008.0,208777467.05,0.4262,7.577265,1.760073
2022-09-22,10.43,10.52,10.3,10.3,11965110.0,124131593.58,0.2539,7.425864,1.724905
2022-09-23,10.34,10.5,10.28,10.39,15722466.0,163637436.27,0.3337,7.49075,1.739977
2022-09-26,10.33,10.45,10.26,10.27,14414133.0,149350312.63,0.3059,7.404235,1.719881
2022-09-27,10.3,10.42,10.15,10.37,11310616.0,116252040.75,0.24,7.476331,1.736628
2022-09-28,10.4,10.4,10.18,10.19,10096721.0,103401679.25,0.2143,7.346559,1.706484
2022-09-29,10.34,11.21,10.27,10.51,65677016.0,704506068.1,1.3939,7.577265,1.760073
2022-09-30,10.31,10.45,10.12,10.22,31493376.0,321938652.22,0.6684,7.368187,1.711508
2022-10-10,10.22,10.49,10.22,10.3,23007202.0,237535538.0,0.4883,7.439371,1.728042
2022-10-11,10.22,10.49,10.22,10.37,19514953.0,202672853.72,0.4142,7.48993,1.739786
2022-10-12,10.38,10.45,10.16,10.41,19756895.0,204200786.43,0.4193,7.518821,1.746497
2022-10-13,10.4,10.42,10.22,10.26,15315447.0,157353697.76,0.325,7.41048,1.721332
2022-10-14,10.26,10.37,10.26,10.29,13978246.0,144176232.87,0.2967,7.432149,1.726365
2022-10-17,10.39,10.61,10.25,10.56,27346068.0,286580371.16,0.5804,7.627161,1.771663
2022-10-18,10.6,10.66,10.53,10.6,13637020.0,144372007.45,0.2894,7.656052,1.778374
2022-10-19,10.85,11.1,10.74,10.94,49124922.0,538404779.89,1.0426,7.901623,1.835416
2022-10-20,10.99,11.18,10.88,11.08,40873444.0,451875833.11,0.8675,8.002741,1.858904
2022-10-21,11.19,12.15,11.18,12.07,69231058.0,820493976.32,1.4693,8.717787,2.024997
2022-10-24,11.89,12.08,11.37,11.41,56338789.0,658004146.62,1.1957,8.24109,1.914268
2022-10-25,11.42,11.49,11.22,11.45,26090682.0,297401604.21,0.5537,8.269981,1.920979
2022-10-26,11.53,11.76,11.35,11.64,28257405.0,328040751.82,0.5997,8.407212,1.952856
2022-10-27,11.64,11.64,11.64,11.64,,,,8.407212,1.952856
2022-10-28,11.7,11.74,11.1,11.38,35042464.0,397513537.86,0.7437,8.219422,1.909235
2022-10-31,11.05,11.44,11.05,11.25,25262696.0,283893563.51,0.5362,6.639709,1.746228
2022-11-01,11.35,11.42,10.97,11.37,32757049.0,366198481.36,0.6952,6.710533,1.764855
2022-11-02,11.31,11.38,11.01,11.23,21777629.0,243064351.84,0.4622,6.627905,1.743124
2022-11-03,11.12,11.3,11.08,11.17,15292938.0,170913485.33,0.3246,6.592493,1.733811
2022-11-04,11.17,11.43,11.13,11.35,22900164.0,258208876.2,0.486,6.698729,1.76175
2022-11-07,11.31,11.32,11.1,11.12,19722951.0,220435320.61,0.4186,6.562984,1.72605
2022-11-08,11.14,11.24,10.99,11.12,21427372.0,237636197.15,0.4548,6.562984,1.72605
2022-11-09,11.17,11.25,11.07,11.09,14251354.0,158880923.61,0.3025,6.545278,1.721393
2022-11-10,11.01,11.04,10.85,11.0,18343412.0,200571781.55,0.3893,6.49216,1.707423
2022-11-11,11.12,11.55,11.12,11.45,38605773.0,438648241.0,0.8193,6.757748,1.777272
2022-11-14,11.46,11.52,11.33,11.43,19248678.0,219880556.49,0.4085,6.745945,1.774168
2022-11-15,11.48,11.69,11.32,11.63,22155637.0,256051110.38,0.4702,6.863984,1.805212
2022-11-16,11.62,11.72,11.4,11.41,16386660.0,188280591.43,0.3478,6.734141,1.771064
2022-11-17,11.36,11.4,11.23,11.29,10339186.0,116858565.8,0.2194,6.663317,1.752437
2022-11-18,11.26,11.41,11.12,11.23,13439786.0,150605529.28,0.2852,6.627905,1.743124
2022-11-21,11.15,11.28,11.03,11.2,10863539.0,121493456.03,0.2306,6.610199,1.738467
2022-11-22,11.2,11.97,11.18,11.61,36375975.0,421930345.3,0.772,6.85218,1.802108
2022-11-23,11.61,11.88,11.46,11.49,23436807.0,272476849.96,0.4974,6.781356,1.783481
2022-11-24,11.51,11.66,11.47,11.5,15181998.0,175068967.92,0.3222,6.787258,1.785033
2022-11-25,11.4,11.68,11.4,11.64,16593860.0,192785538.38,0.3522,6.869886,1.806764
2022-11-28,11.55,11.9,11.46,11.7,24082480.0,281868817.25,0.5111,6.905298,1.816078
2022-11-29,11.7,11.79,11.52,11.73,19223665.0,224092941.87,0.408,6.923003,1.820734
2022-11-30,11.68,11.75,11.55,11.73,17726201.0,206484936.03,0.3762,6.923003,1.820734
2022-12-01,11.74,11.75,11.42,11.42,25197379.0,291133171.02,0.5348,8.718016,2.292818
2022-12-02,11.38,11.46,11.2,11.37,23482045.0,266011095.6,0.4984,8.679846,2.28278
2022-12-05,11.4,11.65,11.36,11.47,22714213.0,261571526.27,0.4821,8.756186,2.302857
2022-12-06,11.47,11.55,11.28,11.33,16285222.0,184770195.4,0.3456,8.64931,2.274749
2022-12-07,11.25,11.37,11.15,11.26,17978748.0,201686056.78,0.3816,8.595873,2.260695
2022-12-08,11.19,11.34,11.11,11.27,18199150.0,204236338.14,0.3862,8.603507,2.262703
2022-12-09,11.28,11.43,11.2,11.29,35301256.0,398450023.72,0.7492,8.618774,2.266718
2022-12-12,11.2,11.3,11.04,11.11,28614075.0,318041420.4,0.6073,8.481363,2.230579
2022-12-13,11.11,11.16,11.0,11.12,17659092.0,195742341.46,0.3748,8.488997,2.232587
2022-12-14,11.08,11.11,10.9,10.97,17607669.0,193138935.01,0.3737,8.374487,2.202471
2022-12-15,10.96,10.97,10.81,10.89,9340249.0,101518814.89,0.1982,8.313415,2.186409
2022-12-16,10.82,11.05,10.82,10.97,10473648.0,114758233.33,0.2223,8.374487,2.202471
2022-12-19,10.94,10.97,10.55,10.63,14900796.0,159301510.93,0.3162,8.114931,2.134208
2022-12-20,10.65,10.7,10.51,10.54,10461102.0,110788306.42,0.222,8.046225,2.116139
2022-12-21,10.68,10.83,10.52,10.58,9289860.0,98477474.08,0.1972,8.076761,2.12417
2022-12-22,10.56,10.63,10.4,10.45,9071019.0,95234146.39,0.1924,7.977519,2.098069
2022-12-23,10.41,10.56,10.3,10.52,7787996.0,81466896.56,0.1652,8.030957,2.112123
2022-12-26,10.52,10.62,10.45,10.62,10468407.0,110597964.29,0.222,8.107297,2.132201
2022-12-27,10.65,10.99,10.65,10.99,19187204.0,208215501.09,0.4069,8.389755,2.206486
2022-12-28,10.9,11.05,10.86,11.0,14686737.0,160930369.91,0.3115,8.397389,2.208494
2022-12-29,10.9,11.1,10.8,11.03,19927110.0,218436744.72,0.4226,8.420291,2.214517
2022-12-30,11.03,11.14,10.88,11.12,20762947.0,229083707.18,0.4378,8.488997,2.232587
2023-01-03,11.1,11.1,10.85,10.93,16024068.0,175341296.92,0.3379,8.343951,2.19444
2023-01-04,10.95,10.96,10.79,10.94,13648260.0,148376037.15,0.2878,8.351585,2.196448
2023-01-05,11.02,11.05,10.85,10.92,11954575.0,130315347.04,0.2521,8.336317,2.192432
2023-01-06,10.92,10.95,10.72,10.8,10248559.0,110748385.55,0.2161,8.244709,2.16834
2023-01-09,10.85,11.04,10.77,10.89,13886510.0,151667652.0,0.2928,8.313415,2.186409
2023-01-10,10.85,10.92,10.67,10.71,10425310.0,112106197.84,0.2198,8.176003,2.15027
2023-01-11,10.68,10.76,10.58,10.64,9872524.0,105126357.77,0.2082,8.122565,2.136216
2023-01-12,10.69,10.82,10.58,10.77,11057391.0,118538342.11,0.2332,8.221807,2.162317
2023-01-13,10.69,10.78,10.6,10.7,6761500.0,72273588.54,0.1426,8.168369,2.148262
2023-01-16,10.83,10.9,10.67,10.85,11788312.0,127620480.44,0.2486,8.282879,2.178378
2023-01-17,10.9,10.9,10.76,10.87,9435137.0,102294149.24,0.199,8.298147,2.182394
2023-01-18,10.9,11.36,10.82,11.32,39580400.0,443475425.66,0.8346,8.641676,2.272741
2023-01-19,11.28,11.33,11.15,11.32,13879874.0,155878983.62,0.2927,8.641676,2.272741
2023-01-20,11.2,11.63,11.2,11.54,20800909.0,238184583.37,0.4386,8.809624,2.316911
2023-01-30,11.58,11.64,11.4,11.45,15342871.0,175939882.59,0.3235,8.740918,2.298842
2023-01-31,11.72,11.85,11.57,11.73,35151014.0,410819947.96,0.7412,8.95467,2.355058
2023-02-01,11.77,12.24,11.72,12.18,54380928.0,655653386.61,1.1467,9.2982,2.445405
2023-02-02,12.2,12.4,12.2,12.39,31439984.0,387934097.7,0.663,9.458513,2.487567
2023-02-03,12.3,12.36,12.13,12.23,20217251.0,246935490.95,0.4263,9.33637,2.455444
2023-02-06,12.13,12.35,12.06,12.27,22007071.0,269636011.42,0.4641,9.366905,2.463475
2023-02-07,12.35,12.58,12.22,12.53,22764997.0,283992121.35,0.48,9.565389,2.515676
2023-02-08,12.5,12.68,12.47,12.6,16917432.0,213377782.11,0.3567,9.618827,2.52973
2023-02-09,12.64,12.64,12.38,12.5,19228653.0,239456678.47,0.4055,9.541071,2.50928
2023-02-10,12.51,12.6,12.42,12.57,11036387.0,138378167.84,0.2327,9.594501,2.523332
2023-02-13,12.57,12.87,12.47,12.76,19255280.0,245053620.48,0.406,9.739526,2.561473
2023-02-14,12.73,12.88,12.67,12.77,11821973.0,151056908.85,0.2493,9.747159,2.563481
2023-02-15,12.72,12.8,12.66,12.71,11132029.0,141497382.3,0.2347,9.701361,2.551436
2023-02-16,12.73,12.8,12.37,12.46,19682589.0,247309003.7,0.415,9.51054,2.50125
2023-02-17,12.49,12.79,12.49,12.58,17439946.0,220792377.67,0.3677,9.602134,2.525339
2023-02-20,12.59,12.78,12.54,12.68,12677344.0,160795509.09,0.2673,9.678463,2.545414
2023-02-21,12.71,12.8,12.53,12.65,14803861.0,186941303.72,0.3122,9.655564,2.539391
2023-02-22,12.67,12.7,12.51,12.53,10789529.0,135852259.27,0.2275,9.56397,2.515302
2023-02-23,12.58,12.65,12.52,12.6,9775892.0,123123826.96,0.2061,9.6174,2.529354
2023-02-24,12.67,12.67,12.5,12.64,9735535.0,122622949.91,0.2053,9.647931,2.537384
2023-02-27,12.6,12.7,12.49,12.56,8675135.0,109315056.34,0.1829,9.586869,2.521325
2023-02-28,12.57,12.71,12.56,12.71,12665650.0,160214986.75,0.2671,9.701361,2.551436
2023-03-01,12.7,13.24,12.67,13.19,29073585.0,380756008.51,0.6131,10.067739,2.647792
2023-03-02,13.09,13.3,12.98,13.22,22766695.0,299256393.92,0.4801,10.090637,2.653815
2023-03-03,13.19,13.36,13.11,13.21,15018844.0,198845216.32,0.3167,10.083004,2.651807
2023-03-06,13.21,13.4,13.12,13.28,21189026.0,281047838.52,0.4468,10.136434,2.665859
2023-03-07,13.27,13.48,13.18,13.22,18021704.0,240398530.68,0.38,10.090637,2.653815
2023-03-08,13.18,13.24,13.01,13.15,14631044.0,191719333.86,0.3085,10.037207,2.639763
2023-03-09,13.16,13.32,13.06,13.26,13109200.0,173448906.0,0.2764,10.121169,2.661844
2023-03-10,13.2,13.28,13.13,13.24,9301200.0,122816144.0,0.1961,10.105903,2.657829
2023-03-13,13.24,13.43,13.24,13.4,14377008.0,192305828.21,0.3032,10.228029,2.689948
2023-03-14,13.35,13.5,13.32,13.32,14657439.0,196447997.03,0.3091,10.166966,2.673889
2023-03-15,13.31,13.73,13.26,13.64,17972466.0,243591768.2,0.379,10.411217,2.738126
2023-03-16,13.56,13.76,13.48,13.5,15720849.0,213340376.16,0.3315,10.304357,2.710022
2023-03-17,13.63,13.8,13.51,13.54,17459256.0,237879239.16,0.3682,10.334889,2.718052
2023-03-20,13.6,13.83,13.39,13.45,28024434.0,380926967.28,0.5909,10.266193,2.699985
2023-03-21,13.41,13.49,12.94,13.06,36382074.0,478257199.54,0.7672,9.968511,2.621696
2023-03-22,13.26,13.33,12.9,13.12,23148480.0,303835657.39,0.4881,10.014309,2.63374
2023-03-23,13.13,13.24,12.98,13.12,16953766.0,222021298.16,0.3575,10.014309,2.63374
2023-03-24,13.09,13.09,12.93,12.96,17405817.0,225816538.49,0.367,9.892183,2.601622
2023-03-27,12.95,13.01,12.77,12.98,16111612.0,208063279.36,0.3397,9.907449,2.605636
2023-03-28,12.98,13.29,12.97,13.06,11832702.0,155282008.48,0.2495,9.968511,2.621696
2023-03-29,13.15,13.16,13.0,13.06,10550811.0,137823905.28,0.2225,9.968511,2.621696
2023-03-30,13.06,13.25,12.96,13.21,11191264.0,146616781.47,0.236,10.083004,2.651807
2023-03-31,13.42,14.07,13.25,13.8,34747360.0,479873090.53,0.7327,7.661769,2.055565
2023-04-03,13.63,13.88,13.63,13.78,24374047.0,334966882.77,0.514,7.650665,2.052586
2023-04-04,13.87,14.42,13.58,14.14,35812339.0,504632733.72,0.7552,7.850538,2.10621
2023-04-06,14.2,14.38,14.09,14.22,15352612.0,217711171.72,0.3237,7.894954,2.118126
2023-04-07,14.3,14.33,14.13,14.17,10418580.0,147940129.58,0.2197,7.867194,2.110678
2023-04-10,14.2,14.34,14.1,14.27,14542800.0,207122620.0,0.3067,7.922714,2.125574
2023-04-11,14.3,14.39,14.13,14.34,17357392.0,248042667.08,0.366,7.961578,2.136
2023-04-12,14.35,14.6,14.28,14.47,14339938.0,207256476.15,0.3024,8.033754,2.155364
2023-04-13,14.43,14.6,14.41,14.54,12015635.0,174373403.15,0.2534,8.072618,2.165791
2023-04-14,14.52,14.77,14.45,14.76,18641380.0,273802193.92,0.3931,8.194762,2.198561
2023-04-17,14.77,15.33,14.77,15.17,24640409.0,371944404.85,0.5196,8.422394,2.259632
2023-04-18,15.17,15.34,15.06,15.33,16961088.0,258179923.29,0.3577,8.511226,2.283465
2023-04-19,15.3,15.49,15.23,15.3,13969906.0,214666068.59,0.2946,8.49457,2.278996
2023-04-20,15.24,15.43,15.0,15.4,21823529.0,331532636.73,0.4602,8.55009,2.293892
2023-04-21,15.41,15.79,15.25,15.45,15241118.0,237085637.18,0.3214,8.57785,2.301339
2023-04-24,15.45,15.63,15.27,15.48,16259415.0,251210142.69,0.3429,8.594506,2.305808
2023-04-25,15.47,15.68,15.21,15.41,17855140.0,275093371.76,0.3765,8.555642,2.295381
2023-04-26,15.41,15.54,15.25,15.48,15970066.0,246118754.89,0.3368,8.594506,2.305808
2023-04-27,15.54,15.73,15.42,15.73,14439327.0,225862362.88,0.3045,8.733307,2.343047
2023-04-28,15.74,15.91,15.58,15.85,18934678.0,297884570.61,0.3993,8.799931,2.360921
2023-05-04,15.9,15.9,15.0,15.55,33261098.0,515418648.22,0.7014,8.145463,2.166731
2023-05-05,15.39,15.58,15.08,15.22,24980440.0,380179475.53,0.5268,7.972601,2.120749
2023-05-08,15.32,15.38,15.12,15.16,15284374.0,232792525.0,0.3223,7.941172,2.112388
2023-05-09,15.17,15.36,14.93,15.05,22867145.0,346360653.0,0.4822,7.883551,2.097061
2023-05-10,15.02,15.05,14.73,14.81,18836661.0,279455623.96,0.3972,7.757833,2.06362
2023-05-11,14.82,14.93,14.71,14.8,9168033.0,135860572.66,0.1933,7.752595,2.062226
2023-05-12,14.81,15.0,14.53,14.53,11737680.0,172722649.26,0.2475,7.611162,2.024604
2023-05-15,14.53,14.63,14.26,14.6,14862517.0,214486595.27,0.3134,7.64783,2.034358
2023-05-16,14.62,14.86,14.6,14.66,14304836.0,210509620.6,0.3016,7.67926,2.042719
2023-05-17,14.66,14.73,14.43,14.68,9480576.0,138124667.83,0.1999,7.689736,2.045505
2023-05-18,14.67,14.76,14.46,14.52,9579892.0,139642714.63,0.202,7.605924,2.023211
2023-05-19,14.5,14.56,14.37,14.56,7594237.0,109916813.71,0.1601,7.626877,2.028785
2023-05-22,14.54,14.69,14.33,14.47,10000305.0,144823652.74,0.2109,7.579733,2.016244
2023-05-23,14.45,14.47,14.11,14.12,12094685.0,172069994.63,0.255,7.396395,1.967475
2023-05-24,14.07,14.16,13.91,14.03,8410880.0,118067231.31,0.1774,7.349251,1.954935
2023-05-25,13.92,14.09,13.8,14.05,10678271.0,148671930.33,0.2252,7.359727,1.957721
2023-05-26,14.02,14.12,13.84,14.05,7293894.0,101854390.67,0.1538,7.359727,1.957721
2023-05-29,14.05,14.39,13.95,14.21,11279053.0,159498186.39,0.2378,7.443539,1.980016
2023-05-30,14.14,14.53,14.03,14.53,15726913.0,226655943.02,0.3316,7.611162,2.024604
2023-05-31,14.53,15.26,14.48,15.2,24523076.0,368545686.16,0.5171,7.962125,2.117962
2023-06-01,15.2,15.33,14.36,14.44,28632987.0,420926221.4,0.6038,7.564018,2.012064
2023-06-02,14.47,14.58,14.3,14.48,13951353.0,201496567.42,0.2942,7.584971,2.017637
2023-06-05,14.4,14.75,14.3,14.59,10795454.0,157212306.9,0.2276,7.642592,2.032965
2023-06-06,14.54,14.8,14.5,14.62,11709282.0,171949497.72,0.2469,7.658307,2.037145
2023-06-07,14.78,14.82,14.6,14.71,7663252.0,112486292.73,0.1616,7.705451,2.049686
2023-06-08,14.77,14.86,14.63,14.82,8492899.0,125158186.1,0.1791,7.763071,2.065013
2023-06-09,14.85,14.98,14.75,14.94,11179354.0,166190301.12,0.2357,7.82593,2.081734
2023-06-12,14.96,14.97,14.73,14.77,9865100.0,146231874.0,0.208,7.73688,2.058046
2023-06-13,14.81,14.86,14.66,14.7,10906971.0,160492094.44,0.23,7.700213,2.048292
2023-06-14,14.69,14.87,14.52,14.6,15141416.0,221647328.24,0.3193,7.64783,2.034358
2023-06-15,9.8,9.83,9.54,9.69,23419738.0,226535224.25,0.3527,7.106196,1.890281
2023-06-16,9.69,10.06,9.69,9.92,25293828.0,250694573.78,0.381,7.274867,1.935148
2023-06-19,9.93,9.99,9.65,9.69,21700784.0,211726429.75,0.3269,7.106196,1.890281
2023-06-20,9.69,9.78,9.62,9.65,13725026.0,132993958.35,0.2067,7.076862,1.882478
2023-06-21,9.55,9.71,9.43,9.55,19937304.0,190661686.09,0.3003,7.003527,1.862971
2023-06-26,9.51,9.59,9.3,9.55,28577190.0,269371556.9,0.4304,7.003527,1.862971
2023-06-27,9.48,9.72,9.48,9.63,14828048.0,142655871.94,0.2233,7.062195,1.878577
2023-06-28,9.6,9.81,9.56,9.78,13828904.0,134144179.01,0.2083,7.172198,1.907838
2023-06-29,9.79,9.92,9.77,9.82,9911838.0,97553521.35,0.1493,7.201532,1.915641
2023-06-30,9.87,9.92,9.76,9.81,12514899.0,123012649.1,0.1885,7.194199,1.91369
2023-07-03,9.8,10.1,9.8,9.97,19043732.0,189876699.04,0.2868,7.311535,1.944902
2023-07-04,10.04,10.07,9.77,9.84,13766255.0,135498281.86,0.2073,7.216199,1.919542
2023-07-05,9.8,9.97,9.78,9.88,7881415.0,78072076.48,0.1187,7.245533,1.927345
2023-07-06,9.88,9.97,9.83,9.9,10803205.0,106751866.99,0.1627,7.2602,1.931247
2023-07-07,9.85,9.93,9.76,9.92,10724095.0,105541131.45,0.1615,7.274867,1.935148
2023-07-10,9.98,10.17,9.94,10.0,18304165.0,183968045.89,0.2757,7.333536,1.950754
2023-07-11,10.0,10.11,9.93,9.98,11116307.0,111294391.25,0.1674,7.318869,1.946853
2023-07-12,10.0,10.01,9.75,9.75,18089706.0,178032891.94,0.2725,7.150197,1.901986
2023-07-13,9.8,9.93,9.77,9.91,10489007.0,103364120.8,0.158,7.267534,1.933198
2023-07-14,9.89,10.05,9.89,9.95,13900299.0,138554240.22,0.2094,7.296868,1.941001
2023-07-17,9.95,9.97,9.83,9.92,6229324.0,61547276.95,0.0938,7.274867,1.935148
2023-07-18,9.93,9.98,9.83,9.86,8050382.0,79544624.58,0.1213,7.230866,1.923444
2023-07-19,9.92,9.97,9.84,9.91,12271455.0,121554729.48,0.1848,7.267534,1.933198
2023-07-20,9.89,9.91,9.66,9.72,20530855.0,199945045.3,0.3092,7.128197,1.896133
2023-07-21,9.75,9.78,9.58,9.68,16067125.0,154951835.9,0.242,7.098863,1.88833
2023-07-24,9.66,9.73,9.5,9.67,20954473.0,201541830.12,0.3156,7.091529,1.88638
2023-07-25,9.66,9.79,9.65,9.71,13967780.0,135671955.6,0.2104,7.120863,1.894183
2023-07-26,9.7,9.83,9.65,9.75,11873645.0,115925414.07,0.1788,7.150197,1.901986
2023-07-27,9.77,9.79,9.65,9.67,11356822.0,110105443.83,0.1711,7.091529,1.88638
2023-07-28,9.67,9.8,9.57,9.78,14693240.0,142778655.4,0.2213,7.172198,1.907838
2023-07-31,9.78,9.93,9.78,9.88,17007916.0,167884747.37,0.2562,7.245533,1.927345
2023-08-01,9.89,9.92,9.66,9.72,24434379.0,237829318.34,0.368,7.128197,1.896133
2023-08-02,9.72,9.73,9.54,9.56,17686613.0,170156206.17,0.2664,7.01086,1.864921
2023-08-03,9.56,9.69,9.52,9.65,10752365.0,103382819.51,0.162,7.076862,1.882478
2023-08-04,9.67,9.76,9.6,9.65,10053880.0,97504414.38,0.1514,7.076862,1.882478
2023-08-07,9.65,9.65,9.52,9.56,12608731.0,120687695.33,0.1899,7.01086,1.864921
2023-08-08,9.53,9.6,9.5,9.55,7633529.0,72820644.51,0.115,7.003527,1.862971
2023-08-09,9.55,9.58,9.5,9.52,7824799.0,74593270.56,0.1179,6.981526,1.857118
2023-08-10,9.52,9.56,9.5,9.54,7209840.0,68658876.6,0.1086,6.996193,1.86102
2023-08-11,9.51,9.61,9.34,9.35,14165317.0,133806852.53,0.2134,6.856856,1.823955
2023-08-14,9.32,9.5,9.25,9.48,13774176.0,129203298.86,0.2075,6.952192,1.849315
2023-08-15,9.48,9.5,9.35,9.43,9506106.0,89580122.62,0.1432,6.915524,1.839561
2023-08-16,9.4,9.48,9.35,9.42,8041648.0,75835190.74,0.1211,6.908191,1.837611
2023-08-17,9.43,9.45,9.27,9.33,13069056.0,121908297.84,0.1968,6.842189,1.820054
2023-08-18,9.32,9.42,9.27,9.29,8932492.0,83482006.94,0.1345,6.812855,1.812251
2023-08-21,9.28,9.46,9.24,9.32,15543345.0,145533943.25,0.2341,6.834855,1.818103
2023-08-22,9.31,9.41,9.28,9.38,10395067.0,97259371.64,0.1566,6.878857,1.829808
2023-08-23,9.37,9.46,9.29,9.29,10563313.0,99150116.99,0.1591,6.812855,1.812251
2023-08-24,9.32,9.35,9.0,9.1,23350480.0,212977769.62,0.3517,6.673518,1.775187
2023-08-25,9.05,9.29,9.04,9.26,15928780.0,146921182.79,0.2399,6.790854,1.806399
2023-08-28,9.6,9.65,9.27,9.33,19921232.0,187981760.27,0.3001,6.842189,1.820054
2023-08-29,9.3,9.36,9.2,9.26,25347040.0,235205853.25,0.3818,6.790854,1.806399
2023-08-30,9.18,9.18,8.67,8.97,53220986.0,474184995.48,0.8016,6.578182,1.749827
2023-08-31,8.83,8.99,8.75,8.91,21231236.0,188934225.83,0.3198,6.327619,1.837393
2023-09-01,8.87,8.99,8.83,8.88,21873435.0,194865066.96,0.3295,6.306314,1.831206
2023-09-04,8.21,8.3,7.99,7.99,83845991.0,673134230.34,1.2629,5.674262,1.647673
2023-09-05,7.36,7.74,7.32,7.68,170873350.0,1278463408.13,2.5737,5.454109,1.583746
2023-09-06,7.59,7.74,7.46,7.62,78767830.0,597423761.0,1.1864,5.411499,1.571373
2023-09-07,7.6,7.7,7.49,7.51,55230467.0,417886975.76,0.8319,5.33338,1.548689
2023-09-08,7.54,7.7,7.42,7.61,44915363.0,338959536.06,0.6765,5.404397,1.569311
2023-09-11,7.58,7.83,7.57,7.65,89354806.0,688910158.99,1.3458,5.432804,1.57756
2023-09-12,7.63,7.91,7.62,7.85,65832281.0,512911718.23,0.9916,5.574838,1.618803
2023-09-13,7.86,7.94,7.78,7.91,38695088.0,304421521.26,0.5828,5.617448,1.631176
2023-09-14,7.99,8.14,7.9,8.13,67427288.0,542013529.19,1.0156,5.773686,1.676544
2023-09-15,8.13,8.25,8.06,8.15,59944609.0,489261441.08,0.9029,5.787889,1.680668
2023-09-18,8.19,8.32,8.04,8.11,43748988.0,355545268.48,0.6589,5.759482,1.672419
2023-09-19,8.06,8.24,8.06,8.18,37164647.0,302889563.57,0.5598,5.809194,1.686855
2023-09-20,8.18,8.3,8.15,8.25,46897550.0,386266820.1,0.7064,5.858906,1.70129
2023-09-21,8.25,8.34,8.23,8.28,33661092.0,278969234.56,0.507,5.880211,1.707476
2023-09-22,8.26,8.51,8.26,8.49,48421445.0,406702602.59,0.7293,6.029347,1.750782
2023-09-25,8.42,8.57,8.41,8.47,38377764.0,326033221.96,0.578,6.015144,1.746658
2023-09-26,8.46,8.7,8.46,8.61,38138759.0,327008235.53,0.5744,6.114568,1.775528
2023-09-27,8.66,8.67,8.48,8.6,39776664.0,340124209.34,0.5991,6.107466,1.773466
2023-09-28,8.59,8.68,8.51,8.67,25532751.0,220114240.59,0.3846,6.157178,1.787901
2023-10-09,8.67,8.87,8.65,8.82,34331751.0,301971464.12,0.5171,6.263704,1.818833
2023-10-10,8.81,8.82,8.49,8.57,42067954.0,361661154.65,0.6336,6.086161,1.767279
2023-10-11,8.63,8.64,8.26,8.3,44798814.0,374500292.57,0.6748,5.894415,1.711601
2023-10-12,8.34,8.39,8.25,8.28,23008680.0,190944923.0,0.3466,5.880211,1.707476
2023-10-13,8.23,8.26,8.14,8.17,21028129.0,171923267.65,0.3167,5.802093,1.684792
2023-10-16,8.2,8.23,8.01,8.1,19747938.0,159530268.55,0.2974,5.752381,1.670357
2023-10-17,8.1,8.13,7.98,8.0,25091200.0,201119504.4,0.3779,5.681364,1.649736
2023-10-18,8.01,8.02,7.83,7.86,22235327.0,175626227.84,0.3349,5.58194,1.620865
2023-10-19,7.92,7.97,7.75,7.85,22250816.0,174927756.47,0.3351,5.574838,1.618803
2023-10-20,7.94,8.03,7.82,7.91,27786218.0,220859273.9,0.4185,5.617448,1.631176
2023-10-23,7.9,7.92,7.71,7.8,22264865.0,173164486.6,0.3353,5.53933,1.608492
2023-10-24,7.8,7.95,7.7,7.88,23080080.0,180757582.0,0.3476,5.596143,1.62499
2023-10-25,8.05,8.1,7.9,7.95,30924523.0,247343944.82,0.4658,5.645855,1.639425
2023-10-26,7.89,7.92,7.76,7.84,22407859.0,175224390.42,0.3375,5.567736,1.616741
2023-10-27,7.83,7.89,7.78,7.83,22821033.0,178922729.44,0.3437,5.560635,1.614679
2023-10-30,7.83,7.84,7.67,7.81,25837588.0,200333192.05,0.3892,5.546431,1.610554
2023-10-31,7.67,7.78,7.66,7.71,22015486.0,169844465.46,0.3316,5.799872,1.511632
2023-11-01,7.71,7.75,7.63,7.7,22191245.0,170600351.5,0.3342,5.792349,1.509672
2023-11-02,7.7,7.75,7.68,7.71,14359119.0,110715359.02,0.2163,5.799872,1.511632
2023-11-03,7.68,7.79,7.68,7.73,16707936.0,129405907.34,0.2517,5.814917,1.515554
2023-11-06,7.72,7.82,7.71,7.82,17871965.0,139109788.95,0.2692,5.88262,1.533199
2023-11-07,7.8,7.98,7.77,7.94,18427897.0,145696374.13,0.2776,5.97289,1.556726
2023-11-08,7.95,8.01,7.82,7.89,24036940.0,189575884.4,0.362,5.935277,1.546923
2023-11-09,7.88,8.02,7.84,7.96,20815615.0,165302023.41,0.3135,5.987935,1.560648
2023-11-10,7.94,7.98,7.83,7.92,14029559.0,110930385.52,0.2113,5.957845,1.552805
2023-11-13,7.91,7.91,7.77,7.87,18097817.0,141680839.15,0.2726,5.920232,1.543002
2023-11-14,7.89,7.94,7.81,7.84,22761756.0,179006659.64,0.3428,5.897665,1.53712
2023-11-15,7.88,7.9,7.82,7.88,16944620.0,133196705.6,0.2552,5.927755,1.544963
2023-11-16,7.88,7.9,7.83,7.86,9691677.0,76203323.47,0.146,5.91271,1.541042
2023-11-17,7.86,7.89,7.81,7.87,13887621.0,109079521.26,0.2092,5.920232,1.543002
2023-11-20,7.87,7.91,7.7,7.72,43730829.0,340543516.79,0.6587,5.807394,1.513593
2023-11-21,7.71,7.91,7.71,7.82,27522095.0,215730069.9,0.4145,5.88262,1.533199
2023-11-22,7.8,7.86,7.78,7.82,11592280.0,90784512.0,0.1746,5.88262,1.533199
2023-11-23,7.81,7.87,7.79,7.85,10779414.0,84433043.84,0.1624,5.905187,1.539081
2023-11-24,7.87,7.94,7.84,7.87,15622623.0,122991635.11,0.2353,5.920232,1.543002
2023-11-27,7.78,7.79,7.6,7.74,30141564.0,231668556.82,0.454,5.822439,1.517514
2023-11-28,7.75,7.8,7.69,7.74,16302473.0,126310488.81,0.2455,5.822439,1.517514
2023-11-29,7.7,7.75,7.67,7.7,16590338.0,127895368.45,0.2499,5.792349,1.509672
2023-11-30,7.68,7.77,7.68,7.72,17212348.0,133040205.14,0.2592,5.807394,1.513593
2023-12-01,7.71,7.76,7.67,7.71,12083228.0,93243141.69,0.182,5.799872,1.511632
2023-12-04,7.73,7.83,7.72,7.8,18202646.0,141740588.34,0.2742,5.867575,1.529278
2023-12-05,7.83,7.83,7.68,7.7,16506163.0,128030500.3,0.2486,5.792349,1.509672
2023-12-06,7.69,7.7,7.56,7.66,16880801.0,129174478.2,0.2543,5.762259,1.501829
2023-12-07,7.65,7.65,7.49,7.59,27739045.0,209542294.26,0.4178,5.709601,1.488105
2023-12-08,7.6,7.72,7.57,7.59,46116805.0,353033802.21,0.6946,5.709601,1.488105
2023-12-11,7.57,7.57,7.36,7.48,48137859.0,357912707.88,0.725,5.626854,1.466538
2023-12-12,7.48,7.55,7.42,7.55,23221465.0,174057955.14,0.3498,5.679511,1.480263
2023-12-13,7.53,7.57,7.42,7.44,20292658.0,151496844.29,0.3056,5.596763,1.458696
2023-12-14,7.43,7.46,7.36,7.38,18107342.0,133885325.86,0.2727,5.551628,1.446932
2023-12-15,7.38,7.45,7.32,7.33,14452660.0,106460432.5,0.2177,5.514016,1.437129
2023-12-18,7.34,7.38,7.22,7.28,16894762.0,123220495.84,0.2545,5.476403,1.427326
2023-12-19,7.3,7.31,7.2,7.25,11993023.0,86919608.26,0.1806,5.453835,1.421444
2023-12-20,7.25,7.31,7.23,7.25,12019379.0,87428007.43,0.181,5.453835,1.421444
2023-12-21,7.21,7.3,7.16,7.28,11190900.0,80943772.6,0.1686,5.476403,1.427326
2023-12-22,7.26,7.34,7.25,7.32,10823574.0,78978391.75,0.163,5.506493,1.435168
2023-12-25,7.3,7.34,7.28,7.32,8709203.0,63609153.13,0.1312,5.506493,1.435168
2023-12-26,7.33,7.41,7.32,7.39,11609074.0,85666075.32,0.1749,5.559151,1.448893
2023-12-27,7.39,7.5,7.38,7.48,15098710.0,112400081.2,0.2274,5.626854,1.466538
2023-12-28,7.47,7.56,7.43,7.52,15757792.0,118160928.29,0.2373,5.656944,1.474381
2023-12-29,7.53,7.56,7.46,7.49,13173480.0,98658151.61,0.1984,5.634376,1.468499
2024-01-02,7.47,7.55,7.45,7.52,12906032.0,96905322.12,0.1944,5.656944,1.474381
2024-01-03,7.52,7.59,7.5,7.59,12743768.0,96191587.76,0.1919,5.709601,1.488105
2024-01-04,7.59,7.66,7.53,7.58,13123540.0,99424066.4,0.1977,5.702079,1.486144
2024-01-05,7.59,7.68,7.54,7.59,17545137.0,133770984.32,0.2643,5.709601,1.488105
2024-01-08,7.6,7.68,7.55,7.56,22422015.0,170755440.54,0.3377,5.687034,1.482223
2024-01-09,7.57,7.59,7.48,7.53,17646718.0,132807499.4,0.2658,5.664466,1.476341
2024-01-10,7.51,7.57,7.49,7.5,12541466.0,94498363.8,0.1889,5.641899,1.470459
2024-01-11,7.53,7.53,7.36,7.48,15236692.0,113420792.16,0.2295,5.626854,1.466538
2024-01-12,7.45,7.6,7.44,7.55,11797405.0,89046467.34,0.1777,5.679511,1.480263
2024-01-15,7.54,7.61,7.5,7.56,13473800.0,101891126.02,0.2017,5.687034,1.482223
2024-01-16,7.53,7.57,7.44,7.5,14319892.0,107460755.88,0.2144,5.641899,1.470459
2024-01-17,7.48,7.54,7.39,7.4,11897520.0,88897101.2,0.1781,5.566673,1.450853
2024-01-18,7.37,7.37,7.11,7.3,26700159.0,192737995.86,0.3997,5.491448,1.431247
2024-01-19,7.35,7.44,7.26,7.29,13487615.0,98871744.23,0.2019,5.483925,1.429287
2024-01-22,7.3,7.32,7.02,7.08,20350825.0,146087819.66,0.3047,5.325952,1.388114
2024-01-23,7.05,7.15,6.95,7.14,17439956.0,123215749.48,0.2611,5.371087,1.399877
2024-01-24,7.15,7.45,7.11,7.45,27887596.0,203608032.57,0.4175,5.604286,1.460656
2024-01-25,7.48,7.99,7.48,7.98,64093376.0,502214097.34,0.9596,6.00298,1.564569
2024-01-26,7.95,8.22,7.92,8.09,40211483.0,324326342.67,0.602,6.085728,1.586136
2024-01-29,8.12,8.3,8.09,8.13,40698176.0,333004881.47,0.6093,6.115818,1.593978
2024-01-30,8.1,8.2,7.98,8.0,27564149.0,223108652.82,0.4127,6.018025,1.56849
2024-01-31,7.98,8.14,7.91,8.02,36963194.0,296805670.09,0.5534,6.03307,1.572411
2024-02-01,7.93,8.07,7.92,7.97,25914583.0,206797115.85,0.388,5.995458,1.562608
2024-02-02,7.99,8.17,7.86,8.0,36388434.0,292406847.03,0.5448,6.018025,1.56849
2024-02-05,7.94,8.1,7.8,7.99,37855544.0,301827376.33,0.5668,6.010503,1.566529
2024-02-06,8.0,8.15,7.97,8.13,41039493.0,331903883.46,0.6144,6.115818,1.593978
2024-02-07,8.16,8.19,8.04,8.12,39662016.0,322149405.53,0.5938,6.108296,1.592017
2024-02-08,8.12,8.13,7.86,7.95,45717869.0,363090937.39,0.6845,5.980413,1.558687
2024-02-19,8.0,8.39,7.98,8.39,55682700.0,459250287.6,0.8337,6.311404,1.644954
2024-02-20,8.37,8.55,8.31,8.49,32407954.0,273829550.72,0.4852,6.386629,1.66456
2024-02-21,8.46,8.63,8.33,8.37,45605874.0,387243623.1,0.6828,6.296359,1.641033
2024-02-22,8.41,8.41,8.23,8.28,39818605.0,329852664.99,0.5962,6.228656,1.623387
2024-02-23,8.33,8.42,8.26,8.3,31346768.0,260743657.68,0.4693,6.243701,1.627308
2024-02-26,8.27,8.31,8.06,8.08,40494875.0,329490766.24,0.6063,6.078205,1.584175
2024-02-27,8.05,8.16,8.03,8.12,35141825.0,284559654.62,0.5261,6.108031,1.591949
2024-02-28,8.18,8.18,8.05,8.08,28465824.0,230950602.01,0.4262,6.077942,1.584106
2024-02-29,8.05,8.18,8.03,8.16,23733601.0,192679261.57,0.3553,6.13812,1.599791
2024-03-01,8.14,8.15,8.02,8.07,27731748.0,223421906.48,0.4152,6.07042,1.582146
2024-03-04,8.05,8.06,7.91,8.02,25466559.0,203070006.02,0.3813,6.032809,1.572343
2024-03-05,7.97,8.06,7.95,7.98,18417368.0,147401552.84,0.2757,6.00272,1.564501
2024-03-06,8.0,8.06,7.97,8.02,20821500.0,167028546.81,0.3117,6.032809,1.572343
2024-03-07,7.99,8.06,7.98,8.0,17741478.0,142140338.28,0.2656,6.017765,1.568422
2024-03-08,8.0,8.12,7.98,8.06,23327264.0,187531175.07,0.3492,6.062898,1.580185
2024-03-11,8.06,8.14,7.88,7.93,43403750.0,345616129.2,0.6498,5.965109,1.554699
2024-03-12,7.91,7.92,7.67,7.78,42350615.0,328356790.12,0.6341,5.852276,1.525291
2024-03-13,7.75,7.77,7.7,7.71,23087827.0,178301296.12,0.3457,5.799621,1.511567
2024-03-14,7.71,7.75,7.67,7.7,21048895.0,162137819.08,0.3151,5.792099,1.509606
2024-03-15,7.67,7.7,7.6,7.69,20488226.0,156565727.87,0.3067,5.784576,1.507646
2024-03-18,7.72,7.79,7.69,7.73,24142329.0,186585193.4,0.3615,5.814665,1.515488
2024-03-19,7.66,7.73,7.61,7.64,23320434.0,178675493.04,0.3491,5.746965,1.497843
2024-03-20,7.61,7.64,7.57,7.62,19329046.0,146917608.37,0.2894,5.731921,1.493922
2024-03-21,7.62,7.63,7.55,7.59,15586655.0,118175736.72,0.2334,5.709354,1.488041
2024-03-22,7.59,7.59,7.47,7.5,19804511.0,148717706.59,0.2965,5.641654,1.470396
2024-03-25,7.47,7.54,7.45,7.46,20304486.0,152169431.1,0.304,5.611566,1.462554
2024-03-26,7.44,7.47,7.36,7.41,21684268.0,160490776.64,0.3247,5.573955,1.452751
2024-03-27,7.38,7.49,7.38,7.4,19413733.0,144287500.73,0.2907,5.566432,1.450791
2024-03-28,7.4,7.47,7.34,7.43,18771951.0,138838086.57,0.281,5.588999,1.456672
2024-03-29,7.41,7.6,7.4,7.58,23138070.0,173960391.68,0.3464,5.701832,1.48608
2024-04-01,7.6,7.77,7.58,7.77,27869723.0,214157540.19,0.4173,5.844754,1.52333
2024-04-02,7.84,7.85,7.74,7.78,20589692.0,160507104.72,0.3083,5.852276,1.525291
2024-04-03,7.78,7.89,7.77,7.87,26811728.0,210389877.85,0.4014,5.919976,1.542935
2024-04-08,7.87,7.99,7.84,7.86,28415131.0,225164342.15,0.4254,5.912454,1.540975
2024-04-09,7.85,7.88,7.66,7.69,25532040.0,197471496.32,0.3823,5.784576,1.507646
2024-04-10,7.69,7.73,7.55,7.6,18121717.0,138399681.8,0.2713,5.716877,1.490001
2024-04-11,7.56,7.75,7.52,7.71,17126193.0,131299688.41,0.2564,5.799621,1.511567
2024-04-12,7.73,7.75,7.56,7.56,16279220.0,124165220.68,0.2437,5.686788,1.482159
2024-04-15,7.6,7.78,7.5,7.75,31695112.0,243565835.05,0.4745,5.82971,1.519409
2024-04-16,7.74,7.87,7.68,7.71,32133029.0,249681234.84,0.4811,5.799621,1.511567
2024-04-17,7.75,7.84,7.65,7.84,30520101.0,237588164.54,0.4569,5.897409,1.537054
2024-04-18,7.82,7.92,7.76,7.79,28567812.0,223348375.51,0.4277,5.859798,1.527251
2024-04-19,7.72,7.92,7.71,7.86,28574240.0,224049045.8,0.4278,5.912454,1.540975
2024-04-22,7.85,7.92,7.75,7.77,38399580.0,300574404.8,0.5749,5.844754,1.52333
2024-04-23,7.48,7.48,7.1,7.26,75886110.0,549225511.35,1.1361,7.027259,1.402109
2024-04-24,7.25,7.39,7.22,7.34,35340620.0,257874159.56,0.5291,7.104695,1.417559
2024-04-25,7.29,7.35,7.28,7.33,21563654.0,157560439.7,0.3228,7.095015,1.415628
2024-04-26,7.3,7.32,7.18,7.3,33854460.0,245845257.2,0.5069,7.065977,1.409834
2024-04-29,7.28,7.32,7.21,7.24,34353663.0,249581508.94,0.5143,7.0079,1.398246
2024-04-30,7.05,7.25,7.05,7.25,46199770.0,329899300.46,0.6917,7.87137,1.345112
2024-05-06,7.26,7.38,7.25,7.31,35414745.0,259270370.46,0.5302,7.936512,1.356244
2024-05-07,7.31,7.37,7.28,7.34,21694156.0,159242501.64,0.3248,7.969084,1.36181
2024-05-08,7.36,7.41,7.32,7.35,21412808.0,157684645.78,0.3206,7.979941,1.363665
2024-05-09,7.36,7.54,7.34,7.52,34505006.0,257336337.36,0.5166,8.164511,1.395206
2024-05-10,7.52,7.62,7.46,7.61,26242570.0,198309859.32,0.3929,8.262224,1.411904
2024-05-13,7.6,7.69,7.55,7.65,21988340.0,167981000.2,0.3292,8.305653,1.419325
2024-05-14,7.67,7.68,7.61,7.65,17156760.0,131315975.2,0.2569,8.305653,1.419325
2024-05-15,7.63,7.69,7.57,7.62,16004334.0,122048603.94,0.2396,8.273081,1.413759
2024-05-16,7.63,7.7,7.61,7.66,18374248.0,140787894.4,0.2751,8.31651,1.42118
2024-05-17,7.66,7.71,7.63,7.7,16922531.0,129810022.19,0.2533,8.359938,1.428601
2024-05-20,7.71,7.75,7.65,7.71,17022054.0,130947885.8,0.2548,8.370795,1.430457
2024-05-21,7.69,7.7,7.53,7.57,29257989.0,222082380.34,0.438,8.218796,1.404482
2024-05-22,7.56,7.68,7.53,7.66,21760966.0,166308139.41,0.3258,8.31651,1.42118
2024-05-23,7.66,7.67,7.57,7.61,15186313.0,115365468.27,0.2274,8.262224,1.411904
2024-05-24,7.6,7.66,7.57,7.58,13333580.0,101450239.8,0.1996,8.229653,1.406338
2024-05-27,7.58,7.66,7.57,7.62,17223432.0,131187743.11,0.2579,8.273081,1.413759
2024-05-28,7.63,7.72,7.6,7.65,20530696.0,157542589.66,0.3074,8.305653,1.419325
2024-05-29,7.66,7.76,7.61,7.68,21292471.0,164185025.77,0.3188,8.338224,1.424891
2024-05-30,7.7,7.82,7.66,7.74,24559739.0,190630704.26,0.3677,8.403366,1.436023
2024-05-31,7.77,7.9,7.76,7.86,30137806.0,236630203.09,0.4512,8.533651,1.458287
2024-06-03,7.96,8.26,7.87,8.13,59899662.0,486154554.77,0.8968,8.826792,1.50838
2024-06-04,8.11,8.2,8.05,8.19,23801004.0,194249168.62,0.3563,8.891934,1.519512
2024-06-05,8.19,8.24,8.14,8.15,17302120.0,141390993.0,0.259,8.848506,1.512091
2024-06-06,8.17,8.2,8.09,8.1,22101500.0,179912048.4,0.3309,8.79422,1.502815
2024-06-07,8.19,8.2,8.1,8.19,20786963.0,169814744.45,0.3112,8.891934,1.519512
2024-06-11,8.19,8.25,8.14,8.16,19404064.0,158941281.16,0.2905,8.859363,1.513946
2024-06-12,8.16,8.41,8.13,8.4,38556418.0,320790912.76,0.5772,9.119932,1.558474
2024-06-13,8.39,8.48,8.36,8.37,31173758.0,262482178.38,0.4667,9.087361,1.552908
2024-06-14,8.34,8.5,7.95,8.03,91480587.0,746528521.98,1.3696,8.718221,1.489827
2024-06-17,8.03,8.26,7.98,8.16,35078257.0,286521593.68,0.5252,8.859363,1.513946
2024-06-18,8.18,8.26,8.12,8.19,20581786.0,168480411.86,0.3081,8.891934,1.519512
2024-06-19,8.16,8.22,8.14,8.17,12074956.0,98744469.72,0.1808,8.87022,1.515802
2024-06-20,8.16,8.18,8.11,8.15,12822740.0,104488208.2,0.192,8.848506,1.512091
2024-06-21,8.15,8.19,8.1,8.14,10361626.0,84436494.78,0.1551,8.837649,1.510236
2024-06-24,8.14,8.19,7.98,8.01,19488747.0,157283904.97,0.2918,8.696507,1.486117
2024-06-25,8.06,8.07,7.85,7.9,18827088.0,149398905.44,0.2819,8.577079,1.465708
2024-06-26,7.86,7.92,7.8,7.9,13626760.0,107039657.8,0.204,8.577079,1.465708
2024-06-27,7.9,7.99,7.87,7.91,13408300.0,106360146.0,0.2007,8.585588,1.467162
2024-06-28,7.94,7.98,7.88,7.89,10982857.0,87111219.92,0.1644,8.56388,1.463452
2024-07-01,7.87,8.15,7.86,8.06,17559570.0,141272888.94,0.2629,8.7484,1.494984
2024-07-02,8.1,8.11,7.97,7.99,17903808.0,143779740.32,0.268,8.672421,1.482001
2024-07-03,7.98,8.04,7.87,7.88,14045784.0,111423485.56,0.2103,8.553026,1.461598
2024-07-04,7.88,7.96,7.74,7.78,14820210.0,116103347.0,0.2219,8.444485,1.443049
2024-07-05,7.77,7.83,7.69,7.79,13922000.0,108046728.6,0.2084,8.455339,1.444904
2024-07-08,7.79,7.8,7.63,7.66,16621307.0,127604498.88,0.2488,8.314236,1.420792
2024-07-09,7.68,7.76,7.59,7.73,12329199.0,94694595.64,0.1846,8.390214,1.433775
2024-07-10,7.71,7.74,7.46,7.49,18947676.0,143264454.02,0.2837,8.129716,1.38926
2024-07-11,7.56,7.61,7.52,7.58,12997419.0,98314744.19,0.1946,8.227403,1.405953
2024-07-12,7.54,7.61,7.48,7.52,13536196.0,102068607.75,0.2026,8.162278,1.394824
2024-07-15,7.56,7.64,7.51,7.6,19853361.0,150740328.74,0.2972,8.249111,1.409663
2024-07-16,7.05,7.11,6.9,7.0,26796743.0,187207780.51,0.4012,7.597866,1.298374
2024-07-17,7.0,7.11,6.98,7.07,17795662.0,125620491.38,0.2664,7.673844,1.311357
2024-07-18,7.12,7.12,7.0,7.1,12929980.0,91534413.1,0.1936,7.706407,1.316922
2024-07-19,7.1,7.1,6.99,7.06,15001825.0,105691302.4,0.2246,7.66299,1.309502
2024-07-22,7.06,7.07,6.83,6.88,23304060.0,161045386.0,0.3489,7.467616,1.276116
2024-07-23,6.88,6.89,6.63,6.64,22901516.0,153986536.86,0.3429,7.207118,1.2316
2024-07-24,6.61,6.64,6.46,6.51,19601877.0,127930803.57,0.2935,7.066015,1.207487
2024-07-25,6.47,6.51,6.25,6.36,27681063.0,175589634.57,0.4144,6.903204,1.179665
2024-07-26,6.38,6.42,6.33,6.41,15100339.0,96129658.76,0.2261,6.957474,1.188939
2024-07-29,6.39,6.43,6.35,6.37,13026768.0,83195953.1,0.195,6.914058,1.18152
2024-07-30,6.36,6.37,6.19,6.2,22733745.0,142441282.55,0.3403,6.729538,1.149988
2024-07-31,6.2,6.32,6.14,6.3,23460188.0,146852488.61,0.3512,6.838079,1.168536
2024-08-01,6.3,6.36,6.24,6.26,20824360.0,130864665.6,0.3118,6.794663,1.161117
2024-08-02,6.23,6.31,6.21,6.26,14051547.0,88128551.62,0.2104,6.794663,1.161117
2024-08-05,6.21,6.35,6.17,6.18,19161332.0,119655445.2,0.2869,6.70783,1.146278
2024-08-06,6.21,6.23,6.1,6.21,15631920.0,96322586.2,0.234,6.740392,1.151843
2024-08-07,6.2,6.3,6.18,6.29,16134215.0,101172749.28,0.2415,6.827225,1.166681
2024-08-08,6.28,6.29,6.18,6.23,13426034.0,83553017.8,0.201,6.7621,1.155552
2024-08-09,6.25,6.29,6.22,6.23,12960791.0,81081460.67,0.194,6.7621,1.155552
2024-08-12,6.27,6.27,6.17,6.18,9864660.0,61407143.4,0.1477,6.70783,1.146278
2024-08-13,6.23,6.24,6.16,6.2,11272984.0,69801729.72,0.1688,6.729538,1.149988
2024-08-14,6.19,6.26,6.13,6.15,14886150.0,92127251.4,0.2229,6.675268,1.140714
2024-08-15,6.12,6.17,6.08,6.15,16160614.0,99101712.5,0.2419,6.675268,1.140714
2024-08-16,6.17,6.19,6.05,6.07,19538094.0,119184283.42,0.2925,6.588435,1.125875
2024-08-19,6.07,6.08,5.98,6.0,17804883.0,107310978.98,0.2666,6.512456,1.112892
2024-08-20,6.01,6.01,5.86,5.9,21687880.0,127995373.06,0.3247,6.403915,1.094343
2024-08-21,5.87,5.92,5.84,5.87,12508720.0,73457401.1,0.1873,6.371353,1.088779
2024-08-22,5.87,5.9,5.74,5.77,14851280.0,86238260.2,0.2223,6.262812,1.070231
2024-08-23,5.74,5.84,5.7,5.84,19173938.0,110626255.88,0.2871,6.338791,1.083214
2024-08-26,5.86,5.86,5.7,5.81,21402841.0,123820928.0,0.3204,6.306228,1.07765
2024-08-27,5.78,5.93,5.75,5.79,22794280.0,132475748.74,0.3413,6.28452,1.07394
2024-08-28,5.74,5.78,5.68,5.72,16956019.0,97000326.31,0.2538,6.208542,1.060957
2024-08-29,5.72,5.72,5.53,5.62,22563900.0,126480038.6,0.3378,6.100001,1.042408
2024-08-30,5.55,5.74,5.54,5.65,34480940.0,195087994.32,0.5162,6.132563,1.047973
2024-09-02,5.68,5.69,5.33,5.5,54097935.0,293821542.06,0.8099,7.31978,1.089937
2024-09-03,5.43,5.45,5.37,5.42,23710979.0,128407961.38,0.355,7.213311,1.074084
2024-09-04,5.41,5.51,5.36,5.42,22542033.0,122832407.51,0.3375,7.213311,1.074084
2024-09-05,5.42,5.54,5.41,5.53,16690563.0,91323653.46,0.2499,7.359706,1.095882
2024-09-06,5.51,5.62,5.49,5.5,15426880.0,85758713.2,0.231,7.31978,1.089937
2024-09-09,5.42,5.48,5.28,5.31,24654927.0,131940931.05,0.3691,7.066915,1.052285
2024-09-10,5.31,5.36,5.19,5.35,22043825.0,116109386.9,0.33,7.12015,1.060212
2024-09-11,5.34,5.43,5.29,5.42,16620862.0,89380113.81,0.2488,7.213311,1.074084
2024-09-12,5.42,5.53,5.41,5.43,18146904.0,99309658.44,0.2708,7.226619,1.076065
2024-09-13,5.43,5.53,5.41,5.47,22274440.0,122133189.4,0.3324,7.279854,1.083992
2024-09-18,5.47,5.62,5.44,5.6,19056383.0,105553860.77,0.2844,7.452867,1.109754
2024-09-19,5.63,5.78,5.61,5.75,23270919.0,132998193.91,0.3473,7.652498,1.13948
2024-09-20,5.76,5.76,5.59,5.66,19663271.0,111111367.73,0.2935,7.532719,1.121645
2024-09-23,5.65,5.85,5.6,5.78,21313917.0,122652126.76,0.3181,7.692424,1.145425
2024-09-24,5.81,5.94,5.76,5.93,26346537.0,154354437.4,0.3932,7.892054,1.175151
2024-09-25,5.97,6.15,5.97,6.01,30244040.0,183768714.6,0.4514,7.998523,1.191004
2024-09-26,6.02,6.31,6.01,6.31,35350164.0,218193382.36,0.5276,8.397784,1.250455
2024-09-27,6.39,6.48,6.35,6.46,19709124.0,126335251.12,0.2942,8.597415,1.280181
2024-09-30,6.56,7.05,6.56,7.03,68833123.0,468565501.55,1.0273,9.35601,1.393138
2024-10-08,7.73,7.73,7.03,7.31,74428299.0,548075665.1,1.1109,9.728653,1.448626
2024-10-09,7.2,7.2,6.62,6.68,62123296.0,426642782.35,0.9272,8.890206,1.323778
2024-10-10,6.68,7.3,6.51,7.11,79989002.0,559334161.97,1.1939,9.46248,1.408992
2024-10-11,7.12,7.14,6.67,6.76,43955647.0,300261613.86,0.656,8.996675,1.339632
2024-10-14,7.14,7.38,7.02,7.38,107450011.0,774372968.54,1.6037,9.821814,1.462498
2024-10-15,7.47,7.75,7.16,7.54,112869676.0,851748917.24,1.6846,10.034753,1.494205
2024-10-16,7.85,8.29,7.85,8.29,193147347.0,1584254704.3,2.8828,11.032905,1.642833
2024-10-17,8.55,9.12,8.5,9.0,355375034.0,3167242450.91,5.304,11.977822,1.783534
2024-10-18,8.2,8.84,8.1,8.4,248249292.0,2073606289.16,3.7052,11.179301,1.664632
2024-10-21,8.4,8.4,7.7,7.9,182246268.0,1444500580.76,2.7201,10.513866,1.565546
2024-10-22,7.9,8.35,7.71,7.98,148887643.0,1197191012.71,2.2222,10.620336,1.5814
2024-10-23,7.98,7.98,7.69,7.71,129813917.0,1007832423.77,1.9375,10.261001,1.527894
2024-10-24,7.64,7.64,7.32,7.39,104215956.0,773034037.31,1.5554,9.835123,1.464479
2024-10-25,7.32,7.51,7.3,7.47,73733899.0,548114455.38,1.1005,9.941592,1.480333
2024-10-28,7.42,7.73,7.33,7.73,113205341.0,855026601.78,1.6896,10.287618,1.531857
2024-10-29,7.73,7.75,7.45,7.47,89462848.0,677262523.92,1.3352,9.941592,1.480333
2024-10-30,7.46,7.47,7.22,7.27,85368266.0,623839692.14,1.2741,9.675419,1.440699
2024-10-31,7.27,7.69,7.27,7.65,131703494.0,997945459.26,1.9657,11.066761,1.46688
2024-11-01,7.66,7.69,7.32,7.38,88582140.0,660693183.86,1.3221,10.67617,1.415108
2024-11-04,7.38,7.45,7.25,7.44,48214453.0,355241740.31,0.7196,10.762968,1.426613
2024-11-05,7.51,7.65,7.47,7.65,85132798.0,645720034.13,1.2706,11.066761,1.46688
2024-11-06,7.7,7.93,7.52,7.75,110855921.0,853160380.18,1.6545,11.211425,1.486055
2024-11-07,7.73,8.1,7.63,8.07,126803723.0,1009527560.96,1.8926,11.673606,1.547316
2024-11-08,8.09,8.15,7.81,7.86,88275782.0,696703566.13,1.3175,11.369831,1.507051
2024-11-11,7.85,7.88,7.66,7.87,67341028.0,522808453.75,1.0051,11.384297,1.508969
2024-11-12,7.87,7.88,7.69,7.72,52818069.0,410359620.8,0.7883,11.167315,1.480208
2024-11-13,7.7,7.93,7.66,7.76,48142440.0,375957254.75,0.7185,11.225177,1.487878
2024-11-14,7.75,7.8,7.6,7.61,38833284.0,298558560.83,0.5796,11.008196,1.459117
2024-11-15,7.62,7.7,7.48,7.49,35074358.0,266337588.78,0.5235,10.83461,1.436109
2024-11-18,7.55,7.68,7.45,7.48,40092465.0,302833812.42,0.5984,10.820145,1.434191
2024-11-19,7.48,7.53,7.33,7.53,32766761.0,243582536.17,0.489,10.892472,1.443778
2024-11-20,7.51,7.53,7.43,7.5,30202190.0,225857835.3,0.4508,10.849076,1.438026
2024-11-21,7.47,7.54,7.37,7.43,31298660.0,232645377.2,0.4671,10.747818,1.424605
2024-11-22,7.44,7.46,7.25,7.25,37941289.0,279081610.54,0.5663,10.48744,1.390092
2024-11-25,7.23,7.45,7.21,7.35,41458031.0,304240804.76,0.6188,10.632094,1.409266
2024-11-26,7.36,7.36,7.2,7.24,22817368.0,165667653.31,0.3406,10.472974,1.388175
2024-11-27,7.23,7.35,7.18,7.34,29182628.0,212452286.93,0.4356,10.617629,1.407348
2024-11-28,7.31,7.44,7.28,7.31,24416141.0,179106919.72,0.3644,10.574233,1.401596
2024-11-29,7.3,7.46,7.28,7.45,35822475.0,264642478.76,0.5347,10.776749,1.428439
2024-12-02,7.44,7.66,7.4,7.61,48048842.0,364526406.23,0.7171,11.008196,1.459117
2024-12-03,7.58,7.7,7.5,7.69,35823300.0,272909659.83,0.5347,11.123919,1.474456
2024-12-04,7.65,7.67,7.52,7.57,25060220.0,190119908.0,0.374,10.950334,1.451448
2024-12-05,7.66,7.91,7.59,7.61,38603796.0,296463979.75,0.5762,11.008196,1.459117
2024-12-06,7.6,7.8,7.56,7.72,39566022.0,304658543.78,0.5905,11.167315,1.480208
2024-12-09,7.77,7.77,7.65,7.71,23682925.0,182603164.28,0.3535,11.15285,1.478291
2024-12-10,7.85,7.88,7.62,7.65,38415508.0,296389059.68,0.5734,11.066057,1.466787
2024-12-11,7.59,7.67,7.58,7.62,25770038.0,196126071.9,0.3846,11.022661,1.461035
2024-12-12,7.6,7.6,7.5,7.56,30626410.0,230791539.2,0.4571,10.935868,1.44953
2024-12-13,7.56,7.56,7.39,7.4,38353538.0,285462916.13,0.5724,10.704421,1.418852
2024-12-16,7.4,7.44,7.34,7.38,27336998.0,201869010.46,0.408,10.675491,1.415018
2024-12-17,7.4,7.52,7.35,7.41,25275397.0,188205308.12,0.3772,10.718887,1.42077
2024-12-18,7.45,7.52,7.43,7.44,21142549.0,158124459.53,0.3156,10.762283,1.426522
2024-12-19,7.4,7.63,7.37,7.54,34486622.0,259928525.07,0.5147,10.906937,1.445696
2024-12-20,7.53,7.62,7.49,7.55,23283623.0,176075376.42,0.3475,10.921403,1.447613
2024-12-23,7.52,7.63,7.43,7.43,24140459.0,181632554.94,0.3603,10.747818,1.424605
2024-12-24,7.44,7.49,7.4,7.48,16812543.0,125412461.4,0.2509,10.820145,1.434191
2024-12-25,7.5,7.52,7.34,7.37,19734340.0,146017264.2,0.2945,10.661025,1.4131
2024-12-26,7.36,7.37,7.25,7.3,22271428.0,162626345.28,0.3324,10.559767,1.399679
2024-12-27,7.31,7.37,7.26,7.29,19526758.0,142566901.44,0.2914,10.545302,1.397761
2024-12-30,7.29,7.39,7.22,7.34,25818943.0,188536757.68,0.3854,10.617629,1.407348
2024-12-31,7.36,7.37,7.27,7.28,20996247.0,153635976.96,0.3134,10.530836,1.395844
2025-01-02,7.27,7.34,7.07,7.13,29584528.0,212644260.75,0.4416,10.313855,1.367084
2025-01-03,7.12,7.22,7.06,7.08,20533513.0,146363638.9,0.3065,10.241528,1.357497
2025-01-06,7.06,7.24,7.05,7.24,30413947.0,218270602.64,0.4539,10.472974,1.388175
2025-01-07,7.2,7.29,7.14,7.21,20716350.0,148915749.0,0.3092,10.429578,1.382422
2025-01-08,7.2,7.39,7.15,7.36,37648462.0,275337043.28,0.5619,10.64656,1.411183
2025-01-09,7.35,7.38,7.25,7.3,21577154.0,157377361.11,0.322,10.559767,1.399679
2025-01-10,7.3,7.35,7.08,7.08,23279108.0,166677721.22,0.3474,10.241528,1.357497
2025-01-13,7.08,7.13,6.96,7.08,16364007.0,115182750.91,0.2442,10.241528,1.357497
2025-01-14,7.06,7.18,7.06,7.16,14758862.0,105331036.57,0.2203,10.357251,1.372836
2025-01-15,7.16,7.23,7.1,7.16,11439663.0,81978230.05,0.1707,10.357251,1.372836
2025-01-16,7.21,7.22,7.07,7.08,17427780.0,124004118.0,0.26,10.241528,1.357497
2025-01-17,7.07,7.09,6.93,7.05,17241967.0,120851123.68,0.2572,10.198131,1.351745
2025-01-20,7.09,7.12,7.0,7.01,14659100.0,103223315.6,0.2187,10.140269,1.344075
2025-01-21,7.03,7.05,6.86,6.89,20876551.0,144278810.39,0.3114,9.966684,1.321067
2025-01-22,6.86,6.89,6.76,6.84,12564655.0,85645191.39,0.1874,9.894357,1.31148
2025-01-23,6.91,6.96,6.85,6.86,16881643.0,116424118.61,0.2518,9.923288,1.315315
2025-01-24,6.85,7.15,6.84,7.08,32225008.0,226454800.9,0.4807,10.241528,1.357497
2025-01-27,7.09,7.24,7.09,7.18,19242534.0,138064507.27,0.287,10.386182,1.37667
2025-02-05,7.18,7.2,6.98,7.03,28664435.0,202071517.2,0.4276,10.1692,1.34791
2025-02-06,7.05,7.1,6.98,7.09,22557217.0,158857582.79,0.3365,10.255993,1.359414
2025-02-07,7.05,7.12,7.02,7.06,28435721.0,201006986.69,0.4242,10.212597,1.353662
2025-02-10,7.06,7.08,6.96,6.98,31957333.0,223376128.71,0.4767,10.096873,1.338323
2025-02-11,6.97,7.06,6.94,6.97,26021929.0,181836300.69,0.3882,10.082408,1.336406
2025-02-12,6.97,6.97,6.88,6.94,22367140.0,154608227.2,0.3337,10.039011,1.330654
2025-02-13,6.95,6.99,6.92,6.93,19280729.0,134149688.47,0.2876,10.024546,1.328736
2025-02-14,6.94,7.16,6.9,7.09,42683315.0,300850639.17,0.6367,10.255993,1.359414
2025-02-17,7.09,7.12,7.0,7.11,25174810.0,177952578.79,0.3755,10.284924,1.363249
2025-02-18,7.11,7.16,7.02,7.03,16900327.0,119767081.41,0.2521,10.1692,1.34791
2025-02-19,7.03,7.08,6.93,6.97,22578833.0,157624493.35,0.3368,10.082408,1.336406
2025-02-20,6.93,7.05,6.88,7.03,23048217.0,160743824.74,0.3438,10.1692,1.34791
2025-02-21,7.03,7.13,7.0,7.0,25938689.0,182754669.64,0.3869,10.125804,1.342158
2025-02-24,7.05,7.3,7.05,7.2,41828164.0,301486658.56,0.624,10.415113,1.380505
2025-02-25,7.2,7.22,7.08,7.13,25577240.0,183082711.4,0.3815,10.313855,1.367084
2025-02-26,7.19,7.24,7.15,7.22,20164976.0,145169325.62,0.3008,10.444044,1.38434
2025-02-27,7.23,7.32,7.18,7.32,26700268.0,193841571.42,0.3983,10.588698,1.403514
2025-02-28,7.34,7.47,7.3,7.34,38560382.0,284756482.77,0.5752,10.617629,1.407348
2025-03-03,7.34,7.5,7.31,7.41,29584156.0,219459283.27,0.4413,10.718887,1.42077
2025-03-04,7.41,7.43,7.28,7.38,21541364.0,158335596.66,0.3213,10.675491,1.415018
2025-03-05,7.38,7.44,7.35,7.38,18531931.0,137078737.75,0.2764,10.675491,1.415018
2025-03-06,7.4,7.4,7.28,7.3,28182220.0,206174044.44,0.4204,10.557071,1.399321
2025-03-07,7.29,7.45,7.22,7.42,37015359.0,273176835.4,0.5522,10.730612,1.422324
2025-03-10,7.39,7.44,7.27,7.43,22393106.0,165363990.99,0.334,10.745074,1.424241
2025-03-11,7.35,7.61,7.35,7.61,37666940.0,283108743.16,0.5619,11.005385,1.458745
2025-03-12,7.63,7.83,7.58,7.79,48396661.0,375620703.58,0.7219,11.265696,1.493248
2025-03-13,7.78,7.9,7.77,7.82,40887895.0,320678452.59,0.6099,11.309082,1.498999
2025-03-14,7.82,7.92,7.75,7.81,36791689.0,288087727.4,0.5488,11.29462,1.497082
2025-03-17,7.86,8.06,7.79,8.05,44654434.0,355583915.71,0.6661,11.641702,1.543087
2025-03-18,8.06,8.14,7.99,8.13,31756897.0,256597931.36,0.4737,11.757396,1.558422
2025-03-19,8.13,8.22,8.1,8.21,31373183.0,256315398.85,0.468,11.87309,1.573757
2025-03-20,8.2,8.24,8.14,8.16,24713011.0,202065221.14,0.3687,11.800781,1.564173
2025-03-21,8.15,8.38,8.15,8.21,27982084.0,230602183.23,0.4174,11.87309,1.573757
2025-03-24,8.2,8.29,8.0,8.11,37941509.0,308340388.24,0.566,11.728472,1.554589
2025-03-25,8.13,8.21,8.07,8.15,24489741.0,199883217.28,0.3653,11.786319,1.562256
2025-03-26,8.17,8.2,8.02,8.11,22482820.0,182011889.2,0.3354,11.728472,1.554589
2025-03-27,8.13,8.18,8.04,8.12,14215951.0,115218851.02,0.2121,11.742934,1.556506
2025-03-28,8.1,8.16,8.03,8.07,12993202.0,105134541.5,0.1938,11.670625,1.546921
2025-03-31,8.07,8.1,7.89,7.94,21832134.0,173927026.53,0.3257,11.482622,1.522002
2025-04-01,7.94,8.03,7.85,8.0,22297115.0,176581831.3,0.3326,11.569393,1.533503
2025-04-02,8.05,8.46,8.01,8.3,52506172.0,435098276.74,0.7832,12.003245,1.591009
2025-04-03,8.2,8.64,8.2,8.53,49792396.0,425268572.38,0.7428,12.335865,1.635098
2025-04-07,8.3,8.66,8.02,8.35,71124178.0,596094655.56,1.061,12.075554,1.600594
2025-04-08,8.4,8.56,8.25,8.56,59928034.0,504798647.41,0.894,12.37925,1.640848
2025-04-09,8.5,8.7,8.29,8.7,57692939.0,489355233.56,0.8606,12.581715,1.667684
2025-04-10,8.74,8.74,8.45,8.65,41936217.0,359597292.26,0.6256,12.509406,1.6581
2025-04-11,8.58,8.58,8.4,8.46,23503821.0,198688830.83,0.3506,12.234633,1.621679
2025-04-14,8.45,8.5,8.32,8.5,32144991.0,270141652.26,0.4795,12.29248,1.629347
2025-04-15,8.51,8.51,8.28,8.4,16684150.0,139544946.4,0.2489,12.147863,1.610178
2025-04-16,8.4,8.6,8.29,8.59,35792591.0,302766711.02,0.5339,12.422636,1.646599
2025-04-17,8.51,8.6,8.44,8.6,20365569.0,174029183.25,0.3038,12.437097,1.648516
2025-04-18,8.56,8.64,8.48,8.6,15432226.0,132700933.06,0.2302,12.437097,1.648516
2025-04-21,8.6,8.6,8.4,8.5,24924140.0,211892962.4,0.3718,12.29248,1.629347
2025-04-22,8.49,8.64,8.39,8.5,24534066.0,208871677.97,0.366,12.29248,1.629347
2025-04-23,8.5,8.57,8.12,8.5,39352048.0,330581685.61,0.587,10.268614,1.547671
2025-04-24,8.54,8.9,8.45,8.85,46548441.0,407219999.75,0.6944,10.691439,1.611399
2025-04-25,8.9,8.92,8.72,8.86,19378479.0,170756420.72,0.2891,10.70352,1.61322
2025-04-28,8.82,8.89,8.61,8.83,21169709.0,186425483.49,0.3158,10.667278,1.607757
2025-04-29,8.78,8.93,8.78,8.91,18167249.0,160862106.34,0.271,10.763924,1.622324
2025-04-30,8.81,8.89,8.5,8.69,44791140.0,387861040.2,0.6682,10.472802,1.523136
2025-05-06,8.62,9.0,8.58,8.91,32465440.0,287484428.53,0.4843,10.737936,1.561697
2025-05-07,8.98,9.04,8.82,9.04,23140780.0,206155555.4,0.3452,10.894606,1.584483
2025-05-08,9.0,9.1,8.9,9.05,16143184.0,145954930.06,0.2408,10.906658,1.586235
2025-05-09,9.05,9.32,9.02,9.28,22701082.0,208869333.16,0.3386,11.183843,1.626548
2025-05-12,9.29,9.3,9.09,9.23,18694706.0,172172876.73,0.2789,11.123586,1.617785
2025-05-13,9.24,9.56,9.15,9.27,33350283.0,312111846.01,0.4975,11.171792,1.624796
2025-05-14,9.26,9.3,9.16,9.27,15322566.0,141810488.29,0.2286,11.171792,1.624796
2025-05-15,9.26,9.32,9.25,9.29,12100605.0,112359191.7,0.1805,11.195895,1.628301
2025-05-16,9.28,9.33,9.2,9.31,12433109.0,115365816.01,0.1855,11.219998,1.631807
2025-05-19,9.31,9.33,9.09,9.2,18712129.0,172670435.66,0.2791,11.087431,1.612527
2025-05-20,9.25,9.35,9.23,9.25,14148360.0,131325109.56,0.2111,11.147689,1.62129
2025-05-21,9.26,9.35,9.2,9.32,15317128.0,142270781.64,0.2285,11.23205,1.633559
2025-05-22,9.3,9.34,9.27,9.3,9221480.0,85744002.76,0.1376,11.207947,1.630054
2025-05-23,9.33,9.35,9.23,9.24,13661420.0,126741180.18,0.2038,11.135637,1.619538
2025-05-26,9.25,9.29,9.15,9.26,12928732.0,119430043.62,0.1929,11.15974,1.623043
2025-05-27,9.29,9.32,9.17,9.26,12513740.0,115730006.56,0.1867,11.15974,1.623043
2025-05-28,9.28,9.35,9.23,9.33,9569123.0,88888522.83,0.1427,11.244101,1.635312
2025-05-29,9.34,9.38,9.2,9.26,13547091.0,125559260.78,0.2021,11.15974,1.623043
2025-05-30,9.2,9.45,9.2,9.26,14890756.0,138836372.12,0.2221,11.15974,1.623043
2025-06-03,9.31,9.44,9.15,9.3,25417132.0,236162887.06,0.3792,11.207947,1.630054
2025-06-04,9.26,9.38,9.24,9.33,10065064.0,93549695.18,0.1501,11.244101,1.635312
2025-06-05,9.33,9.45,9.29,9.42,14190955.0,133085846.33,0.2117,11.352565,1.651087
2025-06-06,9.41,9.65,9.35,9.53,17577480.0,166998031.6,0.2622,11.485132,1.670367
2025-06-09,9.52,9.55,9.33,9.39,22571312.0,212181462.61,0.3367,11.316411,1.645829
2025-06-10,9.44,9.52,9.28,9.47,14124354.0,133073239.78,0.2107,11.412823,1.659851
2025-06-11,9.4,9.49,9.4,9.4,11253972.0,106086283.95,0.1679,11.328462,1.647581
2025-06-12,9.42,9.48,9.36,9.43,12461006.0,117400372.22,0.1859,11.364617,1.65284
2025-06-13,9.49,9.67,9.42,9.61,21585108.0,207348858.82,0.322,11.581545,1.684389
2025-06-16,9.62,9.74,9.59,9.7,13288183.0,128539393.22,0.1982,11.690009,1.700164
2025-06-17,9.74,9.8,9.69,9.74,8904312.0,86667857.51,0.1328,11.738215,1.707175
2025-06-18,9.74,9.9,9.72,9.88,14250865.0,139891895.86,0.2126,11.906937,1.731713
2025-06-19,9.9,9.9,9.76,9.84,11071175.0,108732498.6,0.1652,11.858731,1.724702
2025-06-20,9.84,9.85,9.73,9.78,14436284.0,141408610.68,0.2153,11.786421,1.714186
2025-06-23,9.79,9.92,9.69,9.87,12968852.0,127346032.96,0.1935,11.894885,1.729961
2025-06-24,9.9,9.93,9.83,9.89,10881710.0,107497648.94,0.1623,11.918988,1.733466
2025-06-25,9.9,10.08,9.86,10.05,15477262.0,154944849.89,0.2309,12.111813,1.76151
2025-06-26,10.07,10.16,9.96,10.07,12486529.0,125593193.8,0.1863,12.135916,1.765015
2025-06-27,10.06,10.13,9.83,9.96,25033813.0,249209265.75,0.3734,12.003349,1.745735
2025-06-30,10.01,10.13,9.9,9.9,16109904.0,160896223.64,0.2403,11.93104,1.735219
2025-07-01,9.91,9.92,9.61,9.89,26536464.0,259867720.52,0.3959,11.918988,1.733466
2025-07-02,9.91,9.91,9.26,9.3,41989197.0,398908947.35,0.6264,11.207947,1.630054
2025-07-03,9.37,9.46,9.3,9.4,25687537.0,240735473.21,0.3832,11.328462,1.647581
2025-07-04,9.4,9.5,9.34,9.46,17541216.0,165440985.88,0.2617,11.400771,1.658098
2025-07-07,9.46,9.75,9.39,9.7,22381156.0,215636512.36,0.3339,11.690009,1.700164
2025-07-08,9.74,9.79,9.54,9.55,20032724.0,192919352.84,0.2988,11.509235,1.673873
2025-07-09,9.55,9.62,9.46,9.48,14270868.0,135767629.74,0.2129,11.424875,1.661603
2025-07-10,9.45,9.5,8.98,9.05,61163533.0,558214514.9,0.9124,10.906658,1.586235
2025-07-11,8.67,8.73,8.6,8.6,38712013.0,334793030.25,0.5775,10.364338,1.507362
2025-07-14,8.61,8.73,8.52,8.57,35442625.0,304621671.6,0.5278,10.328183,1.502104
2025-07-15,8.54,8.69,8.54,8.59,22244377.0,191473281.66,0.3312,10.352286,1.505609
2025-07-16,8.59,8.67,8.53,8.56,17784475.0,152572522.43,0.2648,10.316131,1.500351
2025-07-17,8.56,8.7,8.56,8.61,24984758.0,215769431.18,0.372,10.376389,1.509114
2025-07-18,8.61,8.65,8.51,8.53,18722900.0,160112853.2,0.2788,10.279977,1.495093
2025-07-21,8.72,8.98,8.66,8.95,87281297.0,769800028.29,1.2997,10.786142,1.568708
2025-07-22,9.09,9.09,8.62,8.8,94309734.0,825253243.78,1.4043,10.605369,1.542417
2025-07-23,9.2,9.23,8.84,8.98,101958874.0,923919166.95,1.5182,10.822297,1.573966
2025-07-24,8.8,8.85,8.64,8.8,61212015.0,535664473.6,0.9115,10.605369,1.542417
2025-07-25,8.76,8.76,8.56,8.57,48838491.0,420162212.02,0.7272,10.328183,1.502104
2025-07-28,8.57,8.57,8.31,8.38,54002571.0,453130289.83,0.8041,10.099203,1.468801
2025-07-29,8.35,8.43,8.32,8.4,27496580.0,230119790.66,0.4094,10.123307,1.472307
2025-07-30,8.37,8.45,8.3,8.4,31592758.0,264660353.61,0.4704,10.123307,1.472307
2025-07-31,8.4,8.41,8.26,8.31,27099156.0,224766097.68,0.4035,10.014843,1.456532
2025-08-01,8.21,8.34,8.21,8.27,19244713.0,159340728.31,0.2866,9.966636,1.449521
2025-08-04,8.25,8.43,8.23,8.35,36323053.0,303955661.02,0.5409,10.063049,1.463543
2025-08-05,8.35,8.44,8.32,8.42,24784664.0,208127900.18,0.3691,10.14741,1.475812
2025-08-06,8.44,8.44,8.3,8.34,32620926.0,271894564.26,0.4858,10.050997,1.46179
2025-08-07,8.43,8.47,8.35,8.39,29125087.0,244715018.08,0.4337,10.111255,1.470554
2025-08-08,8.39,8.5,8.35,8.47,32189236.0,271620582.0,0.4793,10.207667,1.484576
2025-08-11,8.48,8.51,8.39,8.42,24943263.0,210522856.04,0.3714,10.14741,1.475812
2025-08-12,8.42,8.43,8.35,8.38,20094961.0,168476291.99,0.2992,10.099203,1.468801
2025-08-13,8.39,8.4,8.35,8.36,20762013.0,173763930.8,0.3092,10.0751,1.465296
2025-08-14,8.5,8.67,8.4,8.42,63422753.0,541416739.76,0.9444,10.14741,1.475812
2025-08-15,8.33,8.44,8.17,8.39,43736580.0,362462005.4,0.6513,10.111255,1.470554
2025-08-18,8.36,8.39,8.28,8.33,29064100.0,242355445.79,0.4328,10.038946,1.460038
2025-08-19,8.33,8.35,8.21,8.23,35550652.0,293373921.04,0.5294,9.91843,1.44251
2025-08-20,8.24,8.31,8.2,8.3,22820995.0,188288214.59,0.3398,10.002791,1.454779
2025-08-21,8.3,8.42,8.28,8.36,25605677.0,214207567.38,0.3813,10.0751,1.465296
2025-08-22,8.34,8.35,8.28,8.32,20062644.0,166647924.64,0.2987,10.026894,1.458285
2025-08-25,8.32,8.39,8.31,8.37,30696553.0,256122517.14,0.4571,10.087152,1.467049
2025-08-26,8.37,8.72,8.35,8.62,72088289.0,615962727.44,1.0735,10.388441,1.510867
2025-08-27,8.63,8.68,8.53,8.53,45874746.0,394402115.26,0.6831,10.279977,1.495093
2025-08-28,8.53,8.56,8.35,8.45,28555366.0,241389454.48,0.4252,10.166671,1.478614
2025-08-29,8.44,8.69,8.41,8.66,46535012.0,400253896.47,0.6929,10.419334,1.51536
2025-09-01,8.52,9.28,8.52,8.91,101030519.0,909704226.27,1.5044,11.403077,1.627336
2025-09-02,8.91,9.11,8.79,8.92,43208966.0,385250871.62,0.6434,11.415875,1.629162
2025-09-03,8.94,8.94,8.79,8.89,25886726.0,229245224.71,0.3855,11.377481,1.623683
2025-09-04,8.88,8.9,8.67,8.76,27476789.0,240956336.07,0.4092,11.211106,1.59994
2025-09-05,8.76,8.84,8.71,8.79,20317834.0,178315884.43,0.3025,11.2495,1.605419
2025-09-08,8.8,9.02,8.76,8.99,26252218.0,234223276.58,0.3909,11.505462,1.641947
2025-09-09,8.99,9.03,8.88,8.91,19648483.0,175647007.3,0.2926,11.403077,1.627336
2025-09-10,8.91,8.97,8.78,8.81,19641653.0,173887912.28,0.2925,11.275097,1.609072
2025-09-11,8.75,8.8,8.6,8.71,31923018.0,277027612.68,0.4754,11.147116,1.590807
2025-09-12,8.71,8.8,8.66,8.66,19541600.0,170478777.2,0.291,11.083126,1.581675
2025-09-15,8.66,8.71,8.6,8.65,17723073.0,153402056.48,0.2639,11.070328,1.579849
2025-09-16,8.64,8.74,8.62,8.67,17151990.0,148653084.2,0.2554,11.095924,1.583502
2025-09-17,8.67,8.87,8.63,8.77,27830371.0,244437678.62,0.4144,11.223904,1.601766
2025-09-18,8.77,8.84,8.38,8.42,41454533.0,354219174.25,0.6173,10.775972,1.537841
2025-09-19,8.4,8.68,8.4,8.6,28754816.0,247200964.95,0.4282,11.006337,1.570717
2025-09-22,8.58,8.64,8.37,8.48,18051151.0,152365256.9,0.2688,10.85276,1.5488
2025-09-23,8.5,8.54,8.38,8.49,17928860.0,151554939.66,0.267,10.865558,1.550626
2025-09-24,8.41,8.48,8.38,8.47,12510080.0,105685672.54,0.1863,10.839962,1.546974
2025-09-25,8.46,8.5,8.33,8.38,21692840.0,181711961.94,0.323,10.72478,1.530536
2025-09-26,8.35,8.4,8.25,8.32,19906809.0,166007667.37,0.2964,10.647991,1.519577
2025-09-29,8.31,8.43,8.21,8.24,40441959.0,335697281.81,0.6022,10.545607,1.504966
2025-09-30,8.26,8.33,8.07,8.09,39712370.0,324174293.51,0.5913,10.353636,1.47757
2025-10-09,8.16,8.3,7.97,8.03,66510021.0,537133109.8,0.9904,10.276847,1.466611
2025-10-10,8.03,8.2,7.98,8.06,42587644.0,344014568.34,0.6342,10.315242,1.472091
2025-10-13,7.98,8.34,7.9,8.31,56659369.0,463376297.58,0.8437,10.635193,1.517751
2025-10-14,8.28,8.54,8.23,8.43,43310777.0,363534337.15,0.6449,10.78877,1.539668
2025-10-15,8.43,8.7,8.4,8.58,32320705.0,277199546.25,0.4813,10.980741,1.567064
2025-10-16,8.57,8.67,8.49,8.54,18996734.0,162739661.08,0.2829,10.929549,1.559758
2025-10-17,8.54,8.72,8.46,8.64,30090672.0,260180607.39,0.4481,11.057529,1.578023
2025-10-20,8.61,8.63,8.44,8.58,19873252.0,169663131.46,0.2959,10.980741,1.567064
2025-10-21,8.59,8.69,8.53,8.54,27524144.0,236516486.16,0.4099,10.929549,1.559758
2025-10-22,8.53,8.93,8.52,8.86,43752736.0,382823235.52,0.6515,11.339087,1.618204
2025-10-23,8.8,8.93,8.68,8.82,24509308.0,215615559.95,0.365,11.287895,1.610898
2025-10-24,8.82,8.86,8.76,8.83,27324464.0,240911293.16,0.4069,11.300693,1.612724
2025-10-27,8.84,8.98,8.76,8.84,57415480.0,508033795.42,0.855,11.313491,1.614551
2025-10-28,8.84,8.9,8.66,8.86,29023160.0,255965961.2,0.4322,11.339087,1.618204
2025-10-29,8.86,8.9,8.78,8.85,22379619.0,197836384.15,0.3332,11.326289,1.616377
2025-10-30,8.84,9.1,8.82,9.05,40220491.0,359810719.61,0.5989,11.58225,1.652906
2025-10-31,9.24,9.5,9.04,9.48,67413439.0,632642521.61,1.0038,10.654875,1.657289
2025-11-03,9.48,9.78,9.39,9.74,50414086.0,486487412.27,0.7507,10.947097,1.702742
2025-11-04,9.73,9.85,9.65,9.7,37772556.0,367445997.88,0.5625,10.90214,1.695749
2025-11-05,9.78,9.95,9.64,9.95,30679648.0,300957969.42,0.4568,11.183123,1.739454
2025-11-06,9.87,9.95,9.75,9.86,29365530.0,289529244.02,0.4373,11.081969,1.72372
2025-11-07,9.87,10.0,9.81,9.85,26759653.0,264429392.65,0.3985,11.07073,1.721972
2025-11-10,9.92,10.05,9.72,9.95,42237719.0,419064027.03,0.629,11.183123,1.739454
2025-11-11,10.0,10.0,9.66,9.83,42769875.0,418245517.53,0.6369,11.048251,1.718476
2025-11-12,9.65,9.85,9.51,9.8,42127342.0,410298932.5,0.6273,11.014533,1.713231
2025-11-13,9.8,9.9,9.43,9.51,51419075.0,491704773.62,0.7657,10.688593,1.662534
2025-11-14,9.51,9.64,9.42,9.43,32420059.0,308446102.29,0.4828,10.598679,1.648548
2025-11-17,9.4,9.7,9.36,9.57,32990456.0,316330618.38,0.4913,10.756029,1.673023
2025-11-18,9.66,9.68,9.4,9.45,18125374.0,172332530.12,0.2699,10.621157,1.652044
2025-11-19,9.48,9.51,9.24,9.35,16921341.0,158601439.88,0.252,10.508764,1.634562
2025-11-20,9.37,9.44,9.3,9.33,12751300.0,119372101.2,0.1899,10.486285,1.631066
2025-11-21,9.35,9.36,9.16,9.19,21060430.0,194928645.2,0.3136,10.328935,1.606591
2025-11-24,9.18,9.38,9.16,9.21,18860684.0,174217062.64,0.2809,10.351413,1.610088
2025-11-25,9.22,9.37,9.09,9.28,20076880.0,185602943.0,0.299,10.430089,1.622325
2025-11-26,9.28,9.36,9.21,9.26,12353140.0,114583664.8,0.1839,10.40761,1.618829
2025-11-27,9.3,9.35,9.21,9.28,15220883.0,141310117.13,0.2267,10.430089,1.622325
2025-11-28,9.3,9.45,9.26,9.43,16681261.0,156707105.33,0.2484,10.598679,1.648548
2025-12-01,9.49,9.57,9.12,9.4,27026880.0,252421652.5,0.3109,10.564961,1.643303
2025-12-02,9.4,9.52,9.32,9.44,16807213.0,159005957.79,0.1933,10.609918,1.650296
2025-12-03,9.44,9.49,9.37,9.45,14561362.0,137506040.96,0.1675,10.621157,1.652044
2025-12-04,9.44,9.5,9.37,9.5,17206380.0,162352838.0,0.1979,10.677354,1.660785
2025-12-05,9.47,9.5,9.19,9.25,22503663.0,208688686.01,0.2589,10.396371,1.617081
2025-12-08,9.3,9.4,9.12,9.32,25966819.0,241377634.05,0.2987,10.475046,1.629318
2025-12-09,9.31,9.45,9.14,9.36,26401480.0,245368462.14,0.3037,10.520003,1.636311
2025-12-10,9.34,9.84,9.26,9.75,37936616.0,366909727.09,0.4364,10.958337,1.70449
2025-12-11,9.75,9.91,9.61,9.65,43130412.0,421086678.71,0.4961,10.845944,1.687008
2025-12-12,9.69,10.26,9.6,10.25,94336448.0,948050780.94,1.0852,11.520303,1.7919
2025-12-15,10.03,10.19,9.77,10.12,47209017.0,474781580.93,0.5431,11.374192,1.769173
2025-12-16,10.1,10.22,9.92,10.03,24611986.0,246861116.4,0.2831,11.273038,1.75344
2025-12-17,10.0,10.03,9.77,9.89,26050499.0,257209090.15,0.2997,11.115687,1.728965
2025-12-18,9.9,10.04,9.76,9.87,21195295.0,209230064.08,0.2438,11.093209,1.725469
2025-12-19,9.94,10.02,9.72,9.88,24827269.0,245225254.01,0.2856,11.104448,1.727217
2025-12-22,9.91,9.91,9.62,9.75,25153340.0,244552534.85,0.2893,10.958337,1.70449
2025-12-23,9.76,9.9,9.72,9.84,20832146.0,204765680.26,0.2396,11.059491,1.720224
2025-12-24,9.85,9.9,9.73,9.81,14572343.0,142929988.74,0.1676,11.025773,1.714979
2025-12-25,10.03,10.15,9.81,9.92,22376060.0,221725073.2,0.2574,11.149405,1.73421
2025-12-26,9.88,10.04,9.85,9.95,16616600.0,165454168.29,0.1911,11.183123,1.739454
2025-12-29,9.99,9.99,9.74,9.8,18293122.0,179736627.53,0.2104,11.014533,1.713231
2025-12-30,9.73,10.03,9.67,9.98,18890943.0,187106495.51,0.2173,11.216841,1.744699
2025-12-31,10.02,10.19,9.91,9.95,21051240.0,210667241.8,0.2422,11.183123,1.739454
2026-01-05,9.96,10.12,9.83,9.99,29743547.0,297391163.14,0.3421,11.22808,1.746447
2026-01-06,9.99,10.04,9.78,10.02,24747603.0,245416538.21,0.2847,11.261798,1.751692
2026-01-07,9.94,10.1,9.84,9.89,43944735.0,436757088.78,0.5055,11.115687,1.728965
2026-01-08,9.85,10.3,9.81,10.3,35087599.0,354671055.26,0.4035,11.576499,1.800641
2026-01-09,10.3,10.56,10.23,10.46,30775737.0,320675839.82,0.3539,11.756328,1.828612
2026-01-12,10.37,10.51,10.3,10.45,23844300.0,248558818.02,0.2742,11.745089,1.826864
2026-01-13,10.4,10.65,10.36,10.4,19980087.0,209792847.8,0.2298,11.688893,1.818123
2026-01-14,10.4,10.51,10.19,10.2,24926671.0,257794618.13,0.2867,11.464106,1.783159
2026-01-15,10.2,10.27,10.12,10.22,18727363.0,190988957.06,0.2154,11.486585,1.786655
2026-01-16,10.32,10.47,10.02,10.11,30941695.0,314884530.85,0.3558,11.362952,1.767425
2026-01-19,10.06,10.35,9.99,10.28,22986419.0,234426421.55,0.2643,11.554021,1.797145
2026-01-20,10.31,10.55,10.2,10.43,23556922.0,244663359.66,0.2709,11.72261,1.823368
2026-01-21,10.42,10.53,10.26,10.33,20350717.0,211161654.74,0.234,11.610217,1.805886
2026-01-22,10.33,10.38,10.16,10.18,16226405.0,166162944.38,0.1866,11.441627,1.779663
2026-01-23,10.24,10.25,9.93,9.98,22992419.0,231419454.93,0.2644,11.216841,1.744699
2026-01-26,9.98,10.01,9.81,9.85,31199400.0,308495672.43,0.3588,11.07073,1.721972
2026-01-27,9.85,10.03,9.75,9.78,23531617.0,232645575.18,0.2706,10.992055,1.709735
2026-01-28,9.78,9.85,9.57,9.62,47597157.0,462172418.96,0.5474,10.812226,1.681764
2026-01-29,9.65,9.71,9.5,9.67,34395383.0,330224547.93,0.3955,10.868422,1.690505
2026-01-30,9.61,9.95,9.61,9.71,24917260.0,243714358.6,0.2866,10.913379,1.697498
2026-02-02,9.74,9.94,9.63,9.63,26761180.0,261027730.0,0.3078,10.823465,1.683512
2026-02-03,9.68,9.82,9.63,9.78,17769837.0,173094813.63,0.2044,10.992055,1.709735
2026-02-04,9.77,9.92,9.75,9.8,18270735.0,179653838.2,0.2101,11.014533,1.713231
2026-02-05,9.8,9.91,9.75,9.89,15321163.0,151098835.29,0.1762,11.115687,1.728965
2026-02-06,9.9,9.95,9.75,9.75,14825244.0,145902176.2,0.1705,10.958337,1.70449
2026-02-09,9.81,10.0,9.72,9.91,18775678.0,185641364.2,0.2159,11.138166,1.732461
2026-02-10,9.98,9.99,9.81,9.85,14748181.0,145540221.16,0.1696,11.07073,1.721972
2026-02-11,9.88,9.88,9.71,9.75,11744516.0,114738610.6,0.1351,10.958337,1.70449
2026-02-12,9.78,9.8,9.57,9.64,11373749.0,109874170.36,0.1308,10.834704,1.68526
2026-02-13,9.66,9.66,9.53,9.55,10756697.0,103095294.11,0.1237,10.73355,1.669526
2026-02-24,9.57,9.72,9.47,9.68,20089748.0,193533287.24,0.231,10.879661,1.692253
2026-02-25,9.73,9.9,9.65,9.71,27520608.0,268784210.44,0.3165,10.913379,1.697498
2026-02-26,9.68,9.83,9.68,9.82,13989226.0,136736913.5,0.1609,11.037012,1.716728
2026-02-27,9.84,10.13,9.76,9.94,21386639.0,212978697.23,0.2459,11.171884,1.737706
2026-03-02,9.95,10.28,9.81,10.15,29910929.0,303171418.95,0.344,11.40791,1.774418
2026-03-03,10.1,10.24,10.0,10.07,26816478.0,271067741.91,0.3084,11.317995,1.760433
2026-03-04,10.0,10.22,9.86,10.14,26349683.0,265770900.47,0.303,11.39667,1.77267
2026-03-05,10.13,10.47,10.11,10.44,25951929.0,268862302.41,0.2984,11.73385,1.825116
2026-03-06,10.42,10.63,10.33,10.58,25821012.0,272433162.14,0.2969,11.8912,1.84959
2026-03-09,10.55,10.58,9.98,10.01,34448543.0,351890013.91,0.3962,11.250559,1.749943
2026-03-10,10.12,10.19,9.89,10.01,24462907.0,245674933.11,0.2813,11.250559,1.749943
